1739985840669 0.3444444537162781 0
1739985844757 0.14444445073604584 1
1739985848872 0.0972222238779068 2
1739985852951 0.2916666865348816 3
1739985857035 0.0 4
1739985861119 0.1527777761220932 5
1739985865204 0.21388889849185944 6
1739985869266 0.14722222089767456 7
1739985873361 0.20277778804302216 8
1739985877480 0.16944444179534912 9
1739985881569 0.13055555522441864 10
1739985885690 0.06666667014360428 11
1739985889764 0.04444444552063942 12
1739985893844 0.07222222536802292 13
1739985897945 0.14444445073604584 14
1739985902018 0.21944445371627808 15
1739985906071 0.20000000298023224 16
1739985910136 0.3055555522441864 17
1739985914194 0.236111119389534 18
1739985918267 0.4583333432674408 19
1739985922339 0.17777778208255768 20
1739985926416 0.22500000894069672 21
1739985930492 0.24722222983837128 22
1739985934565 0.49722224473953247 23
1739985938632 0.4583333432674408 24
1739985942744 0.4694444537162781 25
1739985946818 0.42500001192092896 26
1739985950912 0.03333333507180214 27
1739985955028 0.4055555760860443 28
1739985959071 0.236111119389534 29
1739985963087 0.14722222089767456 30
1739985967110 0.3194444477558136 31
1739985971134 0.38333335518836975 32
1739985975149 0.21944445371627808 33
1739985979083 0.14444445073604584 34
1739985983170 0.36666667461395264 35
1739985987090 0.4888888895511627 36
1739985991015 0.16388888657093048 37
1739985994941 0.0833333358168602 38
1739985998857 0.42777779698371887 39
1739986002796 0.47777777910232544 40
1739986006800 0.15555556118488312 41
1739986010870 0.3861111104488373 42
1739986014960 0.4333333373069763 43
1739986019067 0.32777777314186096 44
1739986023187 0.08888889104127884 45
1739986027237 0.4694444537162781 46
1739986031282 0.2527777850627899 47
1739986035355 0.4888888895511627 48
1739986039406 0.12777778506278992 49
1739986043330 0.16944444179534912 50
1739986047273 0.18611112236976624 51
1739986051214 0.11666666716337204 52
1739986055133 0.14722222089767456 53
1739986059052 0.14166666567325592 54
1739986062948 0.125 55
1739986066890 0.09166666865348816 56
1739986070842 0.10277777910232544 57
1739986074775 0.2750000059604645 58
1739986078741 0.11944444477558136 59
1739986082588 0.21111111342906952 60
1739986086395 0.2805555760860443 61
1739986090328 0.15000000596046448 62
1739986094334 0.10277777910232544 63
1739986098329 0.06666667014360428 64
1739986102219 0.0 65
1739986106133 0.2083333432674408 66
1739986109956 0.3055555522441864 67
1739986113770 0.12777778506278992 68
1739986117588 0.0 69
1739986121392 0.0 70
1739986125228 0.02222222276031971 71
1739986129040 0.07777778059244156 72
1739986132970 0.26944446563720703 73
1739986136987 0.011111111380159855 74
1739986140930 0.23888888955116272 75
1739986144806 0.23888888955116272 76
1739986148901 0.0 77
1739986152818 0.18888889253139496 78
1739986156755 0.13333334028720856 79
1739986160730 0.32777777314186096 80
1739986164784 0.05000000074505806 81
1739986168737 0.28333333134651184 82
1739986172730 0.08611111342906952 83
1739986176676 0.35555556416511536 84
1739986180659 0.36666667461395264 85
1739986184584 0.17499999701976776 86
1739986188538 0.5 87
1739986192427 0.2638888955116272 88
1739986196356 0.13055555522441864 89
1739986200308 0.5 90
1739986204270 0.10277777910232544 91
1739986208211 0.2750000059604645 92
1739986212145 0.5 93
1739986216073 0.43611112236976624 94
1739986220165 0.2666666805744171 95
1739986224241 0.16944444179534912 96
1739986228373 0.23333333432674408 97
1739986232449 0.5 98
1739986236521 0.4750000238418579 99
