1739985840669 0.18888889253139496 0
1739985844757 0.32500001788139343 1
1739985848872 0.39444446563720703 2
1739985852951 0.20000000298023224 3
1739985857035 0.4888888895511627 4
1739985861119 0.32500001788139343 5
1739985865204 0.24722222983837128 6
1739985869266 0.37222224473953247 7
1739985873361 0.3305555582046509 8
1739985877480 0.32500001788139343 9
1739985881569 0.347222238779068 10
1739985885690 0.4305555522441864 11
1739985889764 0.42777779698371887 12
1739985893844 0.4000000059604645 13
1739985897945 0.31111112236976624 14
1739985902018 0.2750000059604645 15
1739985906071 0.2805555760860443 16
1739985910136 0.15555556118488312 17
1739985914194 0.25555557012557983 18
1739985918267 0.04722222313284874 19
1739985922339 0.30277779698371887 20
1739985926416 0.2666666805744171 21
1739985930492 0.236111119389534 22
1739985934565 0.0 23
1739985938632 0.02500000037252903 24
1739985942744 0.01666666753590107 25
1739985946818 0.08055555820465088 26
1739985950912 0.472222238779068 27
1739985955028 0.07222222536802292 28
1739985959071 0.236111119389534 29
1739985963087 0.3638888895511627 30
1739985967110 0.13611111044883728 31
1739985971134 0.08888889104127884 32
1739985975149 0.24722222983837128 33
1739985979083 0.35555556416511536 34
1739985983170 0.15555556118488312 35
1739985987090 0.013888888992369175 36
1739985991015 0.30277779698371887 37
1739985994941 0.41111111640930176 38
1739985998857 0.1111111119389534 39
1739986002796 0.03333333507180214 40
1739986006800 0.3361111283302307 41
1739986010870 0.08055555820465088 42
1739986014960 0.08055555820465088 43
1739986019067 0.13611111044883728 44
1739986023187 0.4138889014720917 45
1739986027237 0.04444444552063942 46
1739986031282 0.26944446563720703 47
1739986035355 0.01666666753590107 48
1739986039406 0.3583333492279053 49
1739986043330 0.3333333432674408 50
1739986047273 0.3194444477558136 51
1739986051214 0.3361111283302307 52
1739986055133 0.3194444477558136 53
1739986059052 0.37222224473953247 54
1739986062948 0.35277777910232544 55
1739986066890 0.38055557012557983 56
1739986070842 0.3583333492279053 57
1739986074775 0.18888889253139496 58
1739986078741 0.3444444537162781 59
1739986082588 0.26944446563720703 60
1739986086395 0.22500000894069672 61
1739986090328 0.32500001788139343 62
1739986094334 0.35555556416511536 63
1739986098329 0.4166666865348816 64
1739986102219 0.49722224473953247 65
1739986106133 0.2805555760860443 66
1739986109956 0.21944445371627808 67
1739986113770 0.3611111342906952 68
1739986117588 0.5 69
1739986121392 0.5 70
1739986125228 0.47777777910232544 71
1739986129040 0.41111111640930176 72
1739986132970 0.18888889253139496 73
1739986136987 0.46666666865348816 74
1739986140930 0.2527777850627899 75
1739986144806 0.24444444477558136 76
1739986148901 0.5 77
1739986152818 0.3222222328186035 78
1739986156755 0.38333335518836975 79
1739986160730 0.15000000596046448 80
1739986164784 0.4194444417953491 81
1739986168737 0.1944444477558136 82
1739986172730 0.4000000059604645 83
1739986176676 0.0972222238779068 84
1739986180659 0.12222222238779068 85
1739986184584 0.3361111283302307 86
1739986188538 0.0 87
1739986192427 0.22777777910232544 88
1739986196356 0.375 89
1739986200308 0.0 90
1739986204270 0.3916666805744171 91
1739986208211 0.24166667461395264 92
1739986212145 0.0 93
1739986216073 0.08055555820465088 94
1739986220165 0.21666666865348816 95
1739986224241 0.3083333373069763 96
1739986228373 0.23888888955116272 97
1739986232449 0.0 98
1739986236521 0.011111111380159855 99
