1739990595877 0.5969622135162354 0
1739990596366 0.55748450756073 1
1739990596850 0.5378344655036926 2
1739990597330 0.5893875360488892 3
1739990597808 0.6802904605865479 4
1739990598285 0.7290398478507996 5
1739990598765 0.7474384307861328 6
1739990599247 0.7697330713272095 7
1739990599727 0.7539832592010498 8
1739990600213 0.7803844809532166 9
1739990600695 0.8167030811309814 10
1739990601176 0.8277482390403748 11
1739990601658 0.8640099763870239 12
1739990602139 0.8985854983329773 13
1739990602622 0.9039179682731628 14
1739990603103 0.9062395095825195 15
1739990603586 0.9207658767700195 16
1739990604069 0.9165215492248535 17
1739990604554 0.9244019985198975 18
1739990605034 0.9428569674491882 19
1739990605516 0.9380384683609009 20
1739990605993 0.9525644183158875 21
1739990606471 0.9656230807304382 22
1739990606952 0.9543026685714722 23
1739990607434 0.9559049606323242 24
1739990607913 0.9538836479187012 25
1739990608391 0.9668154120445251 26
1739990608865 0.9749425649642944 27
1739990609344 0.981230616569519 28
1739990609822 0.9809829592704773 29
1739990610299 0.9726724028587341 30
1739990610776 0.9802957773208618 31
1739990611254 0.9764913320541382 32
1739990611740 0.9718997478485107 33
1739990612222 0.9826375842094421 34
1739990612699 0.9840025305747986 35
1739990613181 0.9759702682495117 36
1739990613664 0.977857232093811 37
1739990614145 0.9642605185508728 38
1739990614625 0.9815700054168701 39
1739990615105 0.9794349074363708 40
1739990615587 0.985576331615448 41
1739990616068 0.984139084815979 42
1739990616552 0.9868419170379639 43
1739990617033 0.9767701029777527 44
1739990617518 0.986627459526062 45
1739990617999 0.984404981136322 46
1739990618480 0.9801691770553589 47
1739990618960 0.9842094779014587 48
1739990619441 0.9896531105041504 49
1739990619924 0.9849337935447693 50
1739990620402 0.9769237041473389 51
1739990620873 0.9849523305892944 52
1739990621356 0.9767574071884155 53
1739990621833 0.9843882322311401 54
1739990622312 0.9824194312095642 55
1739990622788 0.986923098564148 56
1739990623263 0.990105152130127 57
1739990623741 0.9900183081626892 58
1739990624220 0.984763503074646 59
1739990624697 0.992618978023529 60
1739990625174 0.9863286018371582 61
1739990625651 0.9881505966186523 62
1739990626126 0.9946110248565674 63
1739990626601 0.9852941036224365 64
1739990627079 0.9827733039855957 65
1739990627557 0.988861083984375 66
1739990628035 0.9941708445549011 67
1739990628512 0.9790091514587402 68
1739990628990 0.9879228472709656 69
1739990629468 0.9863146543502808 70
1739990629947 0.9915977716445923 71
1739990630422 0.9881240725517273 72
1739990630899 0.9954304099082947 73
1739990631379 0.9910807609558105 74
1739990631858 0.9872602820396423 75
1739990632340 0.9845032095909119 76
1739990632823 0.9823001623153687 77
1739990633306 0.9802203178405762 78
1739990633788 0.9879197478294373 79
1739990634268 0.9858509302139282 80
1739990634753 0.989326000213623 81
1739990635236 0.9863967895507812 82
1739990635714 0.9859098196029663 83
1739990636196 0.9927632212638855 84
1739990636675 0.9845880270004272 85
1739990637154 0.991222083568573 86
1739990637636 0.9822243452072144 87
1739990638117 0.9837191104888916 88
1739990638601 0.9860423803329468 89
1739990639078 0.9870762228965759 90
1739990639555 0.9841611385345459 91
1739990640035 0.9865064024925232 92
1739990640520 0.9839859008789062 93
1739990641003 0.9907969236373901 94
1739990641483 0.9838873744010925 95
1739990641963 0.9828701019287109 96
1739990642446 0.9864935874938965 97
1739990642924 0.9810805320739746 98
1739990643406 0.984362781047821 99
