1739990595877 0.28610390424728394 0
1739990596366 0.46487316489219666 1
1739990596850 0.6814190745353699 2
1739990597330 0.689356803894043 3
1739990597808 0.7332696914672852 4
1739990598285 0.7408841848373413 5
1739990598765 0.7266733050346375 6
1739990599247 0.7330893278121948 7
1739990599727 0.7333403825759888 8
1739990600213 0.723484456539154 9
1739990600695 0.8101727962493896 10
1739990601176 0.8305821418762207 11
1739990601658 0.8657426238059998 12
1739990602139 0.896019458770752 13
1739990602622 0.899226188659668 14
1739990603103 0.9122249484062195 15
1739990603586 0.9222375750541687 16
1739990604069 0.9195069074630737 17
1739990604554 0.9270520210266113 18
1739990605034 0.9442240595817566 19
1739990605516 0.9435757994651794 20
1739990605993 0.9529526233673096 21
1739990606471 0.9640108942985535 22
1739990606952 0.9555516242980957 23
1739990607434 0.9560269713401794 24
1739990607913 0.9541134238243103 25
1739990608391 0.9687809944152832 26
1739990608865 0.9747123718261719 27
1739990609344 0.9821422100067139 28
1739990609822 0.9813074469566345 29
1739990610299 0.9692968130111694 30
1739990610776 0.9798812866210938 31
1739990611254 0.9765712022781372 32
1739990611740 0.9746732115745544 33
1739990612222 0.9791654348373413 34
1739990612699 0.984660267829895 35
1739990613181 0.9799631834030151 36
1739990613664 0.9812943935394287 37
1739990614145 0.9615413546562195 38
1739990614625 0.9818283915519714 39
1739990615105 0.9806057810783386 40
1739990615587 0.9851149320602417 41
1739990616068 0.9778455495834351 42
1739990616552 0.9867973327636719 43
1739990617033 0.9771908521652222 44
1739990617518 0.9872039556503296 45
1739990617999 0.9842475652694702 46
1739990618480 0.9793623685836792 47
1739990618960 0.9843736886978149 48
1739990619441 0.9894906282424927 49
1739990619924 0.9883788824081421 50
1739990620402 0.9767665863037109 51
1739990620873 0.9834655523300171 52
1739990621356 0.9818772673606873 53
1739990621833 0.983195424079895 54
1739990622312 0.985012948513031 55
1739990622788 0.9863524436950684 56
1739990623263 0.9889563918113708 57
1739990623741 0.9890331029891968 58
1739990624220 0.9837674498558044 59
1739990624697 0.9913272261619568 60
1739990625174 0.9875544309616089 61
1739990625651 0.990508496761322 62
1739990626126 0.9949390292167664 63
1739990626601 0.9871981143951416 64
1739990627079 0.9822052717208862 65
1739990627557 0.9901788234710693 66
1739990628035 0.9949120879173279 67
1739990628512 0.9808205366134644 68
1739990628990 0.9880295991897583 69
1739990629468 0.9870976209640503 70
1739990629947 0.9921368360519409 71
1739990630422 0.9873773455619812 72
1739990630899 0.9939314126968384 73
1739990631379 0.9896082878112793 74
1739990631858 0.9862114787101746 75
1739990632340 0.9860541224479675 76
1739990632823 0.9823738932609558 77
1739990633306 0.9783124327659607 78
1739990633788 0.9898589849472046 79
1739990634268 0.9879076480865479 80
1739990634753 0.9896599054336548 81
1739990635236 0.9873186945915222 82
1739990635714 0.984562873840332 83
1739990636196 0.9913396239280701 84
1739990636675 0.9854276180267334 85
1739990637154 0.9899399280548096 86
1739990637636 0.985149085521698 87
1739990638117 0.9859063029289246 88
1739990638601 0.9874715805053711 89
1739990639078 0.9868298768997192 90
1739990639555 0.9841920137405396 91
1739990640035 0.9863250255584717 92
1739990640520 0.9846389293670654 93
1739990641003 0.990268886089325 94
1739990641483 0.9839721918106079 95
1739990641963 0.9819868803024292 96
1739990642446 0.9870888590812683 97
1739990642924 0.9814066290855408 98
1739990643406 0.9841999411582947 99
