1739979206247 0.7128653083670183 0
1739979224179 0.6938593396401493 1
1739979242198 0.6940200237916991 2
1739979260712 0.6944941240849677 3
1739979278780 0.6938676773255454 4
1739979297096 0.6950454804656837 5
1739979315236 0.6946741899001202 6
1739979333558 0.6940333651147352 7
1739979351797 0.6940765141121136 8
1739979370034 0.6952086065748081 9
1739979388286 0.6948442026917785 10
1739979405503 0.6936662921459765 11
1739979423311 0.6938825387503095 12
1739979441071 0.6942086504247649 13
1739979459186 0.6949084972250212 14
1739979477326 0.6936117306553277 15
1739979495110 0.6946143581271905 16
1739979513042 0.6944103669123163 17
1739979530742 0.6934057451408874 18
1739979548946 0.693675086140486 19
1739979567094 0.6937544604655708 20
1739979584891 0.6936089538706771 21
1739979602963 0.6937067546821022 22
1739979621111 0.6940739337368645 23
1739979639297 0.6941465709408857 24
1739979657302 0.6938050329905154 25
1739979675266 0.6934861942557538 26
1739979692707 0.6935249047232437 27
1739979710105 0.694091628618346 28
1739979727909 0.6938150102068724 29
1739979745772 0.693741464380262 30
1739979763556 0.6938277682401743 31
1739979781420 0.6934331828524413 32
1739979798656 0.6935401886591612 33
1739979816121 0.6937248400363242 34
1739979833943 0.693704087209291 35
1739979851791 0.6935143946574917 36
1739979869641 0.6933906120127857 37
1739979887409 0.6937898551406015 38
1739979905497 0.6936039450277115 39
1739979923400 0.6923678088452103 40
1739979941215 0.6945043771469285 41
1739979959106 0.6940420513370087 42
1739979977238 0.6936050094801561 43
1739979995090 0.6938893148380012 44
1739980013025 0.6936617819878741 45
1739980030964 0.6934138147886683 46
1739980048877 0.6931892057919707 47
1739980066708 0.6943414560983102 48
1739980084513 0.6936888668369983 49
1739980102298 0.6935673730693034 50
1739980120092 0.693681640965179 51
1739980138018 0.6937603310465372 52
1739980155850 0.6941443821014367 53
1739980173539 0.6937497922415223 54
1739980191294 0.6937551971291264 55
1739980209181 0.6937237125334558 56
1739980226866 0.6936721211576521 57
1739980245242 0.6937123149230178 58
1739980263447 0.6942059113237398 59
1739980281897 0.6934257475212491 60
1739980299965 0.6936288592560265 61
1739980318009 0.6933753297631005 62
1739980336483 0.693903784690308 63
1739980354922 0.6938296054268822 64
1739980372999 0.6939264201590056 65
1739980391514 0.6939141649161757 66
1739980410109 0.6936855930537169 67
1739980428476 0.693675401099347 68
1739980446839 0.6939279456860025 69
1739980465183 0.6935990866993039 70
1739980483497 0.6936360937789504 71
1739980501598 0.6936283423891807 72
1739980519964 0.6935310390895877 73
1739980538503 0.6942614215033227 74
1739980556417 0.6937390640652927 75
1739980574271 0.6937741132826529 76
1739980592230 0.6935701492674383 77
1739980610171 0.6939926084410514 78
1739980627952 0.6937004684082256 79
1739980646175 0.6938284568827677 80
1739980664322 0.693597530600183 81
1739980682662 0.6936494070958681 82
1739980700722 0.6940604229841432 83
1739980718531 0.6933439709750195 84
1739980736415 0.6942663738941648 85
1739980754332 0.6937891614393115 86
1739980772263 0.6936016334965367 87
1739980790161 0.693745916473323 88
1739980808062 0.6937886289564886 89
1739980826564 0.6937764862513337 90
1739980845070 0.693705354302865 91
1739980863450 0.6935669369216628 92
1739980881938 0.694729488090982 93
1739980900529 0.6936392971803634 94
1739980918950 0.6936166068724601 95
1739980936788 0.693502535899187 96
1739980954668 0.6939457831640818 97
1739980972452 0.6934465839267511 98
1739980990271 0.6938908212299276 99
