1739979267696 0.6997306276018654 0
1739979292569 0.6950951462026538 1
1739979317114 0.693793577569056 2
1739979341812 0.6983593364484904 3
1739979366750 0.694653601960585 4
1739979391851 0.6935597731587259 5
1739979416475 0.6932483098405793 6
1739979441249 0.6947326678984432 7
1739979466271 0.6933302512452921 8
1739979491716 0.6946565224805894 9
1739979516559 0.6939548691364832 10
1739979541661 0.6942953634401952 11
1739979567505 0.6938125031734632 12
1739979594890 0.6937363497939781 13
1739979622028 0.6926250769235597 14
1739979649056 0.6946265131557892 15
1739979676174 0.6937474099522464 16
1739979703343 0.6936940536279541 17
1739979730680 0.6935751992765317 18
1739979757859 0.6936209209344016 19
1739979785238 0.6935966593694171 20
1739979812863 0.6936811696105916 21
1739979840258 0.6935672048842434 22
1739979867665 0.6938788644458412 23
1739979895134 0.6935588144008002 24
1739979922570 0.6933995694567581 25
1739979950015 0.6940420002067993 26
1739979977447 0.693508231951872 27
1739980004860 0.6934250220925369 28
1739980032407 0.693717893065098 29
1739980059890 0.6934205900998752 30
1739980085532 0.6936392973476369 31
1739980110983 0.693652655566212 32
1739980136706 0.6941706367670845 33
1739980162241 0.6933937160977388 34
1739980187671 0.693490288048875 35
1739980212860 0.69358738240137 36
1739980237827 0.6940332284257731 37
1739980262812 0.6937351507077578 38
1739980287411 0.6942465307480161 39
1739980312278 0.6936186769378745 40
1739980337138 0.6938959446732318 41
1739980362542 0.6935141610001829 42
1739980387337 0.6938270569278014 43
1739980412209 0.6937367518563563 44
1739980437182 0.6939999249222476 45
1739980462817 0.6945460454866774 46
1739980488145 0.6936257279306542 47
1739980513866 0.6937129988136704 48
1739980539177 0.6939100109390404 49
1739980564430 0.6938399079151533 50
1739980589270 0.6938863630114049 51
1739980613903 0.6936362684848937 52
1739980638558 0.6936563110308527 53
1739980663983 0.6940530867245223 54
1739980689282 0.6936782354805013 55
1739980713885 0.694076727658833 56
1739980738561 0.693745087038739 57
1739980763258 0.6935991693812588 58
1739980788504 0.6942466493655628 59
1739980813301 0.6937980816467574 60
1739980837964 0.6936220088805533 61
1739980862566 0.6936253318932943 62
1739980887600 0.6944632118144191 63
1739980912625 0.6936403972362353 64
1739980936675 0.6939229725285128 65
1739980961764 0.6942302334502286 66
1739980986944 0.6936566649468797 67
1739981012635 0.693872847389228 68
1739981037352 0.6937752756616269 69
1739981061905 0.6941752113697761 70
1739981086388 0.6934364942652224 71
1739981111553 0.6941415316791741 72
1739981136591 0.6937398189134116 73
1739981161579 0.6932438852447035 74
1739981188366 0.6943526804339585 75
1739981215444 0.6936925402724786 76
1739981242683 0.6942293674076507 77
1739981269717 0.6939094720764711 78
1739981296741 0.6935166325487385 79
1739981323891 0.6933879007178524 80
1739981350716 0.6942881608805501 81
1739981377874 0.6939582294828195 82
1739981405673 0.6937180112522862 83
1739981433298 0.6938885901701579 84
1739981461102 0.6936850973845389 85
1739981489360 0.6938090119981594 86
1739981517682 0.693712457799309 87
1739981545811 0.6937211154815522 88
1739981573970 0.6938195437838455 89
1739981601846 0.6938051233868306 90
1739981630211 0.6938497353654476 91
1739981658396 0.6940288534018106 92
1739981686656 0.6938112489744644 93
1739981715010 0.6936463164400968 94
1739981743549 0.6937197351068366 95
1739981772201 0.6936896362674796 96
1739981800793 0.6935410967049616 97
1739981829405 0.6939167884390277 98
1739981858082 0.6931398087029853 99
