1739979206247 0.3677736818790436 0
1739979224179 0.223247230052948 1
1739979242198 0.3185731768608093 2
1739979260712 0.1838868409395218 3
1739979278780 0.11685116589069366 4
1739979297096 0.3843788504600525 5
1739979315236 0.19680196046829224 6
1739979333558 0.2460024505853653 7
1739979351797 0.20295202732086182 8
1739979370034 0.3308733105659485 9
1739979388286 0.34071341156959534 10
1739979405503 0.15928658843040466 11
1739979423311 0.4323493242263794 12
1739979441071 0.2915129065513611 13
1739979459186 0.4132841229438782 14
1739979477326 0.15436653792858124 15
1739979495110 0.4237392246723175 16
1739979513042 0.3923739194869995 17
1739979530742 0.3044280409812927 18
1739979548946 0.09471094608306885 19
1739979567094 0.45879459381103516 20
1739979584891 0.138376384973526 21
1739979602963 0.20295202732086182 22
1739979621111 0.477859765291214 23
1739979639297 0.35178351402282715 24
1739979657302 0.5504304766654968 25
1739979675266 0.43419432640075684 26
1739979692707 0.6063960790634155 27
1739979710105 0.20479704439640045 28
1739979727909 0.6303812861442566 29
1739979745772 0.3960639536380768 30
1739979763556 0.33456334471702576 31
1739979781420 0.2263222634792328 32
1739979798656 0.27244770526885986 33
1739979816121 0.24231241643428802 34
1739979833943 0.4969249665737152 35
1739979851791 0.37084871530532837 36
1739979869641 0.06888068467378616 37
1739979887409 0.38622385263442993 38
1739979905497 0.08733087033033371 39
1739979923400 0.6137761473655701 40
1739979941215 0.27859777212142944 41
1739979959106 0.42804425954818726 42
1739979977238 0.4089790880680084 43
1739979995090 0.47047969698905945 44
1739980013025 0.3222632110118866 45
1739980030964 0.4175891578197479 46
1739980048877 0.24354243278503418 47
1739980066708 0.7097170948982239 48
1739980084513 0.6020910143852234 49
1739980102298 0.33517834544181824 50
1739980120092 0.25830256938934326 51
1739980138018 0.2970479726791382 52
1739980155850 0.25522753596305847 53
1739980173539 0.1500615030527115 54
1739980191294 0.4969249665737152 55
1739980209181 0.3480934798717499 56
1739980226866 0.2890528738498688 57
1739980245242 0.6432964205741882 58
1739980263447 0.2706027030944824 59
1739980281897 0.43357932567596436 60
1739980299965 0.4661746621131897 61
1739980318009 0.47847476601600647 62
1739980336483 0.423124223947525 63
1739980354922 0.49323493242263794 64
1739980372999 0.3480934798717499 65
1739980391514 0.18142680823802948 66
1739980410109 0.6193111538887024 67
1739980428476 0.41697415709495544 68
1739980446839 0.30135300755500793 69
1739980465183 0.2004919946193695 70
1739980483497 0.4095940887928009 71
1739980501598 0.2263222634792328 72
1739980519964 0.16728167235851288 73
1739980538503 0.2287822812795639 74
1739980556417 0.20971709489822388 75
1739980574271 0.22693726420402527 76
1739980592230 0.22755226492881775 77
1739980610171 0.4747847318649292 78
1739980627952 0.3948339521884918 79
1739980646175 0.48769986629486084 80
1739980664322 0.34686344861984253 81
1739980682662 0.5184502005577087 82
1739980700722 0.3985239863395691 83
1739980718531 0.4975399672985077 84
1739980736415 0.3560885488986969 85
1739980754332 0.2632226347923279 86
1739980772263 0.2853628396987915 87
1739980790161 0.2539975345134735 88
1739980808062 0.2853628396987915 89
1739980826564 0.4182041883468628 90
1739980845070 0.19680196046829224 91
1739980863450 0.45079949498176575 92
1739980881938 0.24169741570949554 93
1739980900529 0.21094711124897003 94
1739980918950 0.3339483439922333 95
1739980936788 0.3671586513519287 96
1739980954668 0.5516604781150818 97
1739980972452 0.6580565571784973 98
1739980990271 0.39975398778915405 99
