1739979206247 0.38560885190963745 0
1739979224179 0.5252152681350708 1
1739979242198 0.42004919052124023 2
1739979260712 0.5608856081962585 3
1739979278780 0.6236162185668945 4
1739979297096 0.34686344861984253 5
1739979315236 0.5485854744911194 6
1739979333558 0.5018450021743774 7
1739979351797 0.5202952027320862 8
1739979370034 0.4471094608306885 9
1739979388286 0.41389912366867065 10
1739979405503 0.5731857419013977 11
1739979423311 0.29581794142723083 12
1739979441071 0.43111929297447205 13
1739979459186 0.3339483439922333 14
1739979477326 0.600246012210846 15
1739979495110 0.31795817613601685 16
1739979513042 0.35793358087539673 17
1739979530742 0.4551045298576355 18
1739979548946 0.6451414227485657 19
1739979567094 0.284747838973999 20
1739979584891 0.5971709489822388 21
1739979602963 0.5559655427932739 22
1739979621111 0.2515375018119812 23
1739979639297 0.3960639536380768 24
1739979657302 0.16543665528297424 25
1739979675266 0.29212790727615356 26
1739979692707 0.127306267619133 27
1739979710105 0.5246002078056335 28
1739979727909 0.1156211569905281 29
1739979745772 0.3450184464454651 30
1739979763556 0.43050429224967957 31
1739979781420 0.5190652012825012 32
1739979798656 0.4514144957065582 33
1739979816121 0.515990138053894 34
1739979833943 0.2404673993587494 35
1739979851791 0.38314881920814514 36
1739979869641 0.65375155210495 37
1739979887409 0.34009838104248047 38
1739979905497 0.6863468289375305 39
1739979923400 0.16851168870925903 40
1739979941215 0.4489544928073883 41
1739979959106 0.31795817613601685 42
1739979977238 0.34686344861984253 43
1739979995090 0.24969248473644257 44
1739980013025 0.41635915637016296 45
1739980030964 0.29274290800094604 46
1739980048877 0.47908976674079895 47
1739980066708 0.030750306323170662 48
1739980084513 0.11500614881515503 49
1739980102298 0.40528905391693115 50
1739980120092 0.4723247289657593 51
1739980138018 0.43050429224967957 52
1739980155850 0.5036900043487549 53
1739980173539 0.6039360165596008 54
1739980191294 0.2373923659324646 55
1739980209181 0.38868388533592224 56
1739980226866 0.4692496955394745 57
1739980245242 0.0817958191037178 58
1739980263447 0.46801966428756714 59
1739980281897 0.3050430417060852 60
1739980299965 0.30934807658195496 61
1739980318009 0.2742927372455597 62
1739980336483 0.31549814343452454 63
1739980354922 0.2656826376914978 64
1739980372999 0.3991389870643616 65
1739980391514 0.569495677947998 66
1739980410109 0.12607625126838684 67
1739980428476 0.3277982771396637 68
1739980446839 0.4415743947029114 69
1739980465183 0.5319803357124329 70
1739980483497 0.33763837814331055 71
1739980501598 0.5129151344299316 72
1739980519964 0.5928659439086914 73
1739980538503 0.48216480016708374 74
1739980556417 0.5430504083633423 75
1739980574271 0.5239852070808411 76
1739980592230 0.5319803357124329 77
1739980610171 0.28413283824920654 78
1739980627952 0.35178351402282715 79
1739980646175 0.2576875686645508 80
1739980664322 0.4157441556453705 81
1739980682662 0.2343173325061798 82
1739980700722 0.3622386157512665 83
1739980718531 0.26629766821861267 84
1739980736415 0.3813038170337677 85
1739980754332 0.4803197979927063 86
1739980772263 0.4661746621131897 87
1739980790161 0.477859765291214 88
1739980808062 0.4471094608306885 89
1739980826564 0.2890528738498688 90
1739980845070 0.5344403386116028 91
1739980863450 0.29766297340393066 92
1739980881938 0.5073800683021545 93
1739980900529 0.5246002078056335 94
1739980918950 0.41451412439346313 95
1739980936788 0.361623615026474 96
1739980954668 0.18142680823802948 97
1739980972452 0.10209102183580399 98
1739980990271 0.361623615026474 99
