1739986718226 0.5666025280952454 0
1739986719335 0.43666473031044006 1
1739986720431 0.5788083076477051 2
1739986721526 0.599100649356842 3
1739986722622 0.6190423369407654 4
1739986723726 0.6796883940696716 5
1739986724825 0.7008130550384521 6
1739986725918 0.7227650880813599 7
1739986727011 0.30108174681663513 8
1739986728104 0.03457217290997505 9
1739986729197 0.5002537965774536 10
1739986730288 0.1811496913433075 11
1739986731386 0.23680555820465088 12
1739986732477 0.49963587522506714 13
1739986733572 0.44443756341934204 14
1739986734662 0.37920311093330383 15
1739986735759 0.3697730600833893 16
1739986736854 0.5322988629341125 17
1739986737945 0.11538462340831757 18
1739986739047 0.24371621012687683 19
1739986740150 0.5078162550926208 20
1739986741248 0.5336101055145264 21
1739986742344 0.3772035539150238 22
1739986743440 0.1647588461637497 23
1739986744534 0.25680211186408997 24
1739986745631 0.4983399212360382 25
1739986746724 0.07087116688489914 26
1739986747815 0.18986380100250244 27
1739986748908 0.22009971737861633 28
1739986750002 0.4929754436016083 29
1739986751096 0.4998515248298645 30
1739986752192 0.2740737795829773 31
1739986753285 0.4593450129032135 32
1739986754379 0.0 33
1739986755472 0.5657051801681519 34
1739986756568 0.4977923333644867 35
1739986757660 0.3771657645702362 36
1739986758758 0.5141183137893677 37
1739986759857 0.18383173644542694 38
1739986760948 0.4582710862159729 39
1739986762050 0.5009466409683228 40
1739986763148 0.29892176389694214 41
1739986764242 0.07692307978868484 42
1739986765342 0.23076924681663513 43
1739986766443 0.3728564381599426 44
1739986767546 0.5068918466567993 45
1739986768642 0.4593731164932251 46
1739986769739 0.4975427985191345 47
1739986770832 0.2370540201663971 48
1739986771929 0.4848099648952484 49
1739986773028 0.5157160758972168 50
1739986774124 0.34112659096717834 51
1739986775219 0.3691718876361847 52
1739986776311 0.0 53
1739986777405 0.4046889841556549 54
1739986778499 0.49822384119033813 55
1739986779594 0.10579127818346024 56
1739986780690 0.0 57
1739986781782 0.5218330025672913 58
1739986782875 0.4987313449382782 59
1739986783986 0.5102259516716003 60
1739986785083 0.5960608720779419 61
1739986786175 0.23140455782413483 62
1739986787266 0.0 63
1739986788359 0.524085521697998 64
1739986789458 0.5004112124443054 65
1739986790552 0.10000000149011612 66
1739986791647 0.22447584569454193 67
1739986792743 0.5012686848640442 68
1739986793840 0.4984932243824005 69
1739986794936 0.5 70
1739986796029 0.4992387890815735 71
1739986797127 0.1996227353811264 72
1739986798222 0.0 73
1739986799316 0.422308087348938 74
1739986800408 0.5946936011314392 75
1739986801509 0.23076924681663513 76
1739986802600 0.48916900157928467 77
1739986803694 0.5076479911804199 78
1739986804786 0.5117249488830566 79
1739986805883 0.492505818605423 80
1739986806972 0.1847434788942337 81
1739986808065 0.26979750394821167 82
1739986809157 0.5181983113288879 83
1739986810258 0.49681589007377625 84
1739986811346 0.500690758228302 85
1739986812441 0.4929189085960388 86
1739986813532 0.4168661832809448 87
1739986814632 0.4884921908378601 88
1739986815728 0.5154444575309753 89
1739986816819 0.2947872579097748 90
1739986817910 0.44710010290145874 91
1739986819004 0.1847938448190689 92
1739986820098 0.38461539149284363 93
1739986821194 0.5246049165725708 94
1739986822279 0.501522421836853 95
1739986823372 0.5023564100265503 96
1739986824467 0.4699733853340149 97
1739986825567 0.48093241453170776 98
1739986826662 0.5026321411132812 99
