1739986718226 0.40619221329689026 0
1739986719335 0.5875941514968872 1
1739986720431 0.8255971074104309 2
1739986721526 0.8498609662055969 3
1739986722622 0.8963972330093384 4
1739986723726 0.78090500831604 5
1739986724825 0.7943540215492249 6
1739986725918 0.7168476581573486 7
1739986727011 0.1859508752822876 8
1739986728104 0.5351539254188538 9
1739986729197 0.0 10
1739986730288 0.2961137890815735 11
1739986731386 0.4550166428089142 12
1739986732477 0.12017612904310226 13
1739986733572 0.34775272011756897 14
1739986734662 0.5018120408058167 15
1739986735759 0.27718228101730347 16
1739986736854 0.37786927819252014 17
1739986737945 0.5002905130386353 18
1739986739047 0.5017421841621399 19
1739986740150 0.11012348532676697 20
1739986741248 0.07168757915496826 21
1739986742344 0.17915385961532593 22
1739986743440 0.5038010478019714 23
1739986744534 0.3352629244327545 24
1739986745631 0.2212403118610382 25
1739986746724 0.4994392693042755 26
1739986747815 0.42254015803337097 27
1739986748908 0.29351329803466797 28
1739986750002 0.15270420908927917 29
1739986751096 0.030769232660531998 30
1739986752192 0.5014546513557434 31
1739986753285 0.5321138501167297 32
1739986754379 0.497583270072937 33
1739986755472 0.2671166956424713 34
1739986756568 0.10769230872392654 35
1739986757660 0.5121258497238159 36
1739986758758 0.2336781620979309 37
1739986759857 0.44604596495628357 38
1739986760948 0.2757914662361145 39
1739986762050 0.025641027837991714 40
1739986763148 0.3837013840675354 41
1739986764242 0.5020122528076172 42
1739986765342 0.5002076029777527 43
1739986766443 0.37179192900657654 44
1739986767546 0.39132100343704224 45
1739986768642 0.3455401360988617 46
1739986769739 0.4935336709022522 47
1739986770832 0.506342887878418 48
1739986771929 0.13447967171669006 49
1739986773028 0.08877100050449371 50
1739986774124 0.48474839329719543 51
1739986775219 0.4344528913497925 52
1739986776311 0.4986869692802429 53
1739986777405 0.22455714643001556 54
1739986778499 0.0 55
1739986779594 0.46573758125305176 56
1739986780690 0.5010150074958801 57
1739986781782 0.46174514293670654 58
1739986782875 0.0 59
1739986783986 0.22194333374500275 60
1739986785083 0.18503853678703308 61
1739986786175 0.4558584690093994 62
1739986787266 0.4989548623561859 63
1739986788359 0.22251342236995697 64
1739986789458 0.03846153989434242 65
1739986790552 0.49699872732162476 66
1739986791647 0.4446844756603241 67
1739986792743 0.0 68
1739986793840 0.03846153989434242 69
1739986794936 0.0 70
1739986796029 0.0 71
1739986797127 0.4588199555873871 72
1739986798222 0.4987313449382782 73
1739986799316 0.22200213372707367 74
1739986800408 0.3716176152229309 75
1739986801509 0.4967198967933655 76
1739986802600 0.1033739522099495 77
1739986803694 0.2764472961425781 78
1739986804786 0.49691158533096313 79
1739986805883 0.15423913300037384 80
1739986806972 0.37736189365386963 81
1739986808065 0.46994537115097046 82
1739986809157 0.4952389597892761 83
1739986810258 0.1663358062505722 84
1739986811346 0.025641027837991714 85
1739986812441 0.45106303691864014 86
1739986813532 0.4952133893966675 87
1739986814632 0.3954983949661255 88
1739986815728 0.5705457329750061 89
1739986816819 0.5020290613174438 90
1739986817910 0.4878327548503876 91
1739986819004 0.5004962086677551 92
1739986820098 0.4989795386791229 93
1739986821194 0.4459608793258667 94
1739986822279 0.0 95
1739986823372 0.07692307978868484 96
1739986824467 0.3817184567451477 97
1739986825567 0.5249121785163879 98
1739986826662 0.3146229386329651 99
