1739986853848 0.33256131410598755 0
1739986854945 0.5491977334022522 1
1739986856036 0.6870055794715881 2
1739986857126 0.7081552743911743 3
1739986858218 0.7173070907592773 4
1739986859308 0.7765195965766907 5
1739986860390 0.789994478225708 6
1739986861468 0.755431056022644 7
1739986862559 0.7292565107345581 8
1739986863648 0.7349399924278259 9
1739986864736 0.5994030237197876 10
1739986865827 0.5638614892959595 11
1739986866916 0.2448071837425232 12
1739986868005 0.4671715795993805 13
1739986869090 0.189413383603096 14
1739986870176 0.22704289853572845 15
1739986871266 0.7163638472557068 16
1739986872351 0.7609338760375977 17
1739986873440 0.7557339668273926 18
1739986874533 0.7525795102119446 19
1739986875622 0.762137234210968 20
1739986876714 0.7656586170196533 21
1739986877804 0.7682104110717773 22
1739986878893 0.7638894319534302 23
1739986879989 0.7632260918617249 24
1739986881083 0.7670887112617493 25
1739986882175 0.6695234775543213 26
1739986883271 0.5733208656311035 27
1739986884363 0.3399854898452759 28
1739986885457 0.5650030970573425 29
1739986886545 0.31904417276382446 30
1739986887640 0.3300239145755768 31
1739986888747 0.325437992811203 32
1739986889838 0.31662717461586 33
1739986890932 0.3260069489479065 34
1739986892028 0.32814276218414307 35
1739986893127 0.325248658657074 36
1739986894222 0.3170044422149658 37
1739986895313 0.31673023104667664 38
1739986896402 0.31840935349464417 39
1739986897497 0.32560673356056213 40
1739986898589 0.3213770389556885 41
1739986899676 0.3255496025085449 42
1739986900769 0.31521496176719666 43
1739986901859 0.3131926357746124 44
1739986902949 0.3162824213504791 45
1739986904037 0.3351409435272217 46
1739986905125 0.31190550327301025 47
1739986906215 0.31475409865379333 48
1739986907303 0.3282317519187927 49
1739986908397 0.3260028064250946 50
1739986909487 0.31557604670524597 51
1739986910583 0.3155718743801117 52
1739986911672 0.3039949834346771 53
1739986912761 0.31217268109321594 54
1739986913858 0.29622480273246765 55
1739986914954 0.30574938654899597 56
1739986916047 0.33157864212989807 57
1739986917143 0.31755003333091736 58
1739986918237 0.3139975070953369 59
1739986919329 0.31657305359840393 60
1739986920418 0.3131304383277893 61
1739986921512 0.3167296051979065 62
1739986922605 0.3451509177684784 63
1739986923696 0.2856871485710144 64
1739986924788 0.29460179805755615 65
1739986925879 0.2856379747390747 66
1739986926966 0.38898733258247375 67
1739986928061 0.3833160400390625 68
1739986929155 0.2710922062397003 69
1739986930245 0.2712998390197754 70
1739986931338 0.32588931918144226 71
1739986932430 0.2683089077472687 72
1739986933519 0.4330456852912903 73
1739986934614 0.2697751820087433 74
1739986935704 0.2710912227630615 75
1739986936796 0.33172184228897095 76
1739986937888 0.27067452669143677 77
1739986938985 0.3468787968158722 78
1739986940084 0.28203654289245605 79
1739986941180 0.2701226472854614 80
1739986942272 0.4920855462551117 81
1739986943370 0.2741934359073639 82
1739986944466 0.2740619480609894 83
1739986945563 0.289514422416687 84
1739986946657 0.28603819012641907 85
1739986947750 0.2773333787918091 86
1739986948849 0.5103458166122437 87
1739986949939 0.3128734230995178 88
1739986951033 0.3511457145214081 89
1739986952131 0.31140926480293274 90
1739986953227 0.4125507175922394 91
1739986954321 0.28656426072120667 92
1739986955411 0.28061923384666443 93
1739986956506 0.27806931734085083 94
1739986957597 0.2887296974658966 95
1739986958693 0.27268561720848083 96
1739986959781 0.4349116086959839 97
1739986960870 0.27749866247177124 98
1739986961964 0.27599963545799255 99
