1739986853848 0.4409804046154022 0
1739986854945 0.4507198929786682 1
1739986856036 0.56657874584198 2
1739986857126 0.5992373824119568 3
1739986858218 0.6478941440582275 4
1739986859308 0.6817387938499451 5
1739986860390 0.7026716470718384 6
1739986861468 0.6764826774597168 7
1739986862559 0.6633194088935852 8
1739986863648 0.46943867206573486 9
1739986864736 0.6411675214767456 10
1739986865827 0.30899712443351746 11
1739986866916 0.5517841577529907 12
1739986868005 0.2697094678878784 13
1739986869090 0.660355806350708 14
1739986870176 0.6643716096878052 15
1739986871266 0.660441517829895 16
1739986872351 0.6576005816459656 17
1739986873440 0.6510862708091736 18
1739986874533 0.6581881642341614 19
1739986875622 0.6499329805374146 20
1739986876714 0.654302716255188 21
1739986877804 0.6584246754646301 22
1739986878893 0.6541712284088135 23
1739986879989 0.6539136171340942 24
1739986881083 0.6585769653320312 25
1739986882175 0.6508569121360779 26
1739986883271 0.2990093231201172 27
1739986884363 0.6449685096740723 28
1739986885457 0.2224368453025818 29
1739986886545 0.6437983512878418 30
1739986887640 0.6484977006912231 31
1739986888747 0.6443703174591064 32
1739986889838 0.6474385261535645 33
1739986890932 0.6501485705375671 34
1739986892028 0.6476668119430542 35
1739986893127 0.6493396759033203 36
1739986894222 0.6428821682929993 37
1739986895313 0.6455615162849426 38
1739986896402 0.6447371244430542 39
1739986897497 0.6443057656288147 40
1739986898589 0.6453847885131836 41
1739986899676 0.6398276686668396 42
1739986900769 0.644894540309906 43
1739986901859 0.6397061347961426 44
1739986902949 0.6484290361404419 45
1739986904037 0.6427373290061951 46
1739986905125 0.6519829034805298 47
1739986906215 0.6467386484146118 48
1739986907303 0.643970787525177 49
1739986908397 0.6510252356529236 50
1739986909487 0.6496351957321167 51
1739986910583 0.6543715596199036 52
1739986911672 0.6517094969749451 53
1739986912761 0.6552878618240356 54
1739986913858 0.6505318880081177 55
1739986914954 0.6470762491226196 56
1739986916047 0.6489641070365906 57
1739986917143 0.648533284664154 58
1739986918237 0.6420232057571411 59
1739986919329 0.6455599069595337 60
1739986920418 0.6474703550338745 61
1739986921512 0.6458176970481873 62
1739986922605 0.6294351816177368 63
1739986923696 0.6507401466369629 64
1739986924788 0.6506113409996033 65
1739986925879 0.6473305225372314 66
1739986926966 0.5906578302383423 67
1739986928061 0.5929273962974548 68
1739986929155 0.6501991748809814 69
1739986930245 0.6509687304496765 70
1739986931338 0.6238825917243958 71
1739986932430 0.6508744359016418 72
1739986933519 0.5594019293785095 73
1739986934614 0.6528182625770569 74
1739986935704 0.6536164283752441 75
1739986936796 0.6302438378334045 76
1739986937888 0.6518557071685791 77
1739986938985 0.6107479333877563 78
1739986940084 0.6546167731285095 79
1739986941180 0.6534969210624695 80
1739986942272 0.5031329393386841 81
1739986943370 0.6560513377189636 82
1739986944466 0.653901219367981 83
1739986945563 0.651267945766449 84
1739986946657 0.6560908555984497 85
1739986947750 0.6509957909584045 86
1739986948849 0.3879586458206177 87
1739986949939 0.6194507479667664 88
1739986951033 0.6266862154006958 89
1739986952131 0.6309254765510559 90
1739986953227 0.5689985752105713 91
1739986954321 0.6542166471481323 92
1739986955411 0.6565219759941101 93
1739986956506 0.6497570872306824 94
1739986957597 0.6594436764717102 95
1739986958693 0.656178891658783 96
1739986959781 0.5194129347801208 97
1739986960870 0.6571691632270813 98
1739986961964 0.6563606262207031 99
