1739964213472 0.7300252001318667 0
1739964217454 0.6986610101328956 1
1739964221365 0.6950791209936142 2
1739964225211 0.6942265851630105 3
1739964229046 0.6951741960313585 4
1739964232868 0.6951087418529722 5
1739964236696 0.6940309315919876 6
1739964240530 0.6957744982507493 7
1739964244352 0.6957346263859007 8
1739964248190 0.6938060608175066 9
1739964252031 0.6943012217680613 10
1739964255852 0.6957675430509779 11
1739964259678 0.6951666891574859 12
1739964263496 0.6939508991109 13
1739964267336 0.6938758542140325 14
1739964271161 0.6940229753653209 15
1739964274983 0.6956529498100281 16
1739964278926 0.6943115058872434 17
1739964282795 0.6939303378264109 18
1739964286679 0.6950401650534735 19
1739964290574 0.6935866273111767 20
1739964294448 0.6938603715764151 21
1739964298294 0.6942377746105194 22
1739964302157 0.6935740368233787 23
1739964306071 0.6953102601899042 24
1739964310015 0.6952303194337421 25
1739964313874 0.6946486479706234 26
1739964317777 0.6942074047194586 27
1739964321675 0.6934391385979123 28
1739964325651 0.694518013132943 29
1739964329552 0.6944475713703367 30
1739964333420 0.6966618590884739 31
1739964337290 0.6941580004162259 32
1739964341202 0.6935061229599847 33
1739964345185 0.6934505816962984 34
1739964349192 0.6934250106414159 35
1739964353067 0.6934828314516279 36
1739964356926 0.695261761214998 37
1739964360796 0.6937486840618982 38
1739964364708 0.6969447718726264 39
1739964368528 0.6939000182681614 40
1739964372511 0.6945331818527646 41
1739964376406 0.6935900972949134 42
1739964380281 0.6933051957024469 43
1739964384104 0.6933773646752039 44
1739964387965 0.6934015807178285 45
1739964391787 0.6946615835030874 46
1739964395617 0.694844283329116 47
1739964399500 0.6939225931962331 48
1739964403431 0.6936049855417675 49
1739964407379 0.6934963090552224 50
1739964411314 0.6933828757868873 51
1739964415222 0.6935172379016876 52
1739964419085 0.6939681437280443 53
1739964422986 0.6939312623606788 54
1739964426889 0.693600747651524 55
1739964430738 0.6942179729541142 56
1739964434580 0.6940768006775114 57
1739964438494 0.6945442418257396 58
1739964442394 0.6936109559403525 59
1739964446278 0.6933972441487842 60
1739964450130 0.6936018788152271 61
1739964454064 0.6937564369704988 62
1739964457925 0.6928686949941847 63
1739964461746 0.6962643345197042 64
1739964465587 0.6953153073787689 65
1739964469524 0.6935334328148101 66
1739964473391 0.6933063232236438 67
1739964477299 0.6934229579236773 68
1739964481149 0.693475964665413 69
1739964484973 0.6933755718999439 70
1739964488800 0.6933922717968622 71
1739964492669 0.6939037359423108 72
1739964496504 0.696584529015753 73
1739964500339 0.6943391230371263 74
1739964504149 0.6933520737621519 75
1739964507962 0.6942513830131954 76
1739964511824 0.6935117774539523 77
1739964515743 0.6933177245987786 78
1739964519607 0.6933936191929712 79
1739964523532 0.6950543287727567 80
1739964527424 0.6934868776135974 81
1739964531285 0.6932688491211997 82
1739964535178 0.6933991607692507 83
1739964539030 0.693451146947013 84
1739964542917 0.6936259418725967 85
1739964546834 0.6933531943294737 86
1739964550703 0.6934661616881689 87
1739964554582 0.6944378621048397 88
1739964558468 0.6935566428634855 89
1739964562423 0.6932859122753143 90
1739964566296 0.6935367951790492 91
1739964570141 0.6938073664903641 92
1739964574082 0.6937930600510703 93
1739964577938 0.6934659938017528 94
1739964581850 0.6940390835205714 95
1739964585823 0.6941292865408791 96
1739964589761 0.6940174049801296 97
1739964593697 0.6933633820878135 98
1739964597646 0.6937122142977185 99
