1739979190971 0.7458557189028296 0
1739979194911 0.6964023156298531 1
1739979198900 0.6943807628419664 2
1739979202812 0.6945103539360894 3
1739979206726 0.6939170327451494 4
1739979210695 0.6938506229056253 5
1739979214599 0.6959980501068963 6
1739979218561 0.6944741828574075 7
1739979222480 0.6946071866485808 8
1739979226378 0.6948996918068991 9
1739979230374 0.6976441303888957 10
1739979234287 0.6944133344623777 11
1739979238162 0.6937716722488403 12
1739979242128 0.6955243289470673 13
1739979246036 0.6954864786730872 14
1739979249951 0.693392241663403 15
1739979253925 0.6934265083736844 16
1739979257863 0.6953758683469561 17
1739979261762 0.6936440252595477 18
1739979265647 0.6944231496916877 19
1739979269521 0.7058884423640039 20
1739979273501 0.6972213847769632 21
1739979277400 0.6937007496754328 22
1739979281313 0.6934576716687945 23
1739979285203 0.6948402004109488 24
1739979289089 0.6952032294538286 25
1739979293023 0.693398830625746 26
1739979296946 0.6934034864107768 27
1739979300878 0.6935352083709505 28
1739979304879 0.6942550268438127 29
1739979308801 0.6933705886205037 30
1739979312705 0.6933008740345638 31
1739979316622 0.6939842260546154 32
1739979320563 0.6938800106445948 33
1739979324482 0.6942421462800767 34
1739979328390 0.6946749473611514 35
1739979332287 0.6943430331018235 36
1739979336141 0.6943358202775319 37
1739979340057 0.6935373269849353 38
1739979344010 0.6933206849628024 39
1739979347905 0.6933681388696035 40
1739979351838 0.6940317650636038 41
1739979355761 0.6941369122929043 42
1739979359673 0.6939052654637231 43
1739979363575 0.6940495000945197 44
1739979367482 0.694128750430213 45
1739979371396 0.694892300830947 46
1739979375353 0.6939233478572634 47
1739979379229 0.6949101696411769 48
1739979383125 0.69373529487186 49
1739979387055 0.6934173934989505 50
1739979390961 0.6953743341896269 51
1739979394873 0.6939206371704737 52
1739979398757 0.6936206390460332 53
1739979402642 0.6936664193868637 54
1739979406564 0.6934266908301248 55
1739979410451 0.6935970452096727 56
1739979414394 0.6932713111241658 57
1739979418316 0.6942754775285721 58
1739979422258 0.6940995011064741 59
1739979426188 0.6935332576433818 60
1739979430117 0.6933922919962141 61
1739979434099 0.6969248692194621 62
1739979438054 0.6940568847788705 63
1739979442085 0.693390738301807 64
1739979446021 0.6935688237349192 65
1739979449945 0.6945709149042766 66
1739979453853 0.6937748895751106 67
1739979457869 0.6943546328279707 68
1739979461811 0.6939786199066375 69
1739979465850 0.6933345291349623 70
1739979469778 0.6934755093521542 71
1739979473727 0.693610680103302 72
1739979477645 0.6955457111199697 73
1739979481556 0.6941324743959639 74
1739979485571 0.6940139419502682 75
1739979489477 0.6934201581610574 76
1739979493384 0.6933646933899985 77
1739979497281 0.6933028313848707 78
1739979501254 0.6934514413277308 79
1739979505136 0.693801650736067 80
1739979509028 0.6936325798432033 81
1739979512990 0.693356254696846 82
1739979516926 0.6939745896392399 83
1739979520792 0.693421584698889 84
1739979524765 0.6935837457577387 85
1739979528639 0.693494564294815 86
1739979532549 0.6936976810296377 87
1739979536449 0.6932980593707826 88
1739979540364 0.6935252742634879 89
1739979544251 0.6948733720514509 90
1739979548139 0.6938464283943176 91
1739979552056 0.6951942678954867 92
1739979555938 0.693296437131034 93
1739979559791 0.6934824917051527 94
1739979563656 0.6935047431124581 95
1739979567530 0.6933182852135764 96
1739979571408 0.6933368901411693 97
1739979575265 0.6933994432290395 98
1739979579147 0.6933240466647678 99
