1739985840669 0.3944444954395294 0
1739985844757 0.16851851344108582 1
1739985848872 0.1111111119389534 2
1739985852951 0.337037056684494 3
1739985857035 0.0 4
1739985861119 0.1814814656972885 5
1739985865204 0.25 6
1739985869266 0.16851851344108582 7
1739985873361 0.23148149251937866 8
1739985877480 0.20000000298023224 9
1739985881569 0.1518518477678299 10
1739985885690 0.07222222536802292 11
1739985889764 0.053703706711530685 12
1739985893844 0.08888889104127884 13
1739985897945 0.1666666716337204 14
1739985902018 0.25925928354263306 15
1739985906071 0.23333333432674408 16
1739985910136 0.35555556416511536 17
1739985914194 0.28518521785736084 18
1739985918267 0.5333333015441895 19
1739985922339 0.20370370149612427 20
1739985926416 0.2648148238658905 21
1739985930492 0.2907407581806183 22
1739985934565 0.5814814567565918 23
1739985938632 0.5351851582527161 24
1739985942744 0.5518518090248108 25
1739985946818 0.4962962865829468 26
1739985950912 0.03518518805503845 27
1739985955028 0.45370370149612427 28
1739985959071 0.27407410740852356 29
1739985963087 0.17037035524845123 30
1739985967110 0.37962964177131653 31
1739985971134 0.45185184478759766 32
1739985975149 0.24814818799495697 33
1739985979083 0.17407406866550446 34
1739985983170 0.4074074327945709 35
1739985987090 0.5629628896713257 36
1739985991015 0.1925925761461258 37
1739985994941 0.09259260445833206 38
1739985998857 0.4870370030403137 39
1739986002796 0.5555554628372192 40
1739986006800 0.1814814954996109 41
1739986010870 0.4555555582046509 42
1739986014960 0.5037036538124084 43
1739986019067 0.38518524169921875 44
1739986023187 0.10000000149011612 45
1739986027237 0.5555554628372192 46
1739986031282 0.2925926148891449 47
1739986035355 0.5777776837348938 48
1739986039406 0.14629629254341125 49
1739986043330 0.20370371639728546 50
1739986047273 0.21851851046085358 51
1739986051214 0.13518518209457397 52
1739986055133 0.17592591047286987 53
1739986059052 0.15740741789340973 54
1739986062948 0.15000000596046448 55
1739986066890 0.10000000149011612 56
1739986070842 0.1259259134531021 57
1739986074775 0.3111111521720886 58
1739986078741 0.1388888955116272 59
1739986082588 0.24629631638526917 60
1739986086395 0.3203704059123993 61
1739986090328 0.17777776718139648 62
1739986094334 0.11296296119689941 63
1739986098329 0.07962963730096817 64
1739986102219 0.0 65
1739986106133 0.24259260296821594 66
1739986109956 0.3462963402271271 67
1739986113770 0.14999999105930328 68
1739986117588 0.0 69
1739986121392 0.0 70
1739986125228 0.025925928726792336 71
1739986129040 0.09074074774980545 72
1739986132970 0.31481486558914185 73
1739986136987 0.014814815483987331 74
1739986140930 0.2777777910232544 75
1739986144806 0.27592596411705017 76
1739986148901 0.0 77
1739986152818 0.21851851046085358 78
1739986156755 0.16111111640930176 79
1739986160730 0.3907407522201538 80
1739986164784 0.0555555559694767 81
1739986168737 0.3333333730697632 82
1739986172730 0.10000000149011612 83
1739986176676 0.41481485962867737 84
1739986180659 0.4314814805984497 85
1739986184584 0.20185184478759766 86
1739986188538 0.5962962508201599 87
1739986192427 0.31481486558914185 88
1739986196356 0.1518518477678299 89
1739986200308 0.5833331942558289 90
1739986204270 0.12222222238779068 91
1739986208211 0.3185185492038727 92
1739986212145 0.5777777433395386 93
1739986216073 0.5 94
1739986220165 0.3074074387550354 95
1739986224241 0.19814813137054443 96
1739986228373 0.27407410740852356 97
1739986232449 0.5703702569007874 98
1739986236521 0.5574073791503906 99
