1739985840669 0.2222222238779068 0
1739985844757 0.3759259283542633 1
1739985848872 0.45370370149612427 2
1739985852951 0.2351851910352707 3
1739985857035 0.5685184597969055 4
1739985861119 0.3777777850627899 5
1739985865204 0.2925926148891449 6
1739985869266 0.4388888478279114 7
1739985873361 0.3777777850627899 8
1739985877480 0.3777777850627899 9
1739985881569 0.4000000059604645 10
1739985885690 0.5074073672294617 11
1739985889764 0.5018518567085266 12
1739985893844 0.46296295523643494 13
1739985897945 0.35555556416511536 14
1739985902018 0.31481483578681946 15
1739985906071 0.3314814865589142 16
1739985910136 0.1814814656972885 17
1739985914194 0.2944444715976715 18
1739985918267 0.059259261935949326 19
1739985922339 0.3500000238418579 20
1739985926416 0.3055556118488312 21
1739985930492 0.27407410740852356 22
1739985934565 0.0 23
1739985938632 0.02777777798473835 24
1739985942744 0.018518520519137383 25
1739985946818 0.09629630297422409 26
1739985950912 0.5425925254821777 27
1739985955028 0.08518519252538681 28
1739985959071 0.2796296775341034 29
1739985963087 0.4166666865348816 30
1739985967110 0.1537037044763565 31
1739985971134 0.10555555671453476 32
1739985975149 0.28518521785736084 33
1739985979083 0.41111111640930176 34
1739985983170 0.1666666716337204 35
1739985987090 0.012962964363396168 36
1739985991015 0.34629637002944946 37
1739985994941 0.46666666865348816 38
1739985998857 0.12222223728895187 39
1739986002796 0.037037041038274765 40
1739986006800 0.3907407522201538 41
1739986010870 0.09444444626569748 42
1739986014960 0.09259260445833206 43
1739986019067 0.1648148149251938 44
1739986023187 0.47962960600852966 45
1739986027237 0.05000000074505806 46
1739986031282 0.31481486558914185 47
1739986035355 0.020370373502373695 48
1739986039406 0.4185185432434082 49
1739986043330 0.38333338499069214 50
1739986047273 0.37962964177131653 51
1739986051214 0.3925926387310028 52
1739986055133 0.3759259581565857 53
1739986059052 0.4333333373069763 54
1739986062948 0.4185185134410858 55
1739986066890 0.4407407343387604 56
1739986070842 0.41296297311782837 57
1739986074775 0.21666666865348816 58
1739986078741 0.4055555760860443 59
1739986082588 0.31481486558914185 60
1739986086395 0.25740742683410645 61
1739986090328 0.37962961196899414 62
1739986094334 0.41296297311782837 63
1739986098329 0.4870370030403137 64
1739986102219 0.581481397151947 65
1739986106133 0.31481483578681946 66
1739986109956 0.25740742683410645 67
1739986113770 0.42407411336898804 68
1739986117588 0.5870369672775269 69
1739986121392 0.5870369672775269 70
1739986125228 0.555555522441864 71
1739986129040 0.4851851761341095 72
1739986132970 0.22592593729496002 73
1739986136987 0.5518518090248108 74
1739986140930 0.2925926148891449 75
1739986144806 0.28333333134651184 76
1739986148901 0.5777776837348938 77
1739986152818 0.37407413125038147 78
1739986156755 0.4444444477558136 79
1739986160730 0.1796296238899231 80
1739986164784 0.4944444000720978 81
1739986168737 0.22777777910232544 82
1739986172730 0.46296295523643494 83
1739986176676 0.11481481045484543 84
1739986180659 0.14629629254341125 85
1739986184584 0.38333335518836975 86
1739986188538 0.0 87
1739986192427 0.27407410740852356 88
1739986196356 0.43518516421318054 89
1739986200308 0.0 90
1739986204270 0.4592592418193817 91
1739986208211 0.2777777910232544 92
1739986212145 0.0 93
1739986216073 0.09629630297422409 94
1739986220165 0.2518518567085266 95
1739986224241 0.35925930738449097 96
1739986228373 0.2814815044403076 97
1739986232449 0.0 98
1739986236521 0.012962964363396168 99
