1739989446132 0.5159381628036499 0
1739989446532 0.5099785923957825 1
1739989446921 0.5201941728591919 2
1739989447311 0.5487533807754517 3
1739989447704 0.5852254033088684 4
1739989448097 0.6382524967193604 5
1739989448486 0.682456910610199 6
1739989448880 0.6925603151321411 7
1739989449268 0.7255582809448242 8
1739989449658 0.7415785789489746 9
1739989450047 0.7477790117263794 10
1739989450435 0.7546753287315369 11
1739989450823 0.7767197489738464 12
1739989451212 0.7703098654747009 13
1739989451598 0.7952736616134644 14
1739989451987 0.8092470169067383 15
1739989452374 0.8080544471740723 16
1739989452765 0.8181318044662476 17
1739989453156 0.8638520240783691 18
1739989453542 0.8746155500411987 19
1739989453929 0.8738540410995483 20
1739989454319 0.8846248388290405 21
1739989454704 0.8819311857223511 22
1739989455105 0.8957354426383972 23
1739989455493 0.899931788444519 24
1739989455882 0.913345456123352 25
1739989456264 0.9192880988121033 26
1739989456647 0.9350902438163757 27
1739989457032 0.930571436882019 28
1739989457417 0.9406468868255615 29
1739989457803 0.9394526481628418 30
1739989458189 0.9442093372344971 31
1739989458579 0.9401280879974365 32
1739989458967 0.9635652303695679 33
1739989459355 0.963860034942627 34
1739989459737 0.9455846548080444 35
1739989460126 0.9620357751846313 36
1739989460514 0.96440589427948 37
1739989460903 0.9690269231796265 38
1739989461286 0.9731311202049255 39
1739989461675 0.9642626643180847 40
1739989462060 0.9780718684196472 41
1739989462447 0.9800280332565308 42
1739989462836 0.9783965349197388 43
1739989463228 0.9872950911521912 44
1739989463619 0.9690415859222412 45
1739989464007 0.9662520885467529 46
1739989464395 0.9811343550682068 47
1739989464786 0.9793490767478943 48
1739989465176 0.9773077368736267 49
1739989465562 0.9802098274230957 50
1739989465949 0.9854730367660522 51
1739989466336 0.9831754565238953 52
1739989466721 0.9714843034744263 53
1739989467113 0.9837152361869812 54
1739989467502 0.9854596853256226 55
1739989467885 0.9852954745292664 56
1739989468275 0.9827265739440918 57
1739989468660 0.9801716208457947 58
1739989469049 0.9792715311050415 59
1739989469434 0.9855069518089294 60
1739989469822 0.9814150333404541 61
1739989470212 0.9896690249443054 62
1739989470597 0.9770156741142273 63
1739989470987 0.9848484992980957 64
1739989471376 0.9855355620384216 65
1739989471763 0.9788215160369873 66
1739989472149 0.9860119819641113 67
1739989472534 0.9856876730918884 68
1739989472925 0.9915180206298828 69
1739989473314 0.9885543584823608 70
1739989473703 0.9829719066619873 71
1739989474089 0.986120879650116 72
1739989474478 0.9856691360473633 73
1739989474866 0.9890126585960388 74
1739989475265 0.9921174049377441 75
1739989475648 0.9852505922317505 76
1739989476034 0.9890710711479187 77
1739989476423 0.9863637685775757 78
1739989476813 0.987754225730896 79
1739989477202 0.9900121092796326 80
1739989477584 0.9859644174575806 81
1739989477968 0.9824446439743042 82
1739989478353 0.9804940223693848 83
1739989478735 0.9895581007003784 84
1739989479120 0.983113169670105 85
1739989479507 0.9914171099662781 86
1739989479890 0.9891807436943054 87
1739989480276 0.9868947863578796 88
1739989480656 0.9937364459037781 89
1739989481040 0.9924066066741943 90
1739989481423 0.9857949018478394 91
1739989481808 0.9854850769042969 92
1739989482192 0.9889583587646484 93
1739989482578 0.9862002730369568 94
1739989482962 0.9831780791282654 95
1739989483352 0.9916354417800903 96
1739989483737 0.9912499189376831 97
1739989484123 0.9921025037765503 98
1739989484510 0.9947760105133057 99
