1739989446132 0.3958704173564911 0
1739989446532 0.5201596021652222 1
1739989446921 0.6023620963096619 2
1739989447311 0.6278029680252075 3
1739989447704 0.6594425439834595 4
1739989448097 0.6873894929885864 5
1739989448486 0.6827852129936218 6
1739989448880 0.7132348418235779 7
1739989449268 0.7295779585838318 8
1739989449658 0.7466456890106201 9
1739989450047 0.7408778071403503 10
1739989450435 0.7323129177093506 11
1739989450823 0.7496044635772705 12
1739989451212 0.7106726169586182 13
1739989451598 0.7642473578453064 14
1739989451987 0.770155668258667 15
1739989452374 0.7944285273551941 16
1739989452765 0.8221801519393921 17
1739989453156 0.8607490062713623 18
1739989453542 0.8652925491333008 19
1739989453929 0.8802436590194702 20
1739989454319 0.8939587473869324 21
1739989454704 0.8819732666015625 22
1739989455105 0.8917956352233887 23
1739989455493 0.8958758115768433 24
1739989455882 0.9134265184402466 25
1739989456264 0.9204458594322205 26
1739989456647 0.9369078874588013 27
1739989457032 0.9357343912124634 28
1739989457417 0.9424300193786621 29
1739989457803 0.9403332471847534 30
1739989458189 0.9502729773521423 31
1739989458579 0.9440932273864746 32
1739989458967 0.9609031677246094 33
1739989459355 0.9631770849227905 34
1739989459737 0.9464130401611328 35
1739989460126 0.9636951684951782 36
1739989460514 0.9668340682983398 37
1739989460903 0.9687454104423523 38
1739989461286 0.9735621809959412 39
1739989461675 0.9670728445053101 40
1739989462060 0.9786919951438904 41
1739989462447 0.980972409248352 42
1739989462836 0.9801769256591797 43
1739989463228 0.9865983724594116 44
1739989463619 0.9698854684829712 45
1739989464007 0.9660987257957458 46
1739989464395 0.9810850620269775 47
1739989464786 0.9813100695610046 48
1739989465176 0.9773303270339966 49
1739989465562 0.9780062437057495 50
1739989465949 0.9856933355331421 51
1739989466336 0.9841026067733765 52
1739989466721 0.9714683890342712 53
1739989467113 0.9837426543235779 54
1739989467502 0.986070990562439 55
1739989467885 0.9861645698547363 56
1739989468275 0.9822832942008972 57
1739989468660 0.9797009825706482 58
1739989469049 0.9805717468261719 59
1739989469434 0.9859577417373657 60
1739989469822 0.980796217918396 61
1739989470212 0.9894165992736816 62
1739989470597 0.9776930212974548 63
1739989470987 0.9854493141174316 64
1739989471376 0.9859048128128052 65
1739989471763 0.9804855585098267 66
1739989472149 0.9866011142730713 67
1739989472534 0.9852950572967529 68
1739989472925 0.9916207194328308 69
1739989473314 0.9881395697593689 70
1739989473703 0.9805516004562378 71
1739989474089 0.9865893721580505 72
1739989474478 0.9856230020523071 73
1739989474866 0.9861394166946411 74
1739989475265 0.9922394752502441 75
1739989475648 0.9861952066421509 76
1739989476034 0.9900497794151306 77
1739989476423 0.9863860607147217 78
1739989476813 0.9860758781433105 79
1739989477202 0.9891151189804077 80
1739989477584 0.9867234230041504 81
1739989477968 0.9838384389877319 82
1739989478353 0.9803695678710938 83
1739989478735 0.9893901348114014 84
1739989479120 0.9831899404525757 85
1739989479507 0.991645336151123 86
1739989479890 0.9885848760604858 87
1739989480276 0.9870167970657349 88
1739989480656 0.9945809841156006 89
1739989481040 0.9917880296707153 90
1739989481423 0.9857541918754578 91
1739989481808 0.9860237836837769 92
1739989482192 0.9889799356460571 93
1739989482578 0.9865002632141113 94
1739989482962 0.9830158948898315 95
1739989483352 0.9915317296981812 96
1739989483737 0.9918016791343689 97
1739989484123 0.9922237396240234 98
1739989484510 0.9947760105133057 99
