1739986457914 0.30711787939071655 0
1739986458189 0.3177083432674408 1
1739986458453 0.29549551010131836 2
1739986458718 0.5225179195404053 3
1739986458985 0.5339822769165039 4
1739986459250 0.1458333432674408 5
1739986459516 0.1794871985912323 6
1739986459795 0.49867790937423706 7
1739986460064 0.5271356701850891 8
1739986460329 0.4778769910335541 9
1739986460595 0.3177083432674408 10
1739986460862 0.0 11
1739986461131 0.16091954708099365 12
1739986461397 0.5 13
1739986461664 0.49819713830947876 14
1739986461931 0.1432291716337204 15
1739986462196 0.0 16
1739986462466 0.3141025900840759 17
1739986462733 0.35058116912841797 18
1739986463003 0.3115522563457489 19
1739986463270 0.501802921295166 20
1739986463536 0.5 21
1739986463801 0.49819713830947876 22
1739986464065 0.1458333432674408 23
1739986464328 0.0 24
1739986464593 0.0 25
1739986464855 0.6711841821670532 26
1739986465120 0.496995210647583 27
1739986465386 0.5 28
1739986465649 0.0 29
1739986465913 0.0833333358168602 30
1739986466182 0.5131353139877319 31
1739986466446 0.4973958432674408 32
1739986466717 0.4993990361690521 33
1739986466980 0.5005725622177124 34
1739986467245 0.5012019872665405 35
1739986467513 0.4975961446762085 36
1739986467778 0.496995210647583 37
1739986468044 0.1640625 38
1739986468313 0.0 39
1739986468580 0.0 40
1739986468850 0.5242790579795837 41
1739986469117 0.5 42
1739986469382 0.4993990361690521 43
1739986469648 0.3308531939983368 44
1739986469915 0.3115942180156708 45
1739986470182 0.3333333432674408 46
1739986470450 0.1428571492433548 47
1739986470716 0.49711379408836365 48
1739986470981 0.49819713830947876 49
1739986471250 0.46927082538604736 50
1739986471518 0.0 51
1739986471785 0.0 52
1739986472051 0.15841585397720337 53
1739986472315 0.501802921295166 54
1739986472579 0.3033050298690796 55
1739986472844 0.1515151560306549 56
1739986473112 0.4354642331600189 57
1739986473389 0.4975961446762085 58
1739986473657 0.4993990361690521 59
1739986473919 0.6653953790664673 60
1739986474187 0.0 61
1739986474455 0.0 62
1739986474720 0.222222238779068 63
1739986474987 0.1468254029750824 64
1739986475255 0.0 65
1739986475522 0.0 66
1739986475791 0.16393443942070007 67
1739986476059 0.4975961446762085 68
1739986476326 0.49879807233810425 69
1739986476594 0.3129734992980957 70
1739986476861 0.0 71
1739986477130 0.0 72
1739986477394 0.3031456470489502 73
1739986477663 0.3361111283302307 74
1739986477931 0.1688888967037201 75
1739986478194 0.17486338317394257 76
1739986478460 0.15857605636119843 77
1739986478729 0.49897000193595886 78
1739986478993 0.15625 79
1739986479258 0.0 80
1739986479522 0.3333333432674408 81
1739986479785 0.5008013248443604 82
1739986480046 0.605201244354248 83
1739986480308 0.4993990361690521 84
1739986480568 0.5228752493858337 85
1739986480832 0.14423078298568726 86
1739986481098 0.0 87
1739986481363 0.0 88
1739986481625 0.4234775900840759 89
1739986481891 0.501802921295166 90
1739986482160 0.4975961446762085 91
1739986482426 0.3255208432674408 92
1739986482689 0.0 93
1739986482954 0.0 94
1739986483220 0.13648295402526855 95
1739986483489 0.0 96
1739986483751 0.3250825107097626 97
1739986484018 0.4972206950187683 98
1739986484280 0.5012019872665405 99
