1739986457914 0.6095571517944336 0
1739986458189 0.3141396641731262 1
1739986458453 0.5024625658988953 2
1739986458718 0.7089991569519043 3
1739986458985 0.6910394430160522 4
1739986459250 0.47736379504203796 5
1739986459516 0.5092815160751343 6
1739986459795 0.35384616255760193 7
1739986460064 0.6189459562301636 8
1739986460329 0.111111119389534 9
1739986460595 0.3197891116142273 10
1739986460862 0.4993990361690521 11
1739986461131 0.5069791674613953 12
1739986461397 0.0 13
1739986461664 0.0 14
1739986461931 0.3068910241127014 15
1739986462196 0.5 16
1739986462466 0.31766700744628906 17
1739986462733 0.6557269096374512 18
1739986463003 0.3198660910129547 19
1739986463270 0.0 20
1739986463536 0.0 21
1739986463801 0.0 22
1739986464065 0.31129807233810425 23
1739986464328 0.49639424681663513 24
1739986464593 0.49879807233810425 25
1739986464855 0.5039370059967041 26
1739986465120 0.0 27
1739986465386 0.1666666716337204 28
1739986465649 0.4964478611946106 29
1739986465913 0.5003125071525574 30
1739986466182 0.6833333373069763 31
1739986466446 0.13333334028720856 32
1739986466717 0.0 33
1739986466980 0.0 34
1739986467245 0.0 35
1739986467513 0.0 36
1739986467778 0.0 37
1739986468044 0.32952725887298584 38
1739986468313 0.5 39
1739986468580 0.5 40
1739986468850 0.5173611044883728 41
1739986469117 0.0 42
1739986469382 0.0 43
1739986469648 0.32847899198532104 44
1739986469915 0.47798579931259155 45
1739986470182 0.5014148950576782 46
1739986470450 0.4999462962150574 47
1739986470716 0.111111119389534 48
1739986470981 0.0 49
1739986471250 0.10784314572811127 50
1739986471518 0.4975961446762085 51
1739986471785 0.501802921295166 52
1739986472051 0.4392361342906952 53
1739986472315 0.0 54
1739986472579 0.28927987813949585 55
1739986472844 0.49931585788726807 56
1739986473112 0.5537698268890381 57
1739986473389 0.0 58
1739986473657 0.0 59
1739986473919 0.1682848036289215 60
1739986474187 0.5006009936332703 61
1739986474455 0.5042067766189575 62
1739986474720 0.5079156756401062 63
1739986474987 0.5432292222976685 64
1739986475255 0.4975961446762085 65
1739986475522 0.49879807233810425 66
1739986475791 0.5064195990562439 67
1739986476059 0.0 68
1739986476326 0.0 69
1739986476594 0.32585471868515015 70
1739986476861 0.5006009936332703 71
1739986477130 0.5012019872665405 72
1739986477394 0.5824652910232544 73
1739986477663 0.512060284614563 74
1739986477931 0.5324174165725708 75
1739986478194 0.5068289041519165 76
1739986478460 0.6588541865348816 77
1739986478729 0.3333333432674408 78
1739986478993 0.32471954822540283 79
1739986479258 0.4975961446762085 80
1739986479522 0.5016181468963623 81
1739986479785 0.3333333432674408 82
1739986480046 0.45394787192344666 83
1739986480308 0.0 84
1739986480568 0.2142857164144516 85
1739986480832 0.3151041865348816 86
1739986481098 0.5024038553237915 87
1739986481363 0.5 88
1739986481625 0.16091954708099365 89
1739986481891 0.0 90
1739986482160 0.0 91
1739986482426 0.15705129504203796 92
1739986482689 0.5 93
1739986482954 0.5 94
1739986483220 0.6324118971824646 95
1739986483489 0.5 96
1739986483751 0.4393601417541504 97
1739986484018 0.111111119389534 98
1739986484280 0.0 99
