1739991419607 0.5926964282989502 0
1739991421767 0.6674039959907532 1
1739991423922 0.7299965620040894 2
1739991426088 0.7947542071342468 3
1739991428239 0.8167672157287598 4
1739991430392 0.8581932783126831 5
1739991432539 0.8714734315872192 6
1739991434696 0.8902765512466431 7
1739991436852 0.901492178440094 8
1739991438996 0.9173505902290344 9
1739991441156 0.9264143705368042 10
1739991443301 0.9276713132858276 11
1739991445450 0.937079906463623 12
1739991447596 0.9444482326507568 13
1739991449747 0.9535059332847595 14
1739991451891 0.9548550844192505 15
1739991454050 0.9532240629196167 16
1739991456192 0.9621976613998413 17
1739991458342 0.9597046375274658 18
1739991460487 0.9673576951026917 19
1739991462631 0.9695659279823303 20
1739991464781 0.9699658751487732 21
1739991466935 0.9700617790222168 22
1739991469084 0.9734320044517517 23
1739991471239 0.978972315788269 24
1739991473389 0.9750937223434448 25
1739991475536 0.978216290473938 26
1739991477685 0.9781696200370789 27
1739991479836 0.983249306678772 28
1739991481972 0.9824026226997375 29
1739991484134 0.9878818988800049 30
1739991486285 0.982024610042572 31
1739991488434 0.9826979041099548 32
1739991490586 0.9836341142654419 33
1739991492741 0.9903814792633057 34
1739991494885 0.9868026375770569 35
1739991497033 0.9861611127853394 36
1739991499192 0.9891157746315002 37
1739991501330 0.9876761436462402 38
1739991503477 0.9895755052566528 39
1739991505626 0.989767849445343 40
1739991507775 0.9903668761253357 41
1739991509919 0.9920173287391663 42
1739991512076 0.9910572171211243 43
1739991514225 0.9935580492019653 44
1739991516373 0.9913595914840698 45
1739991518541 0.995290994644165 46
1739991520694 0.9910842776298523 47
1739991522834 0.9921475648880005 48
1739991524992 0.9933654069900513 49
1739991527139 0.9930025339126587 50
1739991529293 0.9927529692649841 51
1739991531444 0.9927618503570557 52
1739991533594 0.9910522699356079 53
1739991535738 0.9969769716262817 54
1739991537886 0.9939903020858765 55
1739991540039 0.9903866052627563 56
1739991542185 0.9951604604721069 57
1739991544339 0.9959460496902466 58
1739991546483 0.9960736632347107 59
1739991548631 0.9948199987411499 60
1739991550783 0.9964121580123901 61
1739991552939 0.9958528876304626 62
1739991555080 0.9936913251876831 63
1739991557243 0.9953845739364624 64
1739991559395 0.9967734813690186 65
1739991561541 0.9946415424346924 66
1739991563691 0.992727518081665 67
1739991565844 0.9923254251480103 68
1739991567987 0.9950292110443115 69
1739991570158 0.9957756996154785 70
1739991572318 0.9951841831207275 71
1739991574457 0.9941916465759277 72
1739991576619 0.9941447973251343 73
1739991578772 0.9974901676177979 74
1739991580921 0.9939141273498535 75
1739991583079 0.9982237815856934 76
1739991585229 0.9949795007705688 77
1739991587368 0.9937291741371155 78
1739991589534 0.9965382218360901 79
1739991591688 0.9923948049545288 80
1739991593837 0.9963728189468384 81
1739991595981 0.9965426921844482 82
1739991598134 0.9982508420944214 83
1739991600284 0.997121274471283 84
1739991602439 0.9972046613693237 85
1739991604605 0.9935593605041504 86
1739991606746 0.9955311417579651 87
1739991608896 0.9909409880638123 88
1739991611044 0.9952659010887146 89
1739991613185 0.9976229071617126 90
1739991615326 0.997607946395874 91
1739991617474 0.9956164360046387 92
1739991619623 0.9937260150909424 93
1739991621780 0.9980629086494446 94
1739991623945 0.9925862550735474 95
1739991626087 0.9971479177474976 96
1739991628232 0.9947177767753601 97
1739991630383 0.9939514398574829 98
1739991632526 0.9931493401527405 99
