1739991419607 0.45649030804634094 0
1739991421767 0.6694227457046509 1
1739991423922 0.7180519104003906 2
1739991426088 0.7676260471343994 3
1739991428239 0.7915623784065247 4
1739991430392 0.8477371335029602 5
1739991432539 0.8654557466506958 6
1739991434696 0.8860108852386475 7
1739991436852 0.8990346789360046 8
1739991438996 0.9176403284072876 9
1739991441156 0.9255601763725281 10
1739991443301 0.9271158576011658 11
1739991445450 0.933794379234314 12
1739991447596 0.946013867855072 13
1739991449747 0.9517649412155151 14
1739991451891 0.9551977515220642 15
1739991454050 0.9535902142524719 16
1739991456192 0.9617860913276672 17
1739991458342 0.9581630825996399 18
1739991460487 0.9677492380142212 19
1739991462631 0.9675852060317993 20
1739991464781 0.9697142243385315 21
1739991466935 0.971132755279541 22
1739991469084 0.9740852117538452 23
1739991471239 0.9784443378448486 24
1739991473389 0.9761731624603271 25
1739991475536 0.9769102334976196 26
1739991477685 0.9762240052223206 27
1739991479836 0.9840025901794434 28
1739991481972 0.9809635281562805 29
1739991484134 0.9876151084899902 30
1739991486285 0.9811869263648987 31
1739991488434 0.9823116064071655 32
1739991490586 0.9835394620895386 33
1739991492741 0.9897869825363159 34
1739991494885 0.9876336455345154 35
1739991497033 0.9833904504776001 36
1739991499192 0.9888405799865723 37
1739991501330 0.9879584908485413 38
1739991503477 0.9908484816551208 39
1739991505626 0.9900394678115845 40
1739991507775 0.9902058243751526 41
1739991509919 0.9922679662704468 42
1739991512076 0.9911765456199646 43
1739991514225 0.9936843514442444 44
1739991516373 0.9916244745254517 45
1739991518541 0.9949758648872375 46
1739991520694 0.9906055927276611 47
1739991522834 0.9920306205749512 48
1739991524992 0.9933087825775146 49
1739991527139 0.9924636483192444 50
1739991529293 0.9925987720489502 51
1739991531444 0.9923501014709473 52
1739991533594 0.9917272329330444 53
1739991535738 0.9969941973686218 54
1739991537886 0.9939042925834656 55
1739991540039 0.9901190400123596 56
1739991542185 0.9941962957382202 57
1739991544339 0.9954950213432312 58
1739991546483 0.9953977465629578 59
1739991548631 0.9954119920730591 60
1739991550783 0.9963365793228149 61
1739991552939 0.9956313371658325 62
1739991555080 0.994101345539093 63
1739991557243 0.9947252869606018 64
1739991559395 0.9970921874046326 65
1739991561541 0.9942041039466858 66
1739991563691 0.9926717281341553 67
1739991565844 0.9917963743209839 68
1739991567987 0.9950864315032959 69
1739991570158 0.9957523941993713 70
1739991572318 0.9951082468032837 71
1739991574457 0.9936977028846741 72
1739991576619 0.9948374032974243 73
1739991578772 0.9976796507835388 74
1739991580921 0.9939586520195007 75
1739991583079 0.9981672763824463 76
1739991585229 0.9951844215393066 77
1739991587368 0.9935593605041504 78
1739991589534 0.9961110949516296 79
1739991591688 0.9913284778594971 80
1739991593837 0.9963710308074951 81
1739991595981 0.9971136450767517 82
1739991598134 0.9980660080909729 83
1739991600284 0.9968370199203491 84
1739991602439 0.9966791272163391 85
1739991604605 0.9941855669021606 86
1739991606746 0.9947205781936646 87
1739991608896 0.9913485050201416 88
1739991611044 0.9949889183044434 89
1739991613185 0.9975472092628479 90
1739991615326 0.9975229501724243 91
1739991617474 0.995906412601471 92
1739991619623 0.9937976598739624 93
1739991621780 0.9983091950416565 94
1739991623945 0.9928313493728638 95
1739991626087 0.9967802166938782 96
1739991628232 0.9954730272293091 97
1739991630383 0.9939166307449341 98
1739991632526 0.9934227466583252 99
