1739990665100 0.7000270187854767 0
1739990665588 0.6883314748605093 1
1739990666072 0.6803586383660635 2
1739990666556 0.6687866449356079 3
1739990667038 0.653757244348526 4
1739990667522 0.632988840341568 5
1739990668004 0.5991631348927816 6
1739990668484 0.5615226328372955 7
1739990668967 0.513014222184817 8
1739990669457 0.4886295149723689 9
1739990669938 0.45454294979572296 10
1739990670422 0.401109700401624 11
1739990670904 0.3582908759514491 12
1739990671384 0.3182038093606631 13
1739990671862 0.29922357698281604 14
1739990672341 0.2597147797544797 15
1739990672824 0.2162153422832489 16
1739990673303 0.23499486347039542 17
1739990673789 0.21391508976618448 18
1739990674270 0.2055615708231926 19
1739990674752 0.17439555625120798 20
1739990675231 0.14197826758027077 21
1739990675714 0.14408275236686072 22
1739990676197 0.12915086249510446 23
1739990676679 0.11469149465362231 24
1739990677162 0.126059640198946 25
1739990677637 0.11216012574732304 26
1739990678121 0.09106245761116345 27
1739990678605 0.0873365228374799 28
1739990679087 0.09152637980878353 29
1739990679566 0.08003057911992073 30
1739990680045 0.09244274720549583 31
1739990680529 0.07237864503016074 32
1739990681013 0.05521615967154503 33
1739990681496 0.06835586639742057 34
1739990681976 0.06582541267077129 35
1739990682456 0.07131285406649113 36
1739990682937 0.04887680492053429 37
1739990683418 0.06769342999905348 38
1739990683899 0.07489312533289194 39
1739990684383 0.04874128646527728 40
1739990684866 0.06626369183262189 41
1739990685349 0.0509259095415473 42
1739990685829 0.0519181452691555 43
1739990686309 0.053214615831772484 44
1739990686793 0.046478814290215574 45
1739990687275 0.04173184186220169 46
1739990687757 0.053021313001712166 47
1739990688240 0.03127639771749576 48
1739990688723 0.04098975161711375 49
1739990689206 0.03493995793784658 50
1739990689685 0.04327294354637464 51
1739990690168 0.03918916607896487 52
1739990690651 0.028690417607625324 53
1739990691133 0.03730312820213536 54
1739990691613 0.03282426483929157 55
1739990692095 0.038797727009902395 56
1739990692575 0.04404453871150812 57
1739990693058 0.03440522371480862 58
1739990693540 0.05463470285758376 59
1739990694025 0.05017689305047194 60
1739990694504 0.029320905761172373 61
1739990694985 0.04045596563567718 62
1739990695464 0.03338548820465803 63
1739990695946 0.024649252649396658 64
1739990696428 0.02746359716790418 65
1739990696905 0.021535787265747786 66
1739990697389 0.025739504179606836 67
1739990697868 0.025744423580666382 68
1739990698356 0.023725313910593588 69
1739990698838 0.03210046080251535 70
1739990699316 0.060152192444851 71
1739990699795 0.030652069797118504 72
1739990700274 0.03656065852070848 73
1739990700752 0.026227959121267002 74
1739990701232 0.024887335409099858 75
1739990701715 0.02104111077884833 76
1739990702194 0.018837141959617536 77
1739990702675 0.018752392226209242 78
1739990703151 0.03010830624649922 79
1739990703621 0.021173855056986213 80
1739990704089 0.037463550145427384 81
1739990704576 0.023786399940339226 82
1739990705052 0.028489168733358383 83
1739990705540 0.02635319794838627 84
1739990706020 0.023439231251055997 85
1739990706497 0.02201129534902672 86
1739990706973 0.022009547101333737 87
1739990707452 0.01948515814729035 88
1739990707937 0.04663214754934112 89
1739990708421 0.021873919720140595 90
1739990708902 0.02034388428243498 91
1739990709382 0.02101903036236763 92
1739990709859 0.02911804453469813 93
1739990710341 0.019438788605233032 94
1739990710822 0.028078187101831038 95
1739990711302 0.02801132419457038 96
1739990711782 0.03075301181524992 97
1739990712261 0.021176488682006795 98
1739990712744 0.02835987349196027 99
