1739962300726 0.7458557189028296 0
1739962304696 0.6964023156298531 1
1739962308603 0.6943807628419664 2
1739962312626 0.6945103539360894 3
1739962316657 0.6939170327451494 4
1739962320607 0.6938506229056253 5
1739962324555 0.6959980501068963 6
1739962328550 0.6944741828574075 7
1739962332475 0.6946071866485808 8
1739962336448 0.6948996918068991 9
1739962340371 0.6976441303888957 10
1739962344268 0.6944133344623777 11
1739962348213 0.6937716722488403 12
1739962352135 0.6955243289470673 13
1739962356099 0.6954864786730872 14
1739962360005 0.693392241663403 15
1739962363903 0.6934265083736844 16
1739962367763 0.6953758683469561 17
1739962371639 0.6936440252595477 18
1739962375497 0.6944231496916877 19
1739962379356 0.7058884423640039 20
1739962383234 0.6972213847769632 21
1739962387170 0.6937007496754328 22
1739962391235 0.6934576716687945 23
1739962395284 0.6948402004109488 24
1739962399326 0.6952032294538286 25
1739962403385 0.693398830625746 26
1739962407463 0.6934034864107768 27
1739962411553 0.6935352083709505 28
1739962415598 0.6942550268438127 29
1739962419608 0.6933705886205037 30
1739962423548 0.6933008740345638 31
1739962427590 0.6939842260546154 32
1739962431561 0.6938800106445948 33
1739962435497 0.6942421462800767 34
1739962439424 0.6946749473611514 35
1739962443360 0.6943430331018235 36
1739962447284 0.6943358202775319 37
1739962451320 0.6935373269849353 38
1739962455247 0.6933206849628024 39
1739962459191 0.6933681388696035 40
1739962463099 0.6940317650636038 41
1739962467045 0.6941369122929043 42
1739962470887 0.6939052654637231 43
1739962474882 0.6940495000945197 44
1739962478872 0.694128750430213 45
1739962482865 0.694892300830947 46
1739962486862 0.6939233478572634 47
1739962490880 0.6949101696411769 48
1739962494881 0.69373529487186 49
1739962498867 0.6934173934989505 50
1739962502854 0.6953743341896269 51
1739962506888 0.6939206371704737 52
1739962510903 0.6936206390460332 53
1739962514899 0.6936664193868637 54
1739962518909 0.6934266908301248 55
1739962522903 0.6935970452096727 56
1739962526799 0.6932713111241658 57
1739962530703 0.6942754775285721 58
1739962534649 0.6940995011064741 59
1739962538509 0.6935332576433818 60
1739962542352 0.6933922919962141 61
1739962546208 0.6969248692194621 62
1739962550064 0.6940568847788705 63
1739962553912 0.693390738301807 64
1739962557750 0.6935688237349192 65
1739962561616 0.6945709149042766 66
1739962565528 0.6937748895751106 67
1739962569485 0.6943546328279707 68
1739962573424 0.6939786199066375 69
1739962577344 0.6933345291349623 70
1739962581305 0.6934755093521542 71
1739962585238 0.693610680103302 72
1739962589093 0.6955457111199697 73
1739962592952 0.6941324743959639 74
1739962596874 0.6940139419502682 75
1739962600922 0.6934201581610574 76
1739962604917 0.6933646933899985 77
1739962608842 0.6933028313848707 78
1739962612775 0.6934514413277308 79
1739962616701 0.693801650736067 80
1739962620629 0.6936325798432033 81
1739962624560 0.693356254696846 82
1739962628575 0.6939745896392399 83
1739962632522 0.693421584698889 84
1739962636562 0.6935837457577387 85
1739962640580 0.693494564294815 86
1739962644553 0.6936976810296377 87
1739962648512 0.6932980593707826 88
1739962652483 0.6935252742634879 89
1739962656497 0.6948733720514509 90
1739962660440 0.6938464283943176 91
1739962664461 0.6951942678954867 92
1739962668436 0.693296437131034 93
1739962672460 0.6934824917051527 94
1739962676469 0.6935047431124581 95
1739962680433 0.6933182852135764 96
1739962684471 0.6933368901411693 97
1739962688469 0.6933994432290395 98
1739962692464 0.6933240466647678 99
