1739990919121 0.686129269691614 0
1739990921257 0.6456883182892432 1
1739990923408 0.5852982126749479 2
1739990925566 0.498578993173746 3
1739990927706 0.4160498586984781 4
1739990929848 0.3613928361580922 5
1739990931997 0.30599645467904896 6
1739990934140 0.2717832023134598 7
1739990936282 0.23377032520679328 8
1739990938428 0.21833350165532187 9
1739990940579 0.1905685459765104 10
1739990942714 0.18124593135256034 11
1739990944865 0.16615461658399838 12
1739990947010 0.15841504759513414 13
1739990949149 0.14893431961536407 14
1739990951293 0.12370557767840532 15
1739990953433 0.13609417456273848 16
1739990955575 0.09979371812481147 17
1739990957722 0.10822877717705873 18
1739990959860 0.10834463943655674 19
1739990962006 0.09014668530569626 20
1739990964151 0.07699289738845366 21
1739990966297 0.08774569200781676 22
1739990968439 0.07774653665434855 23
1739990970580 0.07296689943625377 24
1739990972732 0.05492243410732884 25
1739990974878 0.0587530777288171 26
1739990977016 0.06366416512845227 27
1739990979166 0.05858660632601151 28
1739990981310 0.04397754657727022 29
1739990983462 0.05007706417773779 30
1739990985612 0.04283206752286507 31
1739990987756 0.04234196285072427 32
1739990989900 0.04436344119648521 33
1739990992038 0.035821371514780015 34
1739990994185 0.03791986939568932 35
1739990996334 0.03018172573334036 36
1739990998478 0.03549902248554505 37
1739991000621 0.034147552017552346 38
1739991002759 0.03500024013472004 39
1739991004906 0.029702247586101294 40
1739991007057 0.023632340939142384 41
1739991009203 0.020249637434832178 42
1739991011344 0.022813605126709893 43
1739991013478 0.02140533786195402 44
1739991015618 0.02534389649876035 45
1739991017766 0.03113025184183453 46
1739991019918 0.045539430933646284 47
1739991022059 0.029242455027997494 48
1739991024189 0.018020699767825697 49
1739991026337 0.018385235041093368 50
1739991028481 0.021213106488665708 51
1739991030628 0.01717049191490962 52
1739991032771 0.022256846065059878 53
1739991034897 0.019501074951571915 54
1739991037036 0.01865920728036704 55
1739991039178 0.016717817929859918 56
1739991041323 0.01216536342130544 57
1739991043464 0.011657906033528538 58
1739991045593 0.019252384744154718 59
1739991047722 0.016451748679033838 60
1739991049865 0.017839819855558183 61
1739991052016 0.009547053522860201 62
1739991054157 0.014959611607572207 63
1739991056298 0.013541899639396714 64
1739991058412 0.01654822278606634 65
1739991060549 0.022563792129333776 66
1739991062707 0.015090144302051228 67
1739991064848 0.015138053559125043 68
1739991066990 0.013473852465932187 69
1739991069122 0.01051919599278615 70
1739991071254 0.01728977673113919 71
1739991073397 0.01316109320256286 72
1739991075550 0.013330185521716395 73
1739991077694 0.008986601176170202 74
1739991079844 0.009161655513498072 75
1739991081973 0.017131635959510907 76
1739991084111 0.01472427453308438 77
1739991086263 0.009893630098444052 78
1739991088410 0.016762551685902648 79
1739991090556 0.00835319672478363 80
1739991092697 0.010475807344146933 81
1739991094834 0.012240959819442091 82
1739991096981 0.01128416536644531 83
1739991099122 0.0059323241629709415 84
1739991101271 0.00941829647994242 85
1739991103398 0.011646712874957861 86
1739991105542 0.014340037448654095 87
1739991107686 0.0070975426754627665 88
1739991109843 0.0069695935906985635 89
1739991111990 0.013913275024746187 90
1739991114125 0.010652049834159417 91
1739991116272 0.01485883474546986 92
1739991118415 0.010160121560777323 93
1739991120562 0.006014324872432133 94
1739991122718 0.01474245210052826 95
1739991124861 0.007669267719253325 96
1739991127002 0.018225899781100452 97
1739991129147 0.010883988852863414 98
1739991131284 0.008388441696297377 99
