1739987382939 0.35065069794654846 0
1739987384495 0.32236340641975403 1
1739987386058 0.5049339532852173 2
1739987387608 0.3109400272369385 3
1739987389149 0.3308993875980377 4
1739987390701 0.29469701647758484 5
1739987392244 0.4438861310482025 6
1739987393801 0.39114394783973694 7
1739987395346 0.3862009346485138 8
1739987396893 0.6146214008331299 9
1739987398453 0.36396026611328125 10
1739987400013 0.5867555737495422 11
1739987401558 0.16178163886070251 12
1739987403098 0.3877483010292053 13
1739987404634 0.1581878513097763 14
1739987406174 0.31211668252944946 15
1739987407719 0.37162452936172485 16
1739987409263 0.4739924669265747 17
1739987410805 0.11816603690385818 18
1739987412345 0.6280277967453003 19
1739987413879 0.0 20
1739987415419 0.4520808458328247 21
1739987416970 0.5664222836494446 22
1739987418524 0.6680827140808105 23
1739987420076 0.6616633534431458 24
1739987421624 0.030626781284809113 25
1739987423169 0.5207531452178955 26
1739987424699 0.11616108566522598 27
1739987426252 0.34433725476264954 28
1739987427801 0.47854867577552795 29
1739987429347 0.0 30
1739987430892 0.621233344078064 31
1739987432426 0.17501193284988403 32
1739987433969 0.42319855093955994 33
1739987435516 0.5357019901275635 34
1739987437066 0.2572001516819 35
1739987438611 0.12281034141778946 36
1739987440153 0.6627480387687683 37
1739987441700 0.25755006074905396 38
1739987443259 0.13762818276882172 39
1739987444802 0.6687915921211243 40
1739987446348 0.33531269431114197 41
1739987447894 0.033982012420892715 42
1739987449436 0.26897096633911133 43
1739987450977 0.021705729886889458 44
1739987452522 0.6216863989830017 45
1739987454076 0.38053011894226074 46
1739987455622 0.0 47
1739987457170 0.0749616026878357 48
1739987458715 0.6667248606681824 49
1739987460254 0.668401300907135 50
1739987461805 0.6666487455368042 51
1739987463343 0.2724044919013977 52
1739987464880 0.03381618484854698 53
1739987466415 0.6656500697135925 54
1739987467958 0.6584669947624207 55
1739987469493 0.15178130567073822 56
1739987471036 0.0 57
1739987472579 0.22686715424060822 58
1739987474124 0.6690083742141724 59
1739987475658 0.6646812558174133 60
1739987477199 0.6666054129600525 61
1739987478741 0.11803130060434341 62
1739987480286 0.641385018825531 63
1739987481849 0.21754901111125946 64
1739987483398 0.003767560701817274 65
1739987484943 0.0 66
1739987486488 0.15346179902553558 67
1739987488044 0.6271598935127258 68
1739987489595 0.18901944160461426 69
1739987491146 0.2504284381866455 70
1739987492680 0.666387677192688 71
1739987494227 0.6694620251655579 72
1739987495757 0.6659048199653625 73
1739987497299 0.6666590571403503 74
1739987498848 0.6675826907157898 75
1739987500388 0.6675494313240051 76
1739987501922 0.6698850989341736 77
1739987503465 0.667510449886322 78
1739987505003 0.6658971905708313 79
1739987506545 0.662236750125885 80
1739987508083 0.6689923405647278 81
1739987509622 0.6623419523239136 82
1739987511162 0.1954754739999771 83
1739987512699 0.6481383442878723 84
1739987514246 0.6606026291847229 85
1739987515789 0.11378341168165207 86
1739987517333 0.45716455578804016 87
1739987518868 0.10502967983484268 88
1739987520404 0.6551628112792969 89
1739987521940 0.03635701164603233 90
1739987523484 0.2820700705051422 91
1739987525022 0.027057254686951637 92
1739987526568 0.5105469822883606 93
1739987528105 0.6220328211784363 94
1739987529645 0.28798335790634155 95
1739987531191 0.6668602824211121 96
1739987532732 0.6579899191856384 97
1739987534272 0.03827553614974022 98
1739987535814 0.23497255146503448 99
