1739987382939 0.4179791808128357 0
1739987384495 0.40980714559555054 1
1739987386058 0.2457839995622635 2
1739987387608 0.39850881695747375 3
1739987389149 0.349558025598526 4
1739987390701 0.3727738559246063 5
1739987392244 0.23430235683918 6
1739987393801 0.35391321778297424 7
1739987395346 0.4629897475242615 8
1739987396893 0.40944403409957886 9
1739987398453 0.40403714776039124 10
1739987400013 0.07288183271884918 11
1739987401558 0.5265780687332153 12
1739987403098 0.3005082905292511 13
1739987404634 0.5904532670974731 14
1739987406174 0.3984283208847046 15
1739987407719 0.3095623552799225 16
1739987409263 0.2072385847568512 17
1739987410805 0.5675910115242004 18
1739987412345 0.04714025557041168 19
1739987413879 0.665016770362854 20
1739987415419 0.2387493997812271 21
1739987416970 0.24027606844902039 22
1739987418524 0.0 23
1739987420076 0.0 24
1739987421624 0.6420391201972961 25
1739987423169 0.22651831805706024 26
1739987424699 0.5584206581115723 27
1739987426252 0.40912389755249023 28
1739987427801 0.19845040142536163 29
1739987429347 0.666006863117218 30
1739987430892 0.030759572982788086 31
1739987432426 0.5065662264823914 32
1739987433969 0.25820401310920715 33
1739987435516 0.17643626034259796 34
1739987437066 0.4029836654663086 35
1739987438611 0.5656092166900635 36
1739987440153 0.0 37
1739987441700 0.4265202581882477 38
1739987443259 0.5449989438056946 39
1739987444802 0.0 40
1739987446348 0.3422500789165497 41
1739987447894 0.6531214714050293 42
1739987449436 0.4399482011795044 43
1739987450977 0.6547543406486511 44
1739987452522 0.0840301364660263 45
1739987454076 0.3421593904495239 46
1739987455622 0.6671230792999268 47
1739987457170 0.6166744232177734 48
1739987458715 0.010582011193037033 49
1739987460254 0.0 50
1739987461805 0.0 51
1739987463343 0.4032081961631775 52
1739987464880 0.65861576795578 53
1739987466415 0.0 54
1739987467958 0.0 55
1739987469493 0.5143122673034668 56
1739987471036 0.6619942784309387 57
1739987472579 0.5014384388923645 58
1739987474124 0.0 59
1739987475658 0.0 60
1739987477199 0.0038314175326377153 61
1739987478741 0.5447711944580078 62
1739987480286 0.035381752997636795 63
1739987481849 0.4309191107749939 64
1739987483398 0.6658358573913574 65
1739987484943 0.6654875874519348 66
1739987486488 0.6092449426651001 67
1739987488044 0.07842633873224258 68
1739987489595 0.4860928952693939 69
1739987491146 0.5296302437782288 70
1739987492680 0.0 71
1739987494227 0.017543859779834747 72
1739987495757 0.0 73
1739987497299 0.0 74
1739987498848 0.0 75
1739987500388 0.0 76
1739987501922 0.0 77
1739987503465 0.0 78
1739987505003 0.0 79
1739987506545 0.0 80
1739987508083 0.0 81
1739987509622 0.0 82
1739987511162 0.46632522344589233 83
1739987512699 0.04143527150154114 84
1739987514246 0.030437035486102104 85
1739987515789 0.596034824848175 86
1739987517333 0.24328865110874176 87
1739987518868 0.586717426776886 88
1739987520404 0.02107279747724533 89
1739987521940 0.6229516267776489 90
1739987523484 0.42566433548927307 91
1739987525022 0.6491782665252686 92
1739987526568 0.18116888403892517 93
1739987528105 0.054820261895656586 94
1739987529645 0.4674619138240814 95
1739987531191 0.0019157087663188577 96
1739987532732 0.023801270872354507 97
1739987534272 0.6391255259513855 98
1739987535814 0.43291181325912476 99
