1739986365819 0.3159392178058624 0
1739986366093 0.1826484054327011 1
1739986366359 0.49879807233810425 2
1739986366620 0.2420634925365448 3
1739986366879 0.5650454759597778 4
1739986367146 0.6002886295318604 5
1739986367414 0.49819713830947876 6
1739986367687 0.13333334028720856 7
1739986367954 0.7325581312179565 8
1739986368222 0.5117621421813965 9
1739986368491 0.6406778693199158 10
1739986368754 0.6939393877983093 11
1739986369022 0.7508268356323242 12
1739986369292 0.7672414183616638 13
1739986369557 0.7106808423995972 14
1739986369823 0.8145456314086914 15
1739986370089 0.8608369827270508 16
1739986370354 0.9247106313705444 17
1739986370622 0.8813748359680176 18
1739986370889 0.8428331613540649 19
1739986371155 0.8718084096908569 20
1739986371422 0.9082205295562744 21
1739986371689 0.8728632926940918 22
1739986371952 0.9156630039215088 23
1739986372217 0.85944664478302 24
1739986372484 0.9019654989242554 25
1739986372752 0.8774611353874207 26
1739986373017 0.8947049975395203 27
1739986373282 0.9215685725212097 28
1739986373551 0.8814589381217957 29
1739986373818 0.8849858641624451 30
1739986374086 0.9000812768936157 31
1739986374352 0.9360269904136658 32
1739986374618 0.9814814925193787 33
1739986374885 0.4981144666671753 34
1739986375152 0.1458333432674408 35
1739986375418 0.0 36
1739986375685 0.0 37
1739986375954 0.3203125 38
1739986376222 0.49879807233810425 39
1739986376488 0.5 40
1739986376754 0.5012019872665405 41
1739986377022 0.19259260594844818 42
1739986377291 0.0 43
1739986377560 0.0 44
1739986377832 0.0 45
1739986378102 0.6190476417541504 46
1739986378368 0.5597319602966309 47
1739986378637 0.7177015542984009 48
1739986378902 0.7736073732376099 49
1739986379168 0.7262213230133057 50
1739986379433 0.5036057829856873 51
1739986379699 0.15846994519233704 52
1739986379967 0.8737468719482422 53
1739986380233 0.7641816139221191 54
1739986380500 0.8134995698928833 55
1739986380766 0.8696894645690918 56
1739986381036 0.6715812087059021 57
1739986381302 0.9304065108299255 58
1739986381562 0.5787317156791687 59
1739986381826 0.7573908567428589 60
1739986382093 0.9455127716064453 61
1739986382359 0.6666666865348816 62
1739986382625 0.4954613447189331 63
1739986382889 0.4971112012863159 64
1739986383156 0.32402199506759644 65
1739986383424 0.0 66
1739986383689 0.0 67
1739986383955 0.0 68
1739986384218 0.16987179219722748 69
1739986384482 0.5024038553237915 70
1739986384748 0.5042067766189575 71
1739986385010 0.5012019872665405 72
1739986385274 0.4976702630519867 73
1739986385536 0.5033313632011414 74
1739986385803 0.3333333432674408 75
1739986386070 0.6666666865348816 76
1739986386335 0.1666666716337204 77
1739986386599 0.5 78
1739986386861 0.5 79
1739986387127 0.4912280738353729 80
1739986387393 0.4248621165752411 81
1739986387653 0.8333333730697632 82
1739986387919 0.3333333432674408 83
1739986388183 0.20000001788139343 84
1739986388450 0.5 85
1739986388715 0.5833333730697632 86
1739986388983 1.0 87
1739986389250 0.5555555820465088 88
1739986389515 0.6666666865348816 89
1739986389776 0.2557651996612549 90
1739986390041 0.8333333730697632 91
1739986390308 0.888888955116272 92
1739986390575 0.5555555820465088 93
1739986390842 0.8333333730697632 94
1739986391100 0.6666666865348816 95
1739986391368 0.7777778506278992 96
1739986391633 0.8333333730697632 97
1739986391899 0.5833333730697632 98
1739986392163 0.9444444179534912 99
