1739986365819 0.318643182516098 0
1739986366093 0.5294858813285828 1
1739986366359 0.0 2
1739986366620 0.4963710308074951 3
1739986366879 0.516491174697876 4
1739986367146 0.5332751274108887 5
1739986367414 0.0 6
1739986367687 0.49982520937919617 7
1739986367954 0.5328015089035034 8
1739986368222 0.2888889014720917 9
1739986368491 0.5703012943267822 10
1739986368754 0.7650732398033142 11
1739986369022 0.7797884941101074 12
1739986369292 0.7519480586051941 13
1739986369557 0.69884192943573 14
1739986369823 0.7589120268821716 15
1739986370089 0.7883708477020264 16
1739986370354 0.6901540756225586 17
1739986370622 0.7720798254013062 18
1739986370889 0.7842592597007751 19
1739986371155 0.7882695198059082 20
1739986371422 0.7865151166915894 21
1739986371689 0.7443996667861938 22
1739986371952 0.7605009078979492 23
1739986372217 0.8018573522567749 24
1739986372484 0.7718267440795898 25
1739986372752 0.7944609522819519 26
1739986373017 0.767697811126709 27
1739986373282 0.6638550758361816 28
1739986373551 0.7724171876907349 29
1739986373818 0.8148236274719238 30
1739986374086 0.7773052453994751 31
1739986374352 0.6454493999481201 32
1739986374618 0.5402470827102661 33
1739986374885 0.1666666716337204 34
1739986375152 0.31069713830947876 35
1739986375418 0.4993990361690521 36
1739986375685 0.5010505318641663 37
1739986375954 0.1536458432674408 38
1739986376222 0.0 39
1739986376488 0.0 40
1739986376754 0.0 41
1739986377022 0.5081986784934998 42
1739986377291 0.501802921295166 43
1739986377560 0.5042067766189575 44
1739986377832 0.4993990361690521 45
1739986378102 0.5662343502044678 46
1739986378368 0.4150327146053314 47
1739986378637 0.525287389755249 48
1739986378902 0.8165204524993896 49
1739986379168 0.8400783538818359 50
1739986379433 0.0 51
1739986379699 0.5992922186851501 52
1739986379967 0.7647994756698608 53
1739986380233 0.8060349225997925 54
1739986380500 0.8011058568954468 55
1739986380766 0.6813977956771851 56
1739986381036 0.41349682211875916 57
1739986381302 0.750034749507904 58
1739986381562 0.939393937587738 59
1739986381826 0.7802468538284302 60
1739986382093 0.5522875785827637 61
1739986382359 0.5098907947540283 62
1739986382625 0.1666666716337204 63
1739986382889 0.3333333432674408 64
1739986383156 0.49038463830947876 65
1739986383424 0.5036057829856873 66
1739986383689 0.496995210647583 67
1739986383955 0.4945913553237915 68
1739986384218 0.3359375 69
1739986384482 0.0 70
1739986384748 0.0 71
1739986385010 0.0 72
1739986385274 0.0 73
1739986385536 0.0 74
1739986385803 0.5027695298194885 75
1739986386070 0.5034600496292114 76
1739986386335 0.5 77
1739986386599 0.5056467056274414 78
1739986386861 0.505836009979248 79
1739986387127 0.54254549741745 80
1739986387393 0.4932212233543396 81
1739986387653 0.5059086084365845 82
1739986387919 0.5040541291236877 83
1739986388183 0.5032092332839966 84
1739986388450 0.5020644068717957 85
1739986388715 0.507657527923584 86
1739986388983 0.5052493810653687 87
1739986389250 0.5038486123085022 88
1739986389515 0.506320595741272 89
1739986389776 0.4858081042766571 90
1739986390041 0.5055872201919556 91
1739986390308 0.5054869651794434 92
1739986390575 0.5067745447158813 93
1739986390842 0.5046741962432861 94
1739986391100 0.5022972822189331 95
1739986391368 0.5039576888084412 96
1739986391633 0.5036343932151794 97
1739986391899 0.5061209201812744 98
1739986392163 0.5082136392593384 99
