1739991169047 0.6882984844537882 0
1739991171204 0.6460776122716757 1
1739991173346 0.5835157220180218 2
1739991175502 0.4970325334714009 3
1739991177647 0.4214105193431561 4
1739991179806 0.35594681478463686 5
1739991181958 0.3160837625081723 6
1739991184103 0.2688865036918567 7
1739991186262 0.24020035507587287 8
1739991188406 0.20195034662118325 9
1739991190562 0.19991085219841737 10
1739991192718 0.17910879334578148 11
1739991194873 0.15926361513825563 12
1739991197020 0.14928220284099764 13
1739991199175 0.14170104379837328 14
1739991201321 0.13282234923770794 15
1739991203467 0.1213523496228915 16
1739991205622 0.10210452214456521 17
1739991207771 0.10069972083259088 18
1739991209926 0.08997313950497371 19
1739991212078 0.09147469154917277 20
1739991214223 0.0852474975041472 21
1739991216379 0.07861076947301626 22
1739991218535 0.07107574829401878 23
1739991220688 0.06651431737610927 24
1739991222848 0.06250689157213156 25
1739991224991 0.06884253927721427 26
1739991227134 0.05317951724506342 27
1739991229286 0.05093279394965906 28
1739991231425 0.04127868752066906 29
1739991233575 0.03657582534763675 30
1739991235729 0.04907510314996426 31
1739991237888 0.04055898632997504 32
1739991240031 0.03544584391280436 33
1739991242180 0.02800666021469694 34
1739991244331 0.03887052964777327 35
1739991246485 0.02455556270881341 36
1739991248640 0.026575762724790435 37
1739991250793 0.031123926003391925 38
1739991252939 0.029748147863966342 39
1739991255079 0.028224216380084936 40
1739991257246 0.02228442438913939 41
1739991259405 0.027049000446613018 42
1739991261563 0.022536780756826583 43
1739991263716 0.02085337956221058 44
1739991265860 0.029942055841764577 45
1739991268008 0.029445204239052076 46
1739991270168 0.01820013827035347 47
1739991272325 0.024756550099342488 48
1739991274494 0.019732183024573784 49
1739991276638 0.014814853560752593 50
1739991278786 0.025005952956584785 51
1739991280935 0.02350942246042765 52
1739991283088 0.014875031112191768 53
1739991285244 0.014569873751427691 54
1739991287398 0.008080335889154902 55
1739991289539 0.015770276077091694 56
1739991291678 0.017590784199106004 57
1739991293832 0.01460679224692285 58
1739991295978 0.03048373178507273 59
1739991298133 0.020669574822442464 60
1739991300279 0.021146172988944903 61
1739991302426 0.014382358165816046 62
1739991304558 0.013736518314824654 63
1739991306724 0.018353631594576515 64
1739991308880 0.015594703951277412 65
1739991311037 0.00790743523528083 66
1739991313195 0.011048786494379433 67
1739991315346 0.011338841590958718 68
1739991317480 0.015485104585352998 69
1739991319634 0.012010205313205145 70
1739991321785 0.012041962132430993 71
1739991323932 0.016721567868864022 72
1739991326085 0.01573520539722477 73
1739991328232 0.01299960332779357 74
1739991330365 0.011533200973644853 75
1739991332513 0.011412648134864867 76
1739991334675 0.01793663489829319 77
1739991336827 0.017859710895348914 78
1739991338981 0.018348052426098056 79
1739991341122 0.014752111742452074 80
1739991343261 0.012861678824545099 81
1739991345410 0.008930260320014965 82
1739991347570 0.011747971929323215 83
1739991349712 0.006601927045267075 84
1739991351879 0.010921291733841198 85
1739991354039 0.010815749867246129 86
1739991356176 0.011834354932384135 87
1739991358335 0.01059987023472786 88
1739991360489 0.011561525542324839 89
1739991362642 0.006238601018244831 90
1739991364788 0.0119006759666193 91
1739991366935 0.009685921751392575 92
1739991369065 0.014181384597367678 93
1739991371218 0.00880337308626622 94
1739991373367 0.009861960487726789 95
1739991375523 0.014029766446373496 96
1739991377673 0.007081746795357993 97
1739991379819 0.013846468189373039 98
1739991381964 0.006708891104118755 99
