1739963805582 0.5027778148651123 0
1739963809483 0.21666666865348816 1
1739963813454 0.14166666567325592 2
1739963817386 0.4305555522441864 3
1739963821323 0.0 4
1739963825194 0.23888888955116272 5
1739963829106 0.3222222328186035 6
1739963832955 0.21111111342906952 7
1739963836806 0.2888889014720917 8
1739963840633 0.2638888955116272 9
1739963844502 0.20000000298023224 10
1739963848393 0.08888889104127884 11
1739963852265 0.07222222536802292 12
1739963856139 0.12222222238779068 13
1739963860105 0.21388889849185944 14
1739963864053 0.34166666865348816 15
1739963867971 0.30277779698371887 16
1739963871873 0.4611111283302307 17
1739963875756 0.38333335518836975 18
1739963879601 0.6833333373069763 19
1739963883429 0.25833332538604736 20
1739963887254 0.3444444537162781 21
1739963891113 0.38055557012557983 22
1739963894947 0.75 23
1739963898794 0.6916666626930237 24
1739963902615 0.7166666984558105 25
1739963906440 0.6388888955116272 26
1739963910251 0.03888889029622078 27
1739963914063 0.5666666626930237 28
1739963917929 0.35555556416511536 29
1739963921781 0.22500000894069672 30
1739963925691 0.5 31
1739963929542 0.5888888835906982 32
1739963933381 0.3083333373069763 33
1739963937233 0.23333333432674408 34
1739963941067 0.5083333253860474 35
1739963944950 0.7166666984558105 36
1739963948830 0.25555557012557983 37
1739963952690 0.11388888955116272 38
1739963956577 0.6194444298744202 39
1739963960446 0.7111111283302307 40
1739963964298 0.23333333432674408 41
1739963968164 0.5972222089767456 42
1739963972005 0.644444465637207 43
1739963975899 0.5 44
1739963979729 0.12777778506278992 45
1739963983555 0.7277777791023254 46
1739963987397 0.37222224473953247 47
1739963991210 0.7555555701255798 48
1739963995031 0.18888889253139496 49
1739963998857 0.27222222089767456 50
1739964002671 0.28333333134651184 51
1739964006481 0.17222222685813904 52
1739964010295 0.23333333432674408 53
1739964014103 0.1944444477558136 54
1739964017915 0.20000000298023224 55
1739964021723 0.11944444477558136 56
1739964025530 0.17499999701976776 57
1739964029340 0.3916666805744171 58
1739964033154 0.1805555671453476 59
1739964036979 0.3194444477558136 60
1739964040828 0.40833333134651184 61
1739964044737 0.236111119389534 62
1739964048595 0.1388888955116272 63
1739964052440 0.10555555671453476 64
1739964056283 0.0 65
1739964060130 0.31111112236976624 66
1739964063980 0.42777779698371887 67
1739964067870 0.19722223281860352 68
1739964071771 0.0 69
1739964075633 0.0 70
1739964079471 0.03333333507180214 71
1739964083321 0.11666666716337204 72
1739964087181 0.40833333134651184 73
1739964091046 0.02222222276031971 74
1739964094892 0.35555556416511536 75
1739964098785 0.35277777910232544 76
1739964102679 0.0 77
1739964106548 0.2777777910232544 78
1739964110392 0.21666666865348816 79
1739964114234 0.519444465637207 80
1739964118085 0.07222222536802292 81
1739964121939 0.4333333373069763 82
1739964125823 0.13055555522441864 83
1739964129753 0.5333333611488342 84
1739964133574 0.5611111521720886 85
1739964137451 0.25555557012557983 86
1739964141276 0.7888889312744141 87
1739964145185 0.4166666865348816 88
1739964149064 0.1944444477558136 89
1739964152961 0.75 90
1739964156845 0.16111111640930176 91
1739964160912 0.4055555760860443 92
1739964164797 0.7333333492279053 93
1739964168671 0.6277778148651123 94
1739964172560 0.3888888955116272 95
1739964176433 0.25555557012557983 96
1739964180301 0.3611111342906952 97
1739964184197 0.7111111283302307 98
1739964188027 0.7250000238418579 99
