1739963805582 0.2888889014720917 0
1739963809483 0.47777777910232544 1
1739963813454 0.574999988079071 2
1739963817386 0.3055555522441864 3
1739963821323 0.7305555939674377 4
1739963825194 0.4861111342906952 5
1739963829106 0.38333335518836975 6
1739963832955 0.5722222328186035 7
1739963836806 0.472222238779068 8
1739963840633 0.4861111342906952 9
1739963844502 0.5055555701255798 10
1739963848393 0.6611111164093018 11
1739963852265 0.6555555462837219 12
1739963856139 0.5888888835906982 13
1739963860105 0.4472222328186035 14
1739963864053 0.39722222089767456 15
1739963867971 0.4333333373069763 16
1739963871873 0.236111119389534 17
1739963875756 0.375 18
1739963879601 0.0833333358168602 19
1739963883429 0.4444444477558136 20
1739963887254 0.3861111104488373 21
1739963891113 0.3499999940395355 22
1739963894947 0.0 23
1739963898794 0.03333333507180214 24
1739963902615 0.02222222276031971 25
1739963906440 0.12777778506278992 26
1739963910251 0.6861111521720886 27
1739963914063 0.11388888955116272 28
1739963917929 0.37222224473953247 29
1739963921781 0.5250000357627869 30
1739963925691 0.19166667759418488 31
1739963929542 0.1388888955116272 32
1739963933381 0.3638888895511627 33
1739963937233 0.5222222208976746 34
1739963941067 0.19722223281860352 35
1739963944950 0.013888888992369175 36
1739963948830 0.4444444477558136 37
1739963952690 0.5777778029441833 38
1739963956577 0.15000000596046448 39
1739963960446 0.04722222313284874 40
1739963964298 0.5083333253860474 41
1739963968164 0.12222222238779068 42
1739963972005 0.11666666716337204 43
1739963975899 0.2222222238779068 44
1739963979729 0.6111111044883728 45
1739963983555 0.06111111119389534 46
1739963987397 0.40833333134651184 47
1739963991210 0.02777777798473835 48
1739963995031 0.5444444417953491 49
1739963998857 0.4833333492279053 50
1739964002671 0.5 51
1739964006481 0.5055555701255798 52
1739964010295 0.49166667461395264 53
1739964014103 0.5611111521720886 54
1739964017915 0.550000011920929 55
1739964021723 0.5638889074325562 56
1739964025530 0.5222222208976746 57
1739964029340 0.27222222089767456 58
1739964033154 0.5305555462837219 59
1739964036979 0.40833333134651184 60
1739964040828 0.32777777314186096 61
1739964044737 0.49166667461395264 62
1739964048595 0.5305555462837219 63
1739964052440 0.6333333253860474 64
1739964056283 0.7527778148651123 65
1739964060130 0.39444446563720703 66
1739964063980 0.3333333432674408 67
1739964067870 0.5527777671813965 68
1739964071771 0.7611111402511597 69
1739964075633 0.7611111402511597 70
1739964079471 0.7111111283302307 71
1739964083321 0.6361111402511597 72
1739964087181 0.30000001192092896 73
1739964091046 0.7250000238418579 74
1739964094892 0.37222224473953247 75
1739964098785 0.3638888895511627 76
1739964102679 0.7333333492279053 77
1739964106548 0.48055556416511536 78
1739964110392 0.569444477558136 79
1739964114234 0.23888888955116272 80
1739964118085 0.644444465637207 81
1739964121939 0.29722222685813904 82
1739964125823 0.5888888835906982 83
1739964129753 0.15000000596046448 84
1739964133574 0.1944444477558136 85
1739964137451 0.47777777910232544 86
1739964141276 0.0 87
1739964145185 0.36944445967674255 88
1739964149064 0.5555555820465088 89
1739964152961 0.0 90
1739964156845 0.5944444537162781 91
1739964160912 0.35277777910232544 92
1739964164797 0.0 93
1739964168671 0.12777778506278992 94
1739964172560 0.3222222328186035 95
1739964176433 0.4611111283302307 96
1739964180301 0.36944445967674255 97
1739964184197 0.0 98
1739964188027 0.01666666753590107 99
