1739981028230 0.3056580424308777 0
1739981046160 0.14575645327568054 1
1739981064016 0.3253382444381714 2
1739981081884 0.2995079755783081 3
1739981099815 0.2601476013660431 4
1739981117478 0.22755226492881775 5
1739981135791 0.21955719590187073 6
1739981154078 0.1980319768190384 7
1739981171999 0.21525214612483978 8
1739981189815 0.30811807513237 9
1739981207758 0.18265682458877563 10
1739981225649 0.29766297340393066 11
1739981244017 0.2742927372455597 12
1739981262528 0.285977840423584 13
1739981280764 0.29212790727615356 14
1739981299132 0.23370233178138733 15
1739981317401 0.13653136789798737 16
1739981335824 0.2035670280456543 17
1739981353775 0.14206641912460327 18
1739981371928 0.17466174066066742 19
1739981390455 0.17404673993587494 20
1739981408271 0.2312423139810562 21
1739981426454 0.3271832764148712 22
1739981444897 0.10393603891134262 23
1739981463276 0.21894218027591705 24
1739981481655 0.19249692559242249 25
1739981499177 0.0959409549832344 26
1739981517146 0.2177121788263321 27
1739981534771 0.26752766966819763 28
1739981552580 0.3216482102870941 29
1739981570578 0.22939729690551758 30
1739981588434 0.18511684238910675 31
1739981606392 0.2263222634792328 32
1739981624171 0.04858548566699028 33
1739981642153 0.2146371454000473 34
1739981660014 0.10024599730968475 35
1739981677910 0.21832717955112457 36
1739981695943 0.09409593790769577 37
1739981713674 0.13345633447170258 38
1739981731645 0.25584256649017334 39
1739981749635 0.2878228724002838 40
1739981767601 0.07933579385280609 41
1739981785526 0.21340712904930115 42
1739981803360 0.14760147035121918 43
1739981821346 0.212177112698555 44
1739981839307 0.14575645327568054 45
1739981857188 0.16728167235851288 46
1739981875094 0.19864697754383087 47
1739981893014 0.10086100548505783 48
1739981911306 0.3819188177585602 49
1739981929790 0.20479704439640045 50
1739981947813 0.26752766966819763 51
1739981965685 0.1752767562866211 52
1739981983617 0.029520295560359955 53
1739982001867 0.37761378288269043 54
1739982020163 0.4126691222190857 55
1739982038326 0.20787207782268524 56
1739982056459 0.1445264369249344 57
1739982074951 0.23677736520767212 58
1739982093110 0.2988929748535156 59
1739982111276 0.26199260354042053 60
1739982129480 0.3130381107330322 61
1739982147382 0.10947109013795853 62
1739982165019 0.12238622456789017 63
1739982182825 0.3198031783103943 64
1739982200479 0.2712177038192749 65
1739982218519 0.13776136934757233 66
1739982236305 0.45018449425697327 67
1739982254284 0.25276753306388855 68
1739982272582 0.32041820883750916 69
1739982290390 0.21586716175079346 70
1739982308199 0.21279212832450867 71
1739982325906 0.10824108123779297 72
1739982343774 0.09225092083215714 73
1739982361526 0.3560885488986969 74
1739982379452 0.1863468587398529 75
1739982397226 0.1838868409395218 76
1739982414790 0.3333333134651184 77
1739982433756 0.23677736520767212 78
1739982451776 0.24108240008354187 79
1739982470194 0.4206641912460327 80
1739982488652 0.08241081982851028 81
1739982507079 0.36531364917755127 82
1739982524825 0.16297662258148193 83
1739982542659 0.3622386157512665 84
1739982560589 0.3228782117366791 85
1739982578691 0.32349324226379395 86
1739982596499 0.1045510470867157 87
1739982614342 0.2718327045440674 88
1739982632391 0.17650675773620605 89
1739982650554 0.25522753596305847 90
1739982668309 0.276752769947052 91
1739982686123 0.22816728055477142 92
1739982704049 0.1722017228603363 93
1739982721844 0.27859777212142944 94
1739982739650 0.21525214612483978 95
1739982757483 0.33763837814331055 96
1739982775280 0.21279212832450867 97
1739982793099 0.38068878650665283 98
1739982810864 0.36346861720085144 99
