1739981028230 0.21340712904930115 0
1739981046160 0.3702336847782135 1
1739981064016 0.1980319768190384 2
1739981081884 0.20233702659606934 3
1739981099815 0.2343173325061798 4
1739981117478 0.284747838973999 5
1739981135791 0.2829028367996216 6
1739981154078 0.300123006105423 7
1739981171999 0.29520294070243835 8
1739981189815 0.19372692704200745 9
1739981207758 0.3111931085586548 10
1739981225649 0.21402212977409363 11
1739981244017 0.23001229763031006 12
1739981262528 0.2177121788263321 13
1739981280764 0.19249692559242249 14
1739981299132 0.254612535238266 15
1739981317401 0.37084871530532837 16
1739981335824 0.3044280409812927 17
1739981353775 0.3591635823249817 18
1739981371928 0.30934807658195496 19
1739981390455 0.3130381107330322 20
1739981408271 0.2595326006412506 21
1739981426454 0.169741690158844 22
1739981444897 0.3874538540840149 23
1739981463276 0.2712177038192749 24
1739981481655 0.3050430417060852 25
1739981499177 0.3843788504600525 26
1739981517146 0.27859777212142944 27
1739981534771 0.23923738300800323 28
1739981552580 0.16728167235851288 29
1739981570578 0.26691266894340515 30
1739981588434 0.29766297340393066 31
1739981606392 0.26383763551712036 32
1739981624171 0.44772446155548096 33
1739981642153 0.300123006105423 34
1739981660014 0.3960639536380768 35
1739981677910 0.2761377692222595 36
1739981695943 0.38868388533592224 37
1739981713674 0.36531364917755127 38
1739981731645 0.24415743350982666 39
1739981749635 0.223247230052948 40
1739981767601 0.4077490568161011 41
1739981785526 0.2712177038192749 42
1739981803360 0.3499384820461273 43
1739981821346 0.2890528738498688 44
1739981839307 0.34932348132133484 45
1739981857188 0.31795817613601685 46
1739981875094 0.27798277139663696 47
1739981893014 0.4095940887928009 48
1739981911306 0.11931119114160538 49
1739981929790 0.2853628396987915 50
1739981947813 0.2146371454000473 51
1739981965685 0.3087330758571625 52
1739981983617 0.46494463086128235 53
1739982001867 0.11131611466407776 54
1739982020163 0.07810577750205994 55
1739982038326 0.28167280554771423 56
1739982056459 0.3357933461666107 57
1739982074951 0.2570725679397583 58
1739982093110 0.1894218921661377 59
1739982111276 0.23001229763031006 60
1739982129480 0.18450184166431427 61
1739982147382 0.3936039209365845 62
1739982165019 0.37084871530532837 63
1739982182825 0.18450184166431427 64
1739982200479 0.2115621119737625 65
1739982218519 0.3782287836074829 66
1739982236305 0.05350553244352341 67
1739982254284 0.2287822812795639 68
1739982272582 0.1666666567325592 69
1739982290390 0.2718327045440674 70
1739982308199 0.2822878062725067 71
1739982325906 0.3813038170337677 72
1739982343774 0.40467405319213867 73
1739982361526 0.14821648597717285 74
1739982379452 0.3191881775856018 75
1739982397226 0.30135300755500793 76
1739982414790 0.16174662113189697 77
1739982433756 0.26076260209083557 78
1739982451776 0.2460024505853653 79
1739982470194 0.06703566759824753 80
1739982488652 0.4323493242263794 81
1739982507079 0.13345633447170258 82
1739982524825 0.3425584137439728 83
1739982542659 0.1439114362001419 84
1739982560589 0.180811807513237 85
1739982578691 0.17404673993587494 86
1739982596499 0.3843788504600525 87
1739982614342 0.2287822812795639 88
1739982632391 0.2995079755783081 89
1739982650554 0.2515375018119812 90
1739982668309 0.22386223077774048 91
1739982686123 0.2742927372455597 92
1739982704049 0.3308733105659485 93
1739982721844 0.2207871973514557 94
1739982739650 0.2822878062725067 95
1739982757483 0.15313652157783508 96
1739982775280 0.27798277139663696 97
1739982793099 0.1186961829662323 98
1739982810864 0.12054120004177094 99
