1739989446132 0.5757852792739868 0
1739989446532 0.5057883262634277 1
1739989446921 0.4766792953014374 2
1739989447311 0.4941520690917969 3
1739989447704 0.5335168242454529 4
1739989448097 0.5894631743431091 5
1739989448486 0.6841521263122559 6
1739989448880 0.6741999983787537 7
1739989449268 0.716265082359314 8
1739989449658 0.7456138134002686 9
1739989450047 0.7568247318267822 10
1739989450435 0.7860158681869507 11
1739989450823 0.8196147680282593 12
1739989451212 0.8520668745040894 13
1739989451598 0.8541125655174255 14
1739989451987 0.8815908432006836 15
1739989452374 0.840524435043335 16
1739989452765 0.8124407529830933 17
1739989453156 0.8704442977905273 18
1739989453542 0.8994734287261963 19
1739989453929 0.861009955406189 20
1739989454319 0.8514158129692078 21
1739989454704 0.8832332491874695 22
1739989455105 0.9103755950927734 23
1739989455493 0.8907355070114136 24
1739989455882 0.9008560180664062 25
1739989456264 0.913966178894043 26
1739989456647 0.9258750677108765 27
1739989457032 0.9204436540603638 28
1739989457417 0.9099327325820923 29
1739989457803 0.9339141845703125 30
1739989458189 0.9273699522018433 31
1739989458579 0.9022839069366455 32
1739989458967 0.961272120475769 33
1739989459355 0.9543464183807373 34
1739989459737 0.9289149641990662 35
1739989460126 0.9382063150405884 36
1739989460514 0.948863685131073 37
1739989460903 0.9614455699920654 38
1739989461286 0.9575063586235046 39
1739989461675 0.9363654851913452 40
1739989462060 0.9617905616760254 41
1739989462447 0.9672781229019165 42
1739989462836 0.9693354368209839 43
1739989463228 0.9750916361808777 44
1739989463619 0.9545151591300964 45
1739989464007 0.9498412609100342 46
1739989464395 0.9679983854293823 47
1739989464786 0.9653362035751343 48
1739989465176 0.9653198719024658 49
1739989465562 0.9754170775413513 50
1739989465949 0.9714094400405884 51
1739989466336 0.9669945240020752 52
1739989466721 0.9558767676353455 53
1739989467113 0.9777369499206543 54
1739989467502 0.9715484380722046 55
1739989467885 0.9777369499206543 56
1739989468275 0.976900577545166 57
1739989468660 0.9660674929618835 58
1739989469049 0.9594823718070984 59
1739989469434 0.9824786186218262 60
1739989469822 0.9779070615768433 61
1739989470212 0.9797453880310059 62
1739989470597 0.9605672359466553 63
1739989470987 0.9704419374465942 64
1739989471376 0.9715288877487183 65
1739989471763 0.9736946821212769 66
1739989472149 0.9724359512329102 67
1739989472534 0.9769498705863953 68
1739989472925 0.983180046081543 69
1739989473314 0.9825396537780762 70
1739989473703 0.9772028923034668 71
1739989474089 0.9726418256759644 72
1739989474478 0.9775342345237732 73
1739989474866 0.9888889193534851 74
1739989475265 0.9950248599052429 75
1739989475648 0.9709860682487488 76
1739989476034 0.9788359999656677 77
1739989476423 0.9831275343894958 78
1739989476813 0.980586051940918 79
1739989477202 0.9851478338241577 80
1739989477584 0.9724223017692566 81
1739989477968 0.9773242473602295 82
1739989478353 0.9726442694664001 83
1739989478735 0.9840058088302612 84
1739989479120 0.9832345247268677 85
1739989479507 0.9876792430877686 86
1739989479890 0.9890158176422119 87
1739989480276 0.9791519045829773 88
1739989480656 0.9930555820465088 89
1739989481040 0.9895581007003784 90
1739989481423 0.9821304082870483 91
1739989481808 0.9765657186508179 92
1739989482192 0.9781750440597534 93
1739989482578 0.9832922220230103 94
1739989482962 0.983798623085022 95
1739989483352 0.9947916865348816 96
1739989483737 0.9942528605461121 97
1739989484123 0.9897046089172363 98
1739989484510 1.0 99
