1739989446132 0.3584541082382202 0
1739989446532 0.526766300201416 1
1739989446921 0.6565300822257996 2
1739989447311 0.6945908069610596 3
1739989447704 0.7219557166099548 4
1739989448097 0.7461538314819336 5
1739989448486 0.6819552183151245 6
1739989448880 0.7314586639404297 7
1739989449268 0.7431928515434265 8
1739989449658 0.7507240772247314 9
1739989450047 0.7383087873458862 10
1739989450435 0.7032537460327148 11
1739989450823 0.7080345153808594 12
1739989451212 0.6411647200584412 13
1739989451598 0.7087153196334839 14
1739989451987 0.7048201560974121 15
1739989452374 0.7629108428955078 16
1739989452765 0.8278293609619141 17
1739989453156 0.8555168509483337 18
1739989453542 0.8407529592514038 19
1739989453929 0.895098865032196 20
1739989454319 0.9270238280296326 21
1739989454704 0.8827719688415527 22
1739989455105 0.8780871629714966 23
1739989455493 0.9101399183273315 24
1739989455882 0.9240664839744568 25
1739989456264 0.9258750677108765 26
1739989456647 0.9468363523483276 27
1739989457032 0.9458791613578796 28
1739989457417 0.9731183052062988 29
1739989457803 0.9470019340515137 30
1739989458189 0.9662389755249023 31
1739989458579 0.9830379486083984 32
1739989458967 0.965641975402832 33
1739989459355 0.971340537071228 34
1739989459737 0.9657029509544373 35
1739989460126 0.9888345003128052 36
1739989460514 0.9827189445495605 37
1739989460903 0.9782781600952148 38
1739989461286 0.9894153475761414 39
1739989461675 0.9947090148925781 40
1739989462060 0.9943503141403198 41
1739989462447 0.993827223777771 42
1739989462836 0.988563060760498 43
1739989463228 1.0 44
1739989463619 0.9841691255569458 45
1739989464007 0.9823329448699951 46
1739989464395 0.9947916865348816 47
1739989464786 0.9953703880310059 48
1739989465176 0.9892473220825195 49
1739989465562 0.9833333492279053 50
1739989465949 1.0 51
1739989466336 1.0 52
1739989466721 0.9863945841789246 53
1739989467113 0.9892361164093018 54
1739989467502 1.0 55
1739989467885 0.9940476417541504 56
1739989468275 0.9901961088180542 57
1739989468660 0.9946236610412598 58
1739989469049 1.0 59
1739989469434 0.988034188747406 60
1739989469822 0.9838709831237793 61
1739989470212 1.0 62
1739989470597 0.9949495196342468 63
1739989470987 1.0 64
1739989471376 1.0 65
1739989471763 0.9839891791343689 66
1739989472149 1.0 67
1739989472534 0.9947916865348816 68
1739989472925 1.0 69
1739989473314 0.9947916865348816 70
1739989473703 0.9873842597007751 71
1739989474089 1.0 72
1739989474478 0.9953051805496216 73
1739989474866 0.9872159361839294 74
1739989475265 0.9900497794151306 75
1739989475648 1.0 76
1739989476034 1.0 77
1739989476423 0.9895833730697632 78
1739989476813 0.9942528605461121 79
1739989477202 0.9945355653762817 80
1739989477584 1.0 81
1739989477968 0.988811194896698 82
1739989478353 0.9879792928695679 83
1739989478735 0.9941520690917969 84
1739989479120 0.9833831191062927 85
1739989479507 0.9942528605461121 86
1739989479890 0.9895224571228027 87
1739989480276 0.9945355653762817 88
1739989480656 0.9950980544090271 89
1739989481040 0.9941520690917969 90
1739989481423 0.9895833730697632 91
1739989481808 0.9947916865348816 92
1739989482192 1.0 93
1739989482578 0.9900497794151306 94
1739989482962 0.9813725352287292 95
1739989483352 0.9883358478546143 96
1739989483737 0.9884353876113892 97
1739989484123 0.9950248599052429 98
1739989484510 0.9896335601806641 99
