1739962300768 0.3444444537162781 0
1739962304735 0.30000001192092896 1
1739962308636 0.5611111521720886 2
1739962312656 0.28333333134651184 3
1739962316691 0.43888890743255615 4
1739962320639 0.08055555820465088 5
1739962324594 0.5527777671813965 6
1739962328588 0.07222222536802292 7
1739962332505 0.03333333507180214 8
1739962336481 0.43611112236976624 9
1739962340405 0.1666666716337204 10
1739962344302 0.2666666805744171 11
1739962348241 0.49722224473953247 12
1739962352162 0.46666666865348816 13
1739962356123 0.3166666626930237 14
1739962360039 0.47777777910232544 15
1739962363934 0.29722222685813904 16
1739962367805 0.3222222328186035 17
1739962371675 0.3166666626930237 18
1739962375533 0.4750000238418579 19
1739962379389 0.4055555760860443 20
1739962383272 0.04444444552063942 21
1739962387210 0.06111111119389534 22
1739962391263 0.11944444477558136 23
1739962395320 0.39722222089767456 24
1739962399361 0.25 25
1739962403423 0.644444465637207 26
1739962407543 0.5916666984558105 27
1739962411589 0.5555555820465088 28
1739962415631 0.32777777314186096 29
1739962419635 0.699999988079071 30
1739962423576 0.7777777910232544 31
1739962427622 0.4166666865348816 32
1739962431602 0.45000001788139343 33
1739962435532 0.5944444537162781 34
1739962439454 0.4694444537162781 35
1739962443382 0.5611111521720886 36
1739962447320 0.7666667103767395 37
1739962451347 0.42500001192092896 38
1739962455272 0.7250000238418579 39
1739962459218 0.3583333492279053 40
1739962463126 0.42777779698371887 41
1739962467077 0.5888888835906982 42
1739962470932 0.47777777910232544 43
1739962474918 0.42777779698371887 44
1739962478912 0.35555556416511536 45
1739962482901 0.22777777910232544 46
1739962486901 0.6611111164093018 47
1739962490914 0.25555557012557983 48
1739962494919 0.46388891339302063 49
1739962498902 0.6111111044883728 50
1739962502892 0.12222222238779068 51
1739962506922 0.5055555701255798 52
1739962510934 0.3305555582046509 53
1739962514936 0.6638889312744141 54
1739962518947 0.6027777791023254 55
1739962522935 0.644444465637207 56
1739962526827 0.07777778059244156 57
1739962530730 0.550000011920929 58
1739962534684 0.7055555582046509 59
1739962538536 0.4333333373069763 60
1739962542378 0.2638888955116272 61
1739962546233 0.2944444417953491 62
1739962550086 0.18333333730697632 63
1739962553938 0.1527777761220932 64
1739962557774 0.24444444477558136 65
1739962561642 0.42777779698371887 66
1739962565559 0.10277777910232544 67
1739962569511 0.25555557012557983 68
1739962573451 0.5444444417953491 69
1739962577368 0.38333335518836975 70
1739962581327 0.09166666865348816 71
1739962585267 0.1666666716337204 72
1739962589128 0.6000000238418579 73
1739962592990 0.5055555701255798 74
1739962596915 0.30277779698371887 75
1739962600952 0.0 76
1739962604948 0.0 77
1739962608878 0.07500000298023224 78
1739962612813 0.5777778029441833 79
1739962616737 0.25833332538604736 80
1739962620662 0.3222222328186035 81
1739962624596 0.2527777850627899 82
1739962628607 0.4194444417953491 83
1739962632564 0.1388888955116272 84
1739962636600 0.20000000298023224 85
1739962640615 0.22777777910232544 86
1739962644587 0.31111112236976624 87
1739962648546 0.519444465637207 88
1739962652516 0.46666666865348816 89
1739962656529 0.36666667461395264 90
1739962660471 0.17777778208255768 91
1739962664492 0.3361111283302307 92
1739962668466 0.08888889104127884 93
1739962672493 0.1388888955116272 94
1739962676505 0.36666667461395264 95
1739962680465 0.23888888955116272 96
1739962684503 0.31388890743255615 97
1739962688501 0.2888889014720917 98
1739962692496 0.47777777910232544 99
