1739962300776 0.37222224473953247 0
1739962304743 0.38333335518836975 1
1739962308643 0.15833333134651184 2
1739962312662 0.4888888895511627 3
1739962316698 0.21944445371627808 4
1739962320645 0.6166666746139526 5
1739962324601 0.1944444477558136 6
1739962328595 0.6500000357627869 7
1739962332510 0.7277777791023254 8
1739962336487 0.25 9
1739962340412 0.6333333253860474 10
1739962344311 0.46666666865348816 11
1739962348247 0.1944444477558136 12
1739962352167 0.2944444417953491 13
1739962356128 0.3638888895511627 14
1739962360044 0.236111119389534 15
1739962363942 0.45277780294418335 16
1739962367812 0.4055555760860443 17
1739962371681 0.41111111640930176 18
1739962375540 0.24444444477558136 19
1739962379395 0.3611111342906952 20
1739962383279 0.7277777791023254 21
1739962387218 0.6472222208976746 22
1739962391267 0.5361111164093018 23
1739962395326 0.35555556416511536 24
1739962399367 0.46666666865348816 25
1739962403429 0.0555555559694767 26
1739962407563 0.11666666716337204 27
1739962411595 0.1111111119389534 28
1739962415637 0.4444444477558136 29
1739962419640 0.02777777798473835 30
1739962423581 0.0 31
1739962427628 0.26944446563720703 32
1739962431608 0.30000001192092896 33
1739962435539 0.15000000596046448 34
1739962439459 0.3166666626930237 35
1739962443386 0.16111111640930176 36
1739962447328 0.0 37
1739962451352 0.24166667461395264 38
1739962455277 0.013888888992369175 39
1739962459223 0.3444444537162781 40
1739962463131 0.2611111104488373 41
1739962467082 0.14722222089767456 42
1739962470941 0.24444444477558136 43
1739962474925 0.32500001788139343 44
1739962478919 0.3222222328186035 45
1739962482908 0.5 46
1739962486909 0.07777778059244156 47
1739962490920 0.4555555582046509 48
1739962494926 0.21111111342906952 49
1739962498908 0.08611111342906952 50
1739962502898 0.6277778148651123 51
1739962506927 0.20555555820465088 52
1739962510941 0.3333333432674408 53
1739962514942 0.07777778059244156 54
1739962518954 0.13055555522441864 55
1739962522941 0.10555555671453476 56
1739962526832 0.6527777910232544 57
1739962530735 0.20000000298023224 58
1739962534691 0.03888889029622078 59
1739962538541 0.31388890743255615 60
1739962542383 0.48055556416511536 61
1739962546237 0.4555555582046509 62
1739962550090 0.5222222208976746 63
1739962553942 0.5527777671813965 64
1739962557778 0.5027778148651123 65
1739962561647 0.2944444417953491 66
1739962565564 0.644444465637207 67
1739962569515 0.42500001192092896 68
1739962573456 0.20000000298023224 69
1739962577373 0.3222222328186035 70
1739962581332 0.5972222089767456 71
1739962585273 0.5638889074325562 72
1739962589135 0.10833333432674408 73
1739962592996 0.2611111104488373 74
1739962596923 0.36666667461395264 75
1739962600958 0.7583333253860474 76
1739962604954 0.7222222685813904 77
1739962608886 0.6611111164093018 78
1739962612820 0.15555556118488312 79
1739962616743 0.4833333492279053 80
1739962620668 0.42500001192092896 81
1739962624602 0.4138889014720917 82
1739962628612 0.2777777910232544 83
1739962632571 0.5833333730697632 84
1739962636606 0.5 85
1739962640622 0.4583333432674408 86
1739962644594 0.4611111283302307 87
1739962648553 0.16388888657093048 88
1739962652521 0.21944445371627808 89
1739962656535 0.3611111342906952 90
1739962660477 0.5611111521720886 91
1739962664498 0.4000000059604645 92
1739962668472 0.6305555701255798 93
1739962672498 0.5944444537162781 94
1739962676511 0.3638888895511627 95
1739962680471 0.47777777910232544 96
1739962684509 0.4166666865348816 97
1739962688507 0.4305555522441864 98
1739962692502 0.23888888955116272 99
