1739987197618 0.4955320358276367 0
1739987199189 0.6488155126571655 1
1739987200743 0.8045830130577087 2
1739987202302 0.7919686436653137 3
1739987203861 0.7220086455345154 4
1739987205432 0.5342209935188293 5
1739987206985 0.5475308895111084 6
1739987208536 0.33252817392349243 7
1739987210090 0.27702704071998596 8
1739987211635 0.6191716194152832 9
1739987213204 0.7645084857940674 10
1739987214758 0.8532706499099731 11
1739987216301 0.16986006498336792 12
1739987217864 0.7611671090126038 13
1739987219408 0.8929305672645569 14
1739987220948 0.6222078204154968 15
1739987222499 0.4982905983924866 16
1739987224047 0.1111111119389534 17
1739987225595 0.9701645970344543 18
1739987227150 1.0 19
1739987228703 0.2471466064453125 20
1739987230247 0.010673235170543194 21
1739987231799 1.0 22
1739987233364 0.1666666716337204 23
1739987234921 0.9270065426826477 24
1739987236484 0.0 25
1739987238047 0.7899651527404785 26
1739987239603 1.0 27
1739987241160 0.0486111119389534 28
1739987242731 0.1122395470738411 29
1739987244282 0.41883304715156555 30
1739987245826 0.9984126687049866 31
1739987247359 0.9928794503211975 32
1739987248915 0.7625115513801575 33
1739987250469 0.10370370745658875 34
1739987252021 0.600764274597168 35
1739987253574 0.42169705033302307 36
1739987255112 0.9950249195098877 37
1739987256663 0.01886792480945587 38
1739987258216 0.44773223996162415 39
1739987259761 1.0 40
1739987261310 0.3355409801006317 41
1739987262852 0.7299145460128784 42
1739987264397 0.10922787338495255 43
1739987265946 0.0 44
1739987267498 0.015083768405020237 45
1739987269055 0.46261417865753174 46
1739987270598 0.0009578543831594288 47
1739987272148 0.0 48
1739987273693 0.33844801783561707 49
1739987275251 1.0 50
1739987276801 1.0 51
1739987278346 0.9795950651168823 52
1739987279890 0.12672583758831024 53
1739987281436 0.0 54
1739987282978 0.0009107467485591769 55
1739987284522 0.008373853750526905 56
1739987286063 0.8400883078575134 57
1739987287619 0.6150809526443481 58
1739987289171 0.9549198150634766 59
1739987290721 1.0 60
1739987292269 1.0 61
1739987293816 0.7798354029655457 62
1739987295370 0.8712427616119385 63
1739987296921 0.7134444713592529 64
1739987298470 0.24009598791599274 65
1739987300011 0.20636235177516937 66
1739987301541 0.5464086532592773 67
1739987303094 0.1720554381608963 68
1739987304642 0.7696892023086548 69
1739987306195 0.9545191526412964 70
1739987307745 0.05254930257797241 71
1739987309277 0.0008680555620230734 72
1739987310839 0.8377101421356201 73
1739987312385 0.5656615495681763 74
1739987313938 0.6937483549118042 75
1739987315496 1.0 76
1739987317039 1.0 77
1739987318585 0.3343094289302826 78
1739987320135 0.8039228916168213 79
1739987321688 0.3229812681674957 80
1739987323249 0.8850272297859192 81
1739987324800 1.0 82
1739987326345 0.9991829991340637 83
1739987327899 0.13500431180000305 84
1739987329459 0.0 85
1739987331018 0.012704501859843731 86
1739987332576 0.0 87
1739987334117 0.39456647634506226 88
1739987335661 0.6118627190589905 89
1739987337219 0.052108556032180786 90
1739987338762 0.0 91
1739987340306 0.0783904641866684 92
1739987341848 0.8697518110275269 93
1739987343394 0.9777904152870178 94
1739987344940 0.9691672921180725 95
1739987346490 0.280703067779541 96
1739987348040 0.11925934255123138 97
1739987349583 0.09218893945217133 98
1739987351128 0.0 99
