1739987197618 0.5317416191101074 0
1739987199189 0.5530740022659302 1
1739987200743 0.5744443535804749 2
1739987202302 0.6756654977798462 3
1739987203861 0.7315345406532288 4
1739987205432 0.5478480458259583 5
1739987206985 0.45865604281425476 6
1739987208536 0.665123462677002 7
1739987210090 0.7222222089767456 8
1739987211635 0.38348764181137085 9
1739987213204 0.2745637893676758 10
1739987214758 0.18231648206710815 11
1739987216301 0.8628642559051514 12
1739987217864 0.38028451800346375 13
1739987219408 0.2721230685710907 14
1739987220948 0.4157421290874481 15
1739987222499 0.5 16
1739987224047 0.8888888955116272 17
1739987225595 0.03453453257679939 18
1739987227150 0.0 19
1739987228703 0.7554634213447571 20
1739987230247 0.9898147583007812 21
1739987231799 0.0 22
1739987233364 0.8358209133148193 23
1739987234921 0.07699804753065109 24
1739987236484 1.0 25
1739987238047 0.20949521660804749 26
1739987239603 0.0 27
1739987241160 0.947668731212616 28
1739987242731 0.8880230784416199 29
1739987244282 0.5754285454750061 30
1739987245826 0.005747126881033182 31
1739987247359 0.0057488069869577885 32
1739987248915 0.23271740972995758 33
1739987250469 0.892973780632019 34
1739987252021 0.3995181620121002 35
1739987253574 0.5790796279907227 36
1739987255112 0.0054644811898469925 37
1739987256663 0.9807407855987549 38
1739987258216 0.5466853380203247 39
1739987259761 0.0 40
1739987261310 0.6709136366844177 41
1739987262852 0.26187583804130554 42
1739987264397 0.8896940350532532 43
1739987265946 1.0 44
1739987267498 0.9912455677986145 45
1739987269055 0.5424892902374268 46
1739987270598 1.0 47
1739987272148 1.0 48
1739987273693 0.66165691614151 49
1739987275251 0.0 50
1739987276801 0.0 51
1739987278346 0.029148628935217857 52
1739987279890 0.8738343715667725 53
1739987281436 1.0 54
1739987282978 1.0 55
1739987284522 0.98617023229599 56
1739987286063 0.16119909286499023 57
1739987287619 0.383001446723938 58
1739987289171 0.04785438999533653 59
1739987290721 0.0 60
1739987292269 0.0 61
1739987293816 0.22586208581924438 62
1739987295370 0.13918063044548035 63
1739987296921 0.2877212166786194 64
1739987298470 0.7506162524223328 65
1739987300011 0.7944455146789551 66
1739987301541 0.46626970171928406 67
1739987303094 0.8289092183113098 68
1739987304642 0.2394184023141861 69
1739987306195 0.030217284336686134 70
1739987307745 0.9379712343215942 71
1739987309277 1.0 72
1739987310839 0.16861562430858612 73
1739987312385 0.441436767578125 74
1739987313938 0.3108057379722595 75
1739987315496 0.0 76
1739987317039 0.0 77
1739987318585 0.6647087931632996 78
1739987320135 0.18782144784927368 79
1739987321688 0.6802331209182739 80
1739987323249 0.11602490395307541 81
1739987324800 0.0 82
1739987326345 0.0009107467485591769 83
1739987327899 0.8632317781448364 84
1739987329459 1.0 85
1739987331018 0.9788998365402222 86
1739987332576 0.9992063641548157 87
1739987334117 0.6370947360992432 88
1739987335661 0.36479678750038147 89
1739987337219 0.9492285847663879 90
1739987338762 1.0 91
1739987340306 0.92317795753479 92
1739987341848 0.12834450602531433 93
1739987343394 0.02507450245320797 94
1739987344940 0.0229597557336092 95
1739987346490 0.7257722020149231 96
1739987348040 0.867082417011261 97
1739987349583 0.893982470035553 98
1739987351128 1.0 99
