1739992166740 0.6730327197483608 0
1739992169553 0.5828409535544259 1
1739992172333 0.4197435574872153 2
1739992175107 0.28557121711117883 3
1739992177899 0.2372612423130444 4
1739992180682 0.2140484860965184 5
1739992183460 0.18869880161115102 6
1739992186239 0.15655848256179264 7
1739992189016 0.14654665131654057 8
1739992191801 0.12567877641745975 9
1739992194599 0.11181395692484719 10
1739992197382 0.10733465424605779 11
1739992200163 0.08839416157986436 12
1739992202945 0.09224189509238516 13
1739992205727 0.08106836628701006 14
1739992208509 0.07946995118899004 15
1739992211290 0.06675296766417367 16
1739992214068 0.05852744081722838 17
1739992216847 0.055901822660650524 18
1739992219630 0.05428873316517898 19
1739992222402 0.054588694258459976 20
1739992225176 0.044618182895439014 21
1739992227954 0.04568556443388973 22
1739992230741 0.05348075128027371 23
1739992233515 0.04349184914359024 24
1739992236294 0.035024309477635795 25
1739992239072 0.03484529989904591 26
1739992241844 0.03240391234202045 27
1739992244629 0.027140623410897596 28
1739992247416 0.03286694592929312 29
1739992250197 0.03068689230297293 30
1739992252973 0.03425488209884082 31
1739992255749 0.024198579495506627 32
1739992258520 0.02206328815913626 33
1739992261294 0.018426657088899186 34
1739992264068 0.02671709564248366 35
1739992266846 0.03036788097981896 36
1739992269625 0.0202063468351428 37
1739992272409 0.02676296749019197 38
1739992275185 0.01979502786083945 39
1739992277966 0.016859538853168488 40
1739992280742 0.013655779337776558 41
1739992283509 0.015434221011985626 42
1739992286284 0.01601146566681564 43
1739992289052 0.01540704269095191 44
1739992291827 0.028762500087863633 45
1739992294604 0.017427923031417387 46
1739992297381 0.016435210114078863 47
1739992300144 0.015090908988245897 48
1739992302924 0.011061170504295401 49
1739992305695 0.01425806266654815 50
1739992308470 0.018005467947971608 51
1739992311252 0.016716292407363654 52
1739992314027 0.013098967487790755 53
1739992316807 0.011252187821082772 54
1739992319585 0.01277552522120199 55
1739992322351 0.015316553124492722 56
1739992325131 0.016468377467910095 57
1739992327901 0.010470259375870228 58
1739992330679 0.007453589813251581 59
1739992333457 0.00904159692581743 60
1739992336242 0.010495048352251096 61
1739992339027 0.008829607202538422 62
1739992341807 0.00745510776593749 63
1739992344594 0.010238856326655619 64
1739992347375 0.011876400327309966 65
1739992350153 0.01023501728195697 66
1739992352931 0.009410011658578047 67
1739992355710 0.01698438192584685 68
1739992358490 0.013024422127221312 69
1739992361264 0.010594896479908909 70
1739992364046 0.012008043308742344 71
1739992366820 0.009468407293648591 72
1739992369606 0.010514498219293143 73
1739992372379 0.008906119695997665 74
1739992375155 0.008454859855451755 75
1739992377946 0.0069930476136505606 76
1739992380725 0.011664705111512116 77
1739992383508 0.011366398336498865 78
1739992386296 0.016610276496170886 79
1739992389092 0.008068835149918284 80
1739992391868 0.010047532135753759 81
1739992394644 0.008196791011973152 82
1739992397425 0.014518111964155521 83
1739992400204 0.011778997037825839 84
1739992402975 0.007172312783742589 85
1739992405753 0.005955656521421458 86
1739992408531 0.010613314554627452 87
1739992411309 0.010954884702472814 88
1739992414092 0.0076107157460813014 89
1739992416871 0.005801680873680328 90
1739992419642 0.015398779641171652 91
1739992422425 0.011320892588368483 92
1739992425211 0.0076149974750088795 93
1739992427992 0.008180794236250222 94
1739992430772 0.00906778995080718 95
1739992433558 0.009722920653543302 96
1739992436335 0.00987257043099297 97
1739992439120 0.010041176650806198 98
1739992441900 0.007383969925077898 99
