1739989897966 0.5158414244651794 0
1739989899665 0.6112843751907349 1
1739989901355 0.6662149429321289 2
1739989903051 0.7154834270477295 3
1739989904752 0.7226119637489319 4
1739989906448 0.7427645921707153 5
1739989908146 0.7778200507164001 6
1739989909838 0.8042721748352051 7
1739989911539 0.8304445147514343 8
1739989913243 0.856041431427002 9
1739989914939 0.8717207908630371 10
1739989916634 0.891472578048706 11
1739989918330 0.9144887328147888 12
1739989920020 0.9029012322425842 13
1739989921717 0.9295228719711304 14
1739989923413 0.9368417263031006 15
1739989925111 0.9383569955825806 16
1739989926802 0.9407745599746704 17
1739989928492 0.9542210102081299 18
1739989930187 0.9527556896209717 19
1739989931887 0.9586263298988342 20
1739989933581 0.9565246105194092 21
1739989935273 0.9688591957092285 22
1739989936959 0.9558547735214233 23
1739989938655 0.9626017212867737 24
1739989940346 0.9632426500320435 25
1739989942042 0.9685984253883362 26
1739989943741 0.9770841002464294 27
1739989945428 0.9771896004676819 28
1739989947124 0.9713006019592285 29
1739989948821 0.9690932035446167 30
1739989950516 0.9800617694854736 31
1739989952215 0.9779598712921143 32
1739989953901 0.981533944606781 33
1739989955594 0.9846848845481873 34
1739989957291 0.9806971549987793 35
1739989958986 0.9827278256416321 36
1739989960689 0.9887672066688538 37
1739989962382 0.9755723476409912 38
1739989964066 0.9786611795425415 39
1739989965764 0.9902320504188538 40
1739989967459 0.9852632880210876 41
1739989969155 0.9901861548423767 42
1739989970850 0.9884361624717712 43
1739989972526 0.9886599183082581 44
1739989974224 0.9859772324562073 45
1739989975927 0.9896165728569031 46
1739989977625 0.9927197694778442 47
1739989979321 0.9897952675819397 48
1739989981002 0.9882788062095642 49
1739989982693 0.9869261980056763 50
1739989984390 0.9897729754447937 51
1739989986088 0.9874436855316162 52
1739989987781 0.9904351830482483 53
1739989989471 0.9894611835479736 54
1739989991153 0.9916228652000427 55
1739989992848 0.9946874976158142 56
1739989994545 0.9915676712989807 57
1739989996242 0.9930568337440491 58
1739989997936 0.9941553473472595 59
1739989999622 0.9892788529396057 60
1739990001323 0.9963631629943848 61
1739990003021 0.9913909435272217 62
1739990004719 0.9923393726348877 63
1739990006407 0.9937595725059509 64
1739990008102 0.9930627346038818 65
1739990009791 0.9950724840164185 66
1739990011484 0.9931709170341492 67
1739990013180 0.992760181427002 68
1739990014864 0.9932999610900879 69
1739990016563 0.9913938045501709 70
1739990018252 0.9925287961959839 71
1739990019951 0.990476131439209 72
1739990021641 0.9880353212356567 73
1739990023336 0.9963864684104919 74
1739990025038 0.9918049573898315 75
1739990026732 0.9940643906593323 76
1739990028424 0.9977395534515381 77
1739990030124 0.9950136542320251 78
1739990031820 0.9963784217834473 79
1739990033519 0.9953965544700623 80
1739990035214 0.9932886362075806 81
1739990036903 0.9952583909034729 82
1739990038594 0.992385983467102 83
1739990040290 0.9945623278617859 84
1739990041993 0.9957063794136047 85
1739990043690 0.9986737966537476 86
1739990045374 0.9936652183532715 87
1739990047070 0.9963994026184082 88
1739990048768 0.9940657019615173 89
1739990050463 0.9964597225189209 90
1739990052162 0.9962950348854065 91
1739990053852 0.9952569007873535 92
1739990055546 0.9918151497840881 93
1739990057245 0.9963945746421814 94
1739990058943 0.9971425533294678 95
1739990060639 1.0 96
1739990062334 0.9953314065933228 97
1739990064033 0.9916720390319824 98
1739990065730 0.9963211417198181 99
