1739989897966 0.5102295875549316 0
1739989899665 0.6273741126060486 1
1739989901355 0.7074391841888428 2
1739989903051 0.7133377194404602 3
1739989904752 0.7925153374671936 4
1739989906448 0.8066799640655518 5
1739989908146 0.836527407169342 6
1739989909838 0.8724378943443298 7
1739989911539 0.8764577507972717 8
1739989913243 0.8741082549095154 9
1739989914939 0.8980446457862854 10
1739989916634 0.9038263559341431 11
1739989918330 0.9182668924331665 12
1739989920020 0.9156541228294373 13
1739989921717 0.931253969669342 14
1739989923413 0.917840838432312 15
1739989925111 0.9386003017425537 16
1739989926802 0.9396532773971558 17
1739989928492 0.9458292722702026 18
1739989930187 0.9438706636428833 19
1739989931887 0.9436286687850952 20
1739989933581 0.9657292366027832 21
1739989935273 0.958253026008606 22
1739989936959 0.953601598739624 23
1739989938655 0.960884153842926 24
1739989940346 0.9702965021133423 25
1739989942042 0.9548708200454712 26
1739989943741 0.9790412187576294 27
1739989945428 0.9703856110572815 28
1739989947124 0.9732797145843506 29
1739989948821 0.9717968106269836 30
1739989950516 0.9715266823768616 31
1739989952215 0.9623445868492126 32
1739989953901 0.9752020239830017 33
1739989955594 0.9787917137145996 34
1739989957291 0.9804991483688354 35
1739989958986 0.9806069731712341 36
1739989960689 0.977022111415863 37
1739989962382 0.9807413816452026 38
1739989964066 0.9796912670135498 39
1739989965764 0.9713046550750732 40
1739989967459 0.9859923124313354 41
1739989969155 0.9822868704795837 42
1739989970850 0.9839792847633362 43
1739989972526 0.9871319532394409 44
1739989974224 0.981511652469635 45
1739989975927 0.9888942241668701 46
1739989977625 0.989484965801239 47
1739989979321 0.9895532727241516 48
1739989981002 0.9862295389175415 49
1739989982693 0.9894527792930603 50
1739989984390 0.9915270805358887 51
1739989986088 0.98630291223526 52
1739989987781 0.9897741079330444 53
1739989989471 0.99057537317276 54
1739989991153 0.9910814166069031 55
1739989992848 0.9899211525917053 56
1739989994545 0.9925802946090698 57
1739989996242 0.9926066398620605 58
1739989997936 0.9885731339454651 59
1739989999622 0.995297372341156 60
1739990001323 0.9900689721107483 61
1739990003021 0.9935815334320068 62
1739990004719 0.990338146686554 63
1739990006407 0.9921712279319763 64
1739990008102 0.9976604580879211 65
1739990009791 0.9902282953262329 66
1739990011484 0.9952510595321655 67
1739990013180 0.9936788082122803 68
1739990014864 0.992683470249176 69
1739990016563 0.9926289916038513 70
1739990018252 0.9950544238090515 71
1739990019951 0.9896528720855713 72
1739990021641 0.9941858649253845 73
1739990023336 0.9892259836196899 74
1739990025038 0.9935981035232544 75
1739990026732 0.9987790584564209 76
1739990028424 0.995482325553894 77
1739990030124 0.9964851140975952 78
1739990031820 0.9953888058662415 79
1739990033519 0.9963690042495728 80
1739990035214 0.9934256076812744 81
1739990036903 0.9936497211456299 82
1739990038594 0.995083212852478 83
1739990040290 0.9947512149810791 84
1739990041993 0.9963544607162476 85
1739990043690 0.9964626431465149 86
1739990045374 0.9941645860671997 87
1739990047070 0.9955365657806396 88
1739990048768 0.9940484762191772 89
1739990050463 0.9978909492492676 90
1739990052162 0.9975307583808899 91
1739990053852 0.9940308332443237 92
1739990055546 0.9972307085990906 93
1739990057245 0.9938226938247681 94
1739990058943 0.9976241588592529 95
1739990060639 0.997518002986908 96
1739990062334 0.9952899217605591 97
1739990064033 0.9964243173599243 98
1739990065730 0.992757260799408 99
