1739986853848 0.38456735014915466 0
1739986854945 0.5702502131462097 1
1739986856036 0.6195250749588013 2
1739986857126 0.6297897696495056 3
1739986858218 0.6580039262771606 4
1739986859308 0.6796687245368958 5
1739986860390 0.6884445548057556 6
1739986861468 0.6789380311965942 7
1739986862559 0.6690921783447266 8
1739986863648 0.5920052528381348 9
1739986864736 0.6367558240890503 10
1739986865827 0.5679846405982971 11
1739986866916 0.5950090289115906 12
1739986868005 0.5798084735870361 13
1739986869090 0.6466102600097656 14
1739986870176 0.6514248251914978 15
1739986871266 0.6695073246955872 16
1739986872351 0.6600521206855774 17
1739986873440 0.6588467955589294 18
1739986874533 0.662930428981781 19
1739986875622 0.6603968739509583 20
1739986876714 0.6614861488342285 21
1739986877804 0.6633429527282715 22
1739986878893 0.6621977090835571 23
1739986879989 0.6610214114189148 24
1739986881083 0.6624719500541687 25
1739986882175 0.6493213772773743 26
1739986883271 0.5503734350204468 27
1739986884363 0.6006912589073181 28
1739986885457 0.5169863104820251 29
1739986886545 0.6001374125480652 30
1739986887640 0.6052495837211609 31
1739986888747 0.601123571395874 32
1739986889838 0.5944861173629761 33
1739986890932 0.6111480593681335 34
1739986892028 0.5948471426963806 35
1739986893127 0.6103643774986267 36
1739986894222 0.5839897990226746 37
1739986895313 0.5879347920417786 38
1739986896402 0.602170467376709 39
1739986897497 0.6025415658950806 40
1739986898589 0.6038203239440918 41
1739986899676 0.5869864821434021 42
1739986900769 0.5924968123435974 43
1739986901859 0.5786284804344177 44
1739986902949 0.6042909622192383 45
1739986904037 0.6024268269538879 46
1739986905125 0.6173178553581238 47
1739986906215 0.5927062630653381 48
1739986907303 0.5918522477149963 49
1739986908397 0.6092513203620911 50
1739986909487 0.5915326476097107 51
1739986910583 0.6240351796150208 52
1739986911672 0.6126624941825867 53
1739986912761 0.6373122334480286 54
1739986913858 0.6007238626480103 55
1739986914954 0.5949604511260986 56
1739986916047 0.6098849177360535 57
1739986917143 0.5908532738685608 58
1739986918237 0.5954155921936035 59
1739986919329 0.5957188606262207 60
1739986920418 0.5815534591674805 61
1739986921512 0.5964207053184509 62
1739986922605 0.5786572694778442 63
1739986923696 0.6021659970283508 64
1739986924788 0.6072112321853638 65
1739986925879 0.6019749641418457 66
1739986926966 0.6192255020141602 67
1739986928061 0.5645601153373718 68
1739986929155 0.592218279838562 69
1739986930245 0.5907150506973267 70
1739986931338 0.5488853454589844 71
1739986932430 0.5987074971199036 72
1739986933519 0.5720897912979126 73
1739986934614 0.594575822353363 74
1739986935704 0.6124317049980164 75
1739986936796 0.5877618789672852 76
1739986937888 0.6123064756393433 77
1739986938985 0.5661954879760742 78
1739986940084 0.6175218820571899 79
1739986941180 0.6229955554008484 80
1739986942272 0.5639933347702026 81
1739986943370 0.6194107532501221 82
1739986944466 0.6123834848403931 83
1739986945563 0.5996387600898743 84
1739986946657 0.6189952492713928 85
1739986947750 0.6130828261375427 86
1739986948849 0.529558539390564 87
1739986949939 0.568166196346283 88
1739986951033 0.6045988202095032 89
1739986952131 0.5977953672409058 90
1739986953227 0.5868982076644897 91
1739986954321 0.6337469220161438 92
1739986955411 0.6301005482673645 93
1739986956506 0.586982250213623 94
1739986957597 0.6283749341964722 95
1739986958693 0.617848813533783 96
1739986959781 0.5565420389175415 97
1739986960870 0.6147968769073486 98
1739986961964 0.6149954199790955 99
