1739986853848 0.46768641471862793 0
1739986854945 0.7036150693893433 1
1739986856036 0.811470627784729 2
1739986857126 0.7641997933387756 3
1739986858218 0.7589576840400696 4
1739986859308 0.8740192651748657 5
1739986860390 0.8984315991401672 6
1739986861468 0.8164910674095154 7
1739986862559 0.7633506655693054 8
1739986863648 0.9275632500648499 9
1739986864736 0.636134684085846 10
1739986865827 0.30978313088417053 11
1739986866916 0.43001940846443176 12
1739986868005 0.23125120997428894 13
1739986869090 0.5123487114906311 14
1739986870176 0.5190914869308472 15
1739986871266 0.7516376972198486 16
1739986872351 0.8465680480003357 17
1739986873440 0.845502495765686 18
1739986874533 0.8176202178001404 19
1739986875622 0.8459897637367249 20
1739986876714 0.857408344745636 21
1739986877804 0.8619571924209595 22
1739986878893 0.854401707649231 23
1739986879989 0.8476313948631287 24
1739986881083 0.8678192496299744 25
1739986882175 0.7171393632888794 26
1739986883271 0.30643436312675476 27
1739986884363 0.5245856046676636 28
1739986885457 0.20900389552116394 29
1739986886545 0.5196271538734436 30
1739986887640 0.5246230363845825 31
1739986888747 0.5215612649917603 32
1739986889838 0.5221787691116333 33
1739986890932 0.5254780054092407 34
1739986892028 0.5248234868049622 35
1739986893127 0.5247935056686401 36
1739986894222 0.5201220512390137 37
1739986895313 0.5224877595901489 38
1739986896402 0.520757257938385 39
1739986897497 0.5220337510108948 40
1739986898589 0.5207235217094421 41
1739986899676 0.5183334350585938 42
1739986900769 0.5208277702331543 43
1739986901859 0.516943097114563 44
1739986902949 0.5224051475524902 45
1739986904037 0.5230653882026672 46
1739986905125 0.5245175361633301 47
1739986906215 0.5222476124763489 48
1739986907303 0.522504448890686 49
1739986908397 0.5256591439247131 50
1739986909487 0.524137020111084 51
1739986910583 0.5253810882568359 52
1739986911672 0.5228751301765442 53
1739986912761 0.5270141959190369 54
1739986913858 0.5206736326217651 55
1739986914954 0.5207857489585876 56
1739986916047 0.5242658853530884 57
1739986917143 0.5239835381507874 58
1739986918237 0.5183947086334229 59
1739986919329 0.5220758318901062 60
1739986920418 0.5227333903312683 61
1739986921512 0.5212600827217102 62
1739986922605 0.5182908177375793 63
1739986923696 0.5186659693717957 64
1739986924788 0.5198546051979065 65
1739986925879 0.5172398686408997 66
1739986926966 0.5338410139083862 67
1739986928061 0.5292649865150452 68
1739986929155 0.5173465609550476 69
1739986930245 0.5182116627693176 70
1739986931338 0.5149468183517456 71
1739986932430 0.517301082611084 72
1739986933519 0.5347130298614502 73
1739986934614 0.518958330154419 74
1739986935704 0.5180543065071106 75
1739986936796 0.5231639742851257 76
1739986937888 0.5167882442474365 77
1739986938985 0.5204164385795593 78
1739986940084 0.5202090740203857 79
1739986941180 0.517009973526001 80
1739986942272 0.5360214710235596 81
1739986943370 0.520466148853302 82
1739986944466 0.5179983973503113 83
1739986945563 0.5196818113327026 84
1739986946657 0.5231837630271912 85
1739986947750 0.516762912273407 86
1739986948849 0.5014079809188843 87
1739986949939 0.5264359712600708 88
1739986951033 0.527763843536377 89
1739986952131 0.5210134387016296 90
1739986953227 0.5328328013420105 91
1739986954321 0.5205362439155579 92
1739986955411 0.5210179090499878 93
1739986956506 0.5180476307868958 94
1739986957597 0.5244432091712952 95
1739986958693 0.5205906629562378 96
1739986959781 0.5112290382385254 97
1739986960870 0.5213208198547363 98
1739986961964 0.5209601521492004 99
