1739981908765 0.17734657227993011 0
1739981937417 0.16516245901584625 1
1739981966111 0.1308664232492447 2
1739981994755 0.11191335320472717 3
1739982023524 0.18185921013355255 4
1739982052257 0.1638086587190628 5
1739982080938 0.2441335767507553 6
1739982109615 0.2251805067062378 7
1739982138332 0.31001806259155273 8
1739982167052 0.28474730253219604 9
1739982195772 0.3086642622947693 10
1739982224318 0.33483755588531494 11
1739982252803 0.31227436661720276 12
1739982281280 0.3673285245895386 13
1739982309790 0.18231046199798584 14
1739982338260 0.2247292399406433 15
1739982366806 0.12319494783878326 16
1739982395443 0.3862815797328949 17
1739982424030 0.1999097466468811 18
1739982452576 0.30731046199798584 19
1739982481211 0.20397111773490906 20
1739982509811 0.22337545454502106 21
1739982538332 0.18411552906036377 22
1739982566847 0.24503609538078308 23
1739982595385 0.36552345752716064 24
1739982623950 0.2193140834569931 25
1739982652420 0.2752707600593567 26
1739982681032 0.15523464977741241 27
1739982709481 0.4503610134124756 28
1739982737445 0.24954873323440552 29
1739982765057 0.07942238450050354 30
1739982792928 0.2554151713848114 31
1739982821484 0.25992780923843384 32
1739982849271 0.2639891803264618 33
1739982876865 0.3560469150543213 34
1739982905059 0.2635379135608673 35
1739982933583 0.13673284649848938 36
1739982961743 0.3551444113254547 37
1739982989981 0.17283393442630768 38
1739983018152 0.3470216691493988 39
1739983046343 0.3059566915035248 40
1739983074904 0.25225630402565 41
1739983103211 0.2802346646785736 42
1739983131454 0.40974730253219604 43
1739983159952 0.3086642622947693 44
1739983188388 0.23375451564788818 45
1739983216754 0.25090253353118896 46
1739983244912 0.3059566915035248 47
1739983273239 0.26263538002967834 48
1739983301710 0.28519853949546814 49
1739983330208 0.25676894187927246 50
1739983358573 0.30956679582595825 51
1739983386921 0.16561371088027954 52
1739983415365 0.18501804769039154 53
1739983443666 0.3799639046192169 54
1739983471726 0.291064977645874 55
1739983500130 0.1331227421760559 56
1739983528768 0.11732851713895798 57
1739983557120 0.2635379135608673 58
1739983585443 0.27120938897132874 59
1739983613850 0.30731046199798584 60
1739983642364 0.42870035767555237 61
1739983670966 0.1110108271241188 62
1739983699472 0.4751805067062378 63
1739983727954 0.2892599403858185 64
1739983756358 0.28203970193862915 65
1739983784777 0.2861010730266571 66
1739983813117 0.31227436661720276 67
1739983841466 0.32400721311569214 68
1739983869927 0.18231046199798584 69
1739983898242 0.19494584202766418 70
1739983926655 0.3140794336795807 71
1739983955103 0.1859205812215805 72
1739983983474 0.3131769001483917 73
1739984011913 0.22157040238380432 74
1739984040243 0.2752707600593567 75
1739984068718 0.26759928464889526 76
1739984096270 0.2224729210138321 77
1739984123618 0.23510830104351044 78
1739984151123 0.2716606557369232 79
1739984177798 0.27888086438179016 80
1739984204319 0.4228339195251465 81
1739984231036 0.35965704917907715 82
1739984257967 0.2612815797328949 83
1739984284584 0.27391695976257324 84
1739984311842 0.26850181818008423 85
1739984339133 0.09205776453018188 86
1739984365963 0.3501805067062378 87
1739984392221 0.11236461997032166 88
1739984418538 0.29241877794265747 89
1739984444863 0.20667870342731476 90
1739984471398 0.28249096870422363 91
1739984496867 0.25 92
1739984521762 0.29828518629074097 93
1739984546914 0.20171479880809784 94
1739984572073 0.26850181818008423 95
1739984597379 0.3695848286151886 96
