1739981908765 0.3217509090900421 0
1739981937417 0.3465704023838043 1
1739981966111 0.3831227421760559 2
1739981994755 0.3912454843521118 3
1739982023524 0.32671481370925903 4
1739982052257 0.33709385991096497 5
1739982080938 0.25722020864486694 6
1739982109615 0.27707579731941223 7
1739982138332 0.17599277198314667 8
1739982167052 0.20487365126609802 9
1739982195772 0.20126353204250336 10
1739982224318 0.1642599254846573 11
1739982252803 0.18005414307117462 12
1739982281280 0.1335740089416504 13
1739982309790 0.31814080476760864 14
1739982338260 0.28474730253219604 15
1739982366806 0.37951263785362244 16
1739982395443 0.10649819672107697 17
1739982424030 0.30415162444114685 18
1739982452576 0.2030685842037201 19
1739982481211 0.2829422354698181 20
1739982509811 0.2752707600593567 21
1739982538332 0.29287004470825195 22
1739982566847 0.2414259910583496 23
1739982595385 0.12996390461921692 24
1739982623950 0.28519853949546814 25
1739982652420 0.20983754098415375 26
1739982681032 0.34070396423339844 27
1739982709481 0.047382671386003494 28
1739982737445 0.253158837556839 29
1739982765057 0.4359205663204193 30
1739982792928 0.24593862891197205 31
1739982821484 0.22879061102867126 32
1739982849271 0.23420576751232147 33
1739982876865 0.14214801788330078 34
1739982905059 0.23285198211669922 35
1739982933583 0.35469314455986023 36
1739982961743 0.1308664232492447 37
1739982989981 0.33212995529174805 38
1739983018152 0.144404336810112 39
1739983046343 0.2030685842037201 40
1739983074904 0.25361010432243347 41
1739983103211 0.21570396423339844 42
1739983131454 0.08212996274232864 43
1739983159952 0.17689530551433563 44
1739983188388 0.24052345752716064 45
1739983216754 0.25361010432243347 46
1739983244912 0.20712995529174805 47
1739983273239 0.23240071535110474 48
1739983301710 0.22427797317504883 49
1739983330208 0.23736461997032166 50
1739983358573 0.18772563338279724 51
1739983386921 0.3452166020870209 52
1739983415365 0.3113718330860138 53
1739983443666 0.11010830104351044 54
1739983471726 0.23375451564788818 55
1739983500130 0.36777979135513306 56
1739983528768 0.3944043219089508 57
1739983557120 0.24007220566272736 58
1739983585443 0.24277977645397186 59
1739983613850 0.1940433233976364 60
1739983642364 0.09115523099899292 61
1739983670966 0.4029783308506012 62
1739983699472 0.019855596125125885 63
1739983727954 0.22924187779426575 64
1739983756358 0.23149819672107697 65
1739983784777 0.22427797317504883 66
1739983813117 0.19314078986644745 67
1739983841466 0.17915162444114685 68
1739983869927 0.3163357377052307 69
1739983898242 0.30415162444114685 70
1739983926655 0.19539710879325867 71
1739983955103 0.329873651266098 72
1739983983474 0.20126353204250336 73
1739984011913 0.29602888226509094 74
1739984040243 0.23781588673591614 75
1739984068718 0.24503609538078308 76
1739984096270 0.2838447690010071 77
1739984123618 0.2730144262313843 78
1739984151123 0.23691335320472717 79
1739984177798 0.23194946348667145 80
1739984204319 0.08799638599157333 81
1739984231036 0.1471119076013565 82
1739984257967 0.2527075707912445 83
1739984284584 0.2445848286151886 84
1739984311842 0.25135380029678345 85
1739984339133 0.4083935022354126 86
1739984365963 0.17148014903068542 87
1739984392221 0.4047833979129791 88
1739984418538 0.22157040238380432 89
1739984444863 0.30144405364990234 90
1739984471398 0.2414259910583496 91
1739984496867 0.26218411326408386 92
1739984521762 0.1999097466468811 93
1739984546914 0.2996389865875244 94
1739984572073 0.24503609538078308 95
1739984597379 0.14259926974773407 96
