1739991419607 0.6819854378700256 0
1739991421767 0.674299418926239 1
1739991423922 0.7482972741127014 2
1739991426088 0.844046413898468 3
1739991428239 0.8669183254241943 4
1739991430392 0.8912313580513 5
1739991432539 0.8960223197937012 6
1739991434696 0.906646192073822 7
1739991436852 0.9148047566413879 8
1739991438996 0.917195737361908 9
1739991441156 0.9261001348495483 10
1739991443301 0.934621274471283 11
1739991445450 0.9402874708175659 12
1739991447596 0.9375741481781006 13
1739991449747 0.9511159658432007 14
1739991451891 0.9526432752609253 15
1739991454050 0.9512463212013245 16
1739991456192 0.9636110067367554 17
1739991458342 0.9576947689056396 18
1739991460487 0.9648722410202026 19
1739991462631 0.9745042324066162 20
1739991464781 0.9734554886817932 21
1739991466935 0.9684269428253174 22
1739991469084 0.970396101474762 23
1739991471239 0.9834363460540771 24
1739991473389 0.9744781255722046 25
1739991475536 0.9728936553001404 26
1739991477685 0.9809820652008057 27
1739991479836 0.9797251224517822 28
1739991481972 0.9829450249671936 29
1739991484134 0.9872209429740906 30
1739991486285 0.9773410558700562 31
1739991488434 0.9858536124229431 32
1739991490586 0.985032320022583 33
1739991492741 0.9889864325523376 34
1739991494885 0.9826148748397827 35
1739991497033 0.9926320910453796 36
1739991499192 0.986496090888977 37
1739991501330 0.9883091449737549 38
1739991503477 0.9881580471992493 39
1739991505626 0.990119218826294 40
1739991507775 0.9892299771308899 41
1739991509919 0.9929516315460205 42
1739991512076 0.9876229763031006 43
1739991514225 0.9930896162986755 44
1739991516373 0.9899987578392029 45
1739991518541 0.9950950741767883 46
1739991520694 0.991644024848938 47
1739991522834 0.9941799640655518 48
1739991524992 0.9937587976455688 49
1739991527139 0.9932777881622314 50
1739991529293 0.9927697777748108 51
1739991531444 0.9933633208274841 52
1739991533594 0.9910138845443726 53
1739991535738 0.9965277910232544 54
1739991537886 0.9929581880569458 55
1739991540039 0.9902565479278564 56
1739991542185 0.99689120054245 57
1739991544339 0.9967046976089478 58
1739991546483 0.9942589402198792 59
1739991548631 0.9947229623794556 60
1739991550783 0.9966006875038147 61
1739991552939 0.9942135810852051 62
1739991555080 0.9950550198554993 63
1739991557243 0.9955306649208069 64
1739991559395 0.9986737966537476 65
1739991561541 0.9939583539962769 66
1739991563691 0.9926600456237793 67
1739991565844 0.9954528212547302 68
1739991567987 0.9938708543777466 69
1739991570158 0.9951043725013733 70
1739991572318 0.9940435290336609 71
1739991574457 0.9945594072341919 72
1739991576619 0.9926539063453674 73
1739991578772 1.0 74
1739991580921 0.9942675232887268 75
1739991583079 1.0 76
1739991585229 0.9947848916053772 77
1739991587368 0.9912998676300049 78
1739991589534 0.9964880347251892 79
1739991591688 0.9922935962677002 80
1739991593837 0.9975425601005554 81
1739991595981 0.9978483319282532 82
1739991598134 0.998798131942749 83
1739991600284 0.9965920448303223 84
1739991602439 0.9967338442802429 85
1739991604605 0.9947038888931274 86
1739991606746 0.9957404732704163 87
1739991608896 0.9894706010818481 88
1739991611044 0.9965304136276245 89
1739991613185 0.9965201616287231 90
1739991615326 0.9987180233001709 91
1739991617474 0.9965378046035767 92
1739991619623 0.9947250485420227 93
1739991621780 0.9961898326873779 94
1739991623945 0.9950849413871765 95
1739991626087 0.9955106973648071 96
1739991628232 0.9958242177963257 97
1739991630383 0.9939125180244446 98
1739991632526 0.9924429655075073 99
