1739991419607 0.3996009826660156 0
1739991421767 0.67546546459198 1
1739991423922 0.7086146473884583 2
1739991426088 0.7245710492134094 3
1739991428239 0.7473084926605225 4
1739991430392 0.8197432160377502 5
1739991432539 0.845533549785614 6
1739991434696 0.8717278838157654 7
1739991436852 0.8915336728096008 8
1739991438996 0.9227913618087769 9
1739991441156 0.926845133304596 10
1739991443301 0.9250388145446777 11
1739991445450 0.9354018568992615 12
1739991447596 0.9523022174835205 13
1739991449747 0.9554706811904907 14
1739991451891 0.9575120806694031 15
1739991454050 0.9554179906845093 16
1739991456192 0.9610667824745178 17
1739991458342 0.9628491997718811 18
1739991460487 0.9707173705101013 19
1739991462631 0.9616790413856506 20
1739991464781 0.9671874642372131 21
1739991466935 0.9736592769622803 22
1739991469084 0.9770123958587646 23
1739991471239 0.9749674201011658 24
1739991473389 0.9777449369430542 25
1739991475536 0.9844378232955933 26
1739991477685 0.9735866189002991 27
1739991479836 0.9886844158172607 28
1739991481972 0.9816731810569763 29
1739991484134 0.9895033240318298 30
1739991486285 0.9864002466201782 31
1739991488434 0.9801179766654968 32
1739991490586 0.9814399480819702 33
1739991492741 0.9907172918319702 34
1739991494885 0.9912488460540771 35
1739991497033 0.9760025143623352 36
1739991499192 0.9910620450973511 37
1739991501330 0.9861635565757751 38
1739991503477 0.9917600154876709 39
1739991505626 0.9907532930374146 40
1739991507775 0.9916446208953857 41
1739991509919 0.9919692277908325 42
1739991512076 0.9954171180725098 43
1739991514225 0.9936797618865967 44
1739991516373 0.99263995885849 45
1739991518541 0.9947243332862854 46
1739991520694 0.9898256659507751 47
1739991522834 0.9904477596282959 48
1739991524992 0.9925603270530701 49
1739991527139 0.9927493929862976 50
1739991529293 0.9926190972328186 51
1739991531444 0.9929525852203369 52
1739991533594 0.9914101362228394 53
1739991535738 0.9977376461029053 54
1739991537886 0.9952740669250488 55
1739991540039 0.9900199770927429 56
1739991542185 0.9929372668266296 57
1739991544339 0.99507737159729 58
1739991546483 0.9971510171890259 59
1739991548631 0.9953852295875549 60
1739991550783 0.9965183734893799 61
1739991552939 0.997619092464447 62
1739991555080 0.9929845333099365 63
1739991557243 0.9948785305023193 64
1739991559395 0.9953413605690002 65
1739991561541 0.9946917295455933 66
1739991563691 0.9925768375396729 67
1739991565844 0.9888772368431091 68
1739991567987 0.9963319301605225 69
1739991570158 0.996203601360321 70
1739991572318 0.9963341951370239 71
1739991574457 0.9941331744194031 72
1739991576619 0.9967677593231201 73
1739991578772 0.9954285621643066 74
1739991580921 0.9942044019699097 75
1739991583079 0.9963918924331665 76
1739991585229 0.9949750304222107 77
1739991587368 0.9964972734451294 78
1739991589534 0.9960483312606812 79
1739991591688 0.9915769100189209 80
1739991593837 0.995164155960083 81
1739991595981 0.9969966411590576 82
1739991598134 0.9973626136779785 83
1739991600284 0.9975160956382751 84
1739991602439 0.9973626136779785 85
1739991604605 0.9929257035255432 86
1739991606746 0.9950017333030701 87
1739991608896 0.9929277896881104 88
1739991611044 0.9938735365867615 89
1739991613185 0.998834490776062 90
1739991615326 0.9962582588195801 91
1739991617474 0.9955799579620361 92
1739991619623 0.9927111864089966 93
1739991621780 1.0 94
1739991623945 0.9905992150306702 95
1739991626087 0.998759388923645 96
1739991628232 0.9943282604217529 97
1739991630383 0.9939608573913574 98
1739991632526 0.9940746426582336 99
