1739963395264 0.23055556416511536 0
1739963399272 0.19722223281860352 1
1739963403246 0.38055557012557983 2
1739963407202 0.18611112236976624 3
1739963411060 0.2916666865348816 4
1739963414957 0.0555555559694767 5
1739963418860 0.39444446563720703 6
1739963422752 0.04444444552063942 7
1739963426717 0.02222222276031971 8
1739963430592 0.2944444417953491 9
1739963434501 0.1111111119389534 10
1739963438453 0.1666666716337204 11
1739963442347 0.34166666865348816 12
1739963446213 0.31388890743255615 13
1739963450064 0.2083333432674408 14
1739963453921 0.3166666626930237 15
1739963457867 0.21111111342906952 16
1739963461798 0.23333333432674408 17
1739963465634 0.21666666865348816 18
1739963469487 0.32500001788139343 19
1739963473498 0.28333333134651184 20
1739963477434 0.02222222276031971 21
1739963481331 0.04444444552063942 22
1739963485189 0.08611111342906952 23
1739963489108 0.27222222089767456 24
1739963492977 0.1666666716337204 25
1739963496858 0.45000001788139343 26
1739963500856 0.38055557012557983 27
1739963504720 0.38333335518836975 28
1739963508569 0.2083333432674408 29
1739963512576 0.46666666865348816 30
1739963516483 0.5 31
1739963520342 0.2777777910232544 32
1739963524339 0.3083333373069763 33
1739963528198 0.3777777850627899 34
1739963532112 0.3166666626930237 35
1739963536026 0.3888888955116272 36
1739963539932 0.5 37
1739963543822 0.29722222685813904 38
1739963547711 0.4861111342906952 39
1739963551566 0.24722222983837128 40
1739963555456 0.30000001192092896 41
1739963559397 0.39444446563720703 42
1739963563319 0.3194444477558136 43
1739963567239 0.28333333134651184 44
1739963571131 0.24722222983837128 45
1739963574939 0.14722222089767456 46
1739963578744 0.4416666626930237 47
1739963582650 0.17222222685813904 48
1739963586606 0.30277779698371887 49
1739963590647 0.4166666865348816 50
1739963594611 0.07777778059244156 51
1739963598546 0.3305555582046509 52
1739963602468 0.22500000894069672 53
1739963606387 0.43611112236976624 54
1739963610364 0.39444446563720703 55
1739963614300 0.42500001192092896 56
1739963618202 0.05277777835726738 57
1739963622089 0.347222238779068 58
1739963625937 0.5083333253860474 59
1739963629773 0.2777777910232544 60
1739963633622 0.16944444179534912 61
1739963637449 0.19166667759418488 62
1739963641292 0.125 63
1739963645155 0.0972222238779068 64
1739963649029 0.16388888657093048 65
1739963652931 0.3083333373069763 66
1739963656811 0.07222222536802292 67
1739963660678 0.17499999701976776 68
1739963664550 0.3583333492279053 69
1739963668397 0.24722222983837128 70
1739963672322 0.06388889253139496 71
1739963676214 0.10833333432674408 72
1739963680088 0.39722222089767456 73
1739963683946 0.32500001788139343 74
1739963687812 0.22500000894069672 75
1739963691670 0.0 76
1739963695511 0.0 77
1739963699395 0.05000000074505806 78
1739963703267 0.3861111104488373 79
1739963707128 0.15833333134651184 80
1739963710989 0.20277778804302216 81
1739963714965 0.1805555671453476 82
1739963718986 0.28333333134651184 83
1739963722996 0.08611111342906952 84
1739963726987 0.13333334028720856 85
1739963730899 0.15833333134651184 86
1739963734919 0.20277778804302216 87
1739963738831 0.375 88
1739963742752 0.3194444477558136 89
1739963746631 0.24166667461395264 90
1739963750476 0.11388888955116272 91
1739963754371 0.24722222983837128 92
1739963758239 0.05277777835726738 93
1739963762068 0.08888889104127884 94
1739963765899 0.23333333432674408 95
1739963769731 0.15000000596046448 96
1739963773546 0.20555555820465088 97
1739963777418 0.19722223281860352 98
1739963781256 0.31388890743255615 99
