1739963395264 0.25 0
1739963399272 0.25833332538604736 1
1739963403246 0.10833333432674408 2
1739963407202 0.3083333373069763 3
1739963411060 0.16111111640930176 4
1739963414957 0.4333333373069763 5
1739963418860 0.13055555522441864 6
1739963422752 0.43611112236976624 7
1739963426717 0.4888888895511627 8
1739963430592 0.17777778208255768 9
1739963434501 0.42222222685813904 10
1739963438453 0.2916666865348816 11
1739963442347 0.14444445073604584 12
1739963446213 0.20277778804302216 13
1739963450064 0.24722222983837128 14
1739963453921 0.1527777761220932 15
1739963457867 0.30000001192092896 16
1739963461798 0.2805555760860443 17
1739963465634 0.2805555760860443 18
1739963469487 0.16944444179534912 19
1739963473498 0.25 20
1739963477434 0.4555555582046509 21
1739963481331 0.4305555522441864 22
1739963485189 0.35277777910232544 23
1739963489108 0.23333333432674408 24
1739963492977 0.3166666626930237 25
1739963496858 0.0416666679084301 26
1739963500856 0.0833333358168602 27
1739963504720 0.0833333358168602 28
1739963508569 0.3083333373069763 29
1739963512576 0.01666666753590107 30
1739963516483 0.0 31
1739963520342 0.18888889253139496 32
1739963524339 0.18888889253139496 33
1739963528198 0.09444444626569748 34
1739963532112 0.21666666865348816 35
1739963536026 0.10000000149011612 36
1739963539932 0.0 37
1739963543822 0.15833333134651184 38
1739963547711 0.011111111380159855 39
1739963551566 0.23888888955116272 40
1739963555456 0.18888889253139496 41
1739963559397 0.10000000149011612 42
1739963563319 0.1527777761220932 43
1739963567239 0.21111111342906952 44
1739963571131 0.2083333432674408 45
1739963574939 0.35277777910232544 46
1739963578744 0.05277777835726738 47
1739963582650 0.32777777314186096 48
1739963586606 0.14166666567325592 49
1739963590647 0.05833333358168602 50
1739963594611 0.4055555760860443 51
1739963598546 0.14166666567325592 52
1739963602468 0.2222222238779068 53
1739963606387 0.05000000074505806 54
1739963610364 0.08888889104127884 55
1739963614300 0.07500000298023224 56
1739963618202 0.4333333373069763 57
1739963622089 0.12777778506278992 58
1739963625937 0.04444444552063942 59
1739963629773 0.20555555820465088 60
1739963633622 0.32500001788139343 61
1739963637449 0.28611111640930176 62
1739963641292 0.34166666865348816 63
1739963645155 0.3777777850627899 64
1739963649029 0.32500001788139343 65
1739963652931 0.1944444477558136 66
1739963656811 0.4333333373069763 67
1739963660678 0.30277779698371887 68
1739963664550 0.12777778506278992 69
1739963668397 0.2083333432674408 70
1739963672322 0.39444446563720703 71
1739963676214 0.3777777850627899 72
1739963680088 0.0694444477558136 73
1739963683946 0.17777778208255768 74
1739963687812 0.22500000894069672 75
1739963691670 0.5 76
1739963695511 0.5 77
1739963699395 0.43611112236976624 78
1739963703267 0.10277777910232544 79
1739963707128 0.3194444477558136 80
1739963710989 0.2944444417953491 81
1739963714965 0.2916666865348816 82
1739963718986 0.19166667759418488 83
1739963722996 0.4027777910232544 84
1739963726987 0.347222238779068 85
1739963730899 0.29722222685813904 86
1739963734919 0.2916666865348816 87
1739963738831 0.10555555671453476 88
1739963742752 0.14722222089767456 89
1739963746631 0.23055556416511536 90
1739963750476 0.37222224473953247 91
1739963754371 0.2611111104488373 92
1739963758239 0.4194444417953491 93
1739963762068 0.39722222089767456 94
1739963765899 0.24166667461395264 95
1739963769731 0.3222222328186035 96
1739963773546 0.2611111104488373 97
1739963777418 0.2805555760860443 98
1739963781256 0.1527777761220932 99
