1739990085396 0.5465881824493408 0
1739990087113 0.5961275100708008 1
1739990088833 0.7408725619316101 2
1739990090544 0.7113179564476013 3
1739990092243 0.8047948479652405 4
1739990093946 0.8304598927497864 5
1739990095657 0.8517236113548279 6
1739990097365 0.8805866837501526 7
1739990099078 0.8838455677032471 8
1739990100773 0.8865153789520264 9
1739990102483 0.8999344110488892 10
1739990104198 0.8915347456932068 11
1739990105913 0.9182218909263611 12
1739990107621 0.9125199913978577 13
1739990109328 0.9266957640647888 14
1739990111038 0.9419125914573669 15
1739990112749 0.9363297820091248 16
1739990114459 0.9392995238304138 17
1739990116166 0.9464974403381348 18
1739990117876 0.9500789046287537 19
1739990119577 0.9475888609886169 20
1739990121291 0.9515770077705383 21
1739990123002 0.9581552743911743 22
1739990124709 0.9554914832115173 23
1739990126415 0.9625227451324463 24
1739990128125 0.9628318548202515 25
1739990129830 0.9581443071365356 26
1739990131545 0.9709106683731079 27
1739990133254 0.9728679060935974 28
1739990134961 0.9707292914390564 29
1739990136667 0.9767161011695862 30
1739990138375 0.9688493609428406 31
1739990140081 0.9755567908287048 32
1739990141789 0.9697412252426147 33
1739990143496 0.9820058345794678 34
1739990145204 0.9826621413230896 35
1739990146912 0.9703072309494019 36
1739990148620 0.977557361125946 37
1739990150331 0.9851124286651611 38
1739990152037 0.9786102771759033 39
1739990153752 0.9874964356422424 40
1739990155454 0.9830901622772217 41
1739990157167 0.9802340269088745 42
1739990158879 0.9810391664505005 43
1739990160582 0.992941677570343 44
1739990162292 0.9860377907752991 45
1739990164002 0.9902984499931335 46
1739990165712 0.9864242672920227 47
1739990167429 0.9837527871131897 48
1739990169140 0.9904579520225525 49
1739990170846 0.9871332049369812 50
1739990172549 0.9916870594024658 51
1739990174257 0.980625331401825 52
1739990175964 0.9930212497711182 53
1739990177677 0.9833881855010986 54
1739990179388 0.9904188513755798 55
1739990181097 0.9900929927825928 56
1739990182807 0.9946138262748718 57
1739990184523 0.9890400171279907 58
1739990186237 0.9959102272987366 59
1739990187950 0.9894664883613586 60
1739990189659 0.9949931502342224 61
1739990191371 0.9950381517410278 62
1739990193088 0.9954522848129272 63
1739990194806 0.9907912015914917 64
1739990196516 0.9904693961143494 65
1739990198222 0.993127703666687 66
1739990199928 0.9928037524223328 67
1739990201635 0.9897801876068115 68
1739990203345 0.9964080452919006 69
1739990205051 0.9927864670753479 70
1739990206752 0.9963923096656799 71
1739990208456 0.9908560514450073 72
1739990210156 0.9961684942245483 73
1739990211865 0.9917400479316711 74
1739990213580 0.9949353933334351 75
1739990215287 0.9905901551246643 76
1739990216992 0.9903793931007385 77
1739990218700 0.9963018298149109 78
1739990220410 0.9890455007553101 79
1739990222118 0.9974556565284729 80
1739990223827 0.9951267838478088 81
1739990225525 0.9932694435119629 82
1739990227227 0.9911305904388428 83
1739990228939 0.9950894713401794 84
1739990230641 0.9976342916488647 85
1739990232349 0.9963104724884033 86
1739990234051 0.9942304491996765 87
1739990235754 0.99472576379776 88
1739990237462 0.9976992011070251 89
1739990239165 0.9926820993423462 90
1739990240876 0.9947571754455566 91
1739990242580 0.9977207779884338 92
1739990244274 0.9927206635475159 93
1739990245984 0.9940435886383057 94
1739990247687 0.9948378205299377 95
1739990249393 0.9965869188308716 96
1739990251100 0.9953491687774658 97
1739990252794 0.9946047067642212 98
1739990254505 0.998798131942749 99
