1739990085396 0.4688468277454376 0
1739990087113 0.6409618854522705 1
1739990088833 0.6121572256088257 2
1739990090544 0.7049238085746765 3
1739990092243 0.6754760146141052 4
1739990093946 0.7304607033729553 5
1739990095657 0.7274390459060669 6
1739990097365 0.7837169766426086 7
1739990099078 0.8144046068191528 8
1739990100773 0.8568190932273865 9
1739990102483 0.873822033405304 10
1739990104198 0.8832997679710388 11
1739990105913 0.898709774017334 12
1739990107621 0.9209561944007874 13
1739990109328 0.911529004573822 14
1739990111038 0.9298504590988159 15
1739990112749 0.9275676608085632 16
1739990114459 0.935951828956604 17
1739990116166 0.9455116391181946 18
1739990117876 0.9425740242004395 19
1739990119577 0.9514957070350647 20
1739990121291 0.9538713693618774 21
1739990123002 0.9558911919593811 22
1739990124709 0.9646223783493042 23
1739990126415 0.9612504839897156 24
1739990128125 0.9692326188087463 25
1739990129830 0.9668969511985779 26
1739990131545 0.9640462398529053 27
1739990133254 0.9767345190048218 28
1739990134961 0.967306911945343 29
1739990136667 0.9785212278366089 30
1739990138375 0.9745935201644897 31
1739990140081 0.9822304248809814 32
1739990141789 0.9806386232376099 33
1739990143496 0.979209840297699 34
1739990145204 0.9800785183906555 35
1739990146912 0.9801568388938904 36
1739990148620 0.9872174859046936 37
1739990150331 0.9787291288375854 38
1739990152037 0.987458348274231 39
1739990153752 0.9850984215736389 40
1739990155454 0.9823117256164551 41
1739990157167 0.9827756285667419 42
1739990158879 0.9881885647773743 43
1739990160582 0.9830470681190491 44
1739990162292 0.9884783029556274 45
1739990164002 0.9914470314979553 46
1739990165712 0.992072582244873 47
1739990167429 0.9918315410614014 48
1739990169140 0.9839915633201599 49
1739990170846 0.9909583330154419 50
1739990172549 0.9956583976745605 51
1739990174257 0.9900146722793579 52
1739990175964 0.9895721673965454 53
1739990177677 0.9895040392875671 54
1739990179388 0.9899226427078247 55
1739990181097 0.9941777586936951 56
1739990182807 0.9936063289642334 57
1739990184523 0.9933679103851318 58
1739990186237 0.9926920533180237 59
1739990187950 0.9928984642028809 60
1739990189659 0.9966568946838379 61
1739990191371 0.987332284450531 62
1739990193088 0.9951497316360474 63
1739990194806 0.9975524544715881 64
1739990196516 0.9908586740493774 65
1739990198222 0.9934986233711243 66
1739990199928 0.9924190640449524 67
1739990201635 0.9911898374557495 68
1739990203345 0.9935819506645203 69
1739990205051 0.996208667755127 70
1739990206752 0.996425986289978 71
1739990208456 0.9953859448432922 72
1739990210156 0.989168107509613 73
1739990211865 0.9963294267654419 74
1739990213580 0.9954873323440552 75
1739990215287 0.9928126335144043 76
1739990216992 0.9929837584495544 77
1739990218700 0.9880916476249695 78
1739990220410 0.9927858114242554 79
1739990222118 0.994767963886261 80
1739990223827 0.997212290763855 81
1739990225525 0.9952900409698486 82
1739990227227 0.9924210906028748 83
1739990228939 0.9938334822654724 84
1739990230641 0.9953485727310181 85
1739990232349 0.9952947497367859 86
1739990234051 0.9953950643539429 87
1739990235754 0.9936457872390747 88
1739990237462 0.9949020147323608 89
1739990239165 0.997518002986908 90
1739990240876 0.9962080717086792 91
1739990242580 0.9962944984436035 92
1739990244274 0.991230845451355 93
1739990245984 0.995512843132019 94
1739990247687 0.994245707988739 95
1739990249393 0.9917773008346558 96
1739990251100 0.9964890480041504 97
1739990252794 0.9972528219223022 98
1739990254505 0.9940606951713562 99
