1739989508585 0.7506814002990723 0
1739989508980 0.6499542593955994 1
1739989509369 0.5483103394508362 2
1739989509755 0.47956928610801697 3
1739989510142 0.47319096326828003 4
1739989510527 0.5075564384460449 5
1739989510913 0.6263227462768555 6
1739989511300 0.6936862468719482 7
1739989511688 0.7225432395935059 8
1739989512075 0.7726573944091797 9
1739989512463 0.7730565071105957 10
1739989512850 0.7991101145744324 11
1739989513240 0.8238978385925293 12
1739989513629 0.8296993970870972 13
1739989514013 0.8517347574234009 14
1739989514400 0.8608212471008301 15
1739989514788 0.8295706510543823 16
1739989515172 0.8269768953323364 17
1739989515561 0.8497899770736694 18
1739989515949 0.8910831212997437 19
1739989516335 0.8550238609313965 20
1739989516726 0.863045871257782 21
1739989517115 0.8733016848564148 22
1739989517503 0.9033783674240112 23
1739989517893 0.8693910837173462 24
1739989518274 0.8857969045639038 25
1739989518662 0.9101430177688599 26
1739989519048 0.9052613973617554 27
1739989519433 0.9239773750305176 28
1739989519820 0.9330882430076599 29
1739989520210 0.9290435314178467 30
1739989520600 0.923589825630188 31
1739989520993 0.9523271322250366 32
1739989521382 0.9375035166740417 33
1739989521766 0.9322654008865356 34
1739989522154 0.9456654787063599 35
1739989522544 0.9564785957336426 36
1739989522929 0.9457346796989441 37
1739989523316 0.9385515451431274 38
1739989523703 0.9664046168327332 39
1739989524092 0.9579831957817078 40
1739989524481 0.9270135164260864 41
1739989524872 0.963524341583252 42
1739989525268 0.9704728126525879 43
1739989525657 0.9508346319198608 44
1739989526044 0.9425053596496582 45
1739989526436 0.9640576243400574 46
1739989526822 0.9663652181625366 47
1739989527210 0.9390983581542969 48
1739989527595 0.9741456508636475 49
1739989527981 0.9754079580307007 50
1739989528367 0.9701576232910156 51
1739989528755 0.9507796168327332 52
1739989529146 0.9674688577651978 53
1739989529531 0.9756650924682617 54
1739989529918 0.969655454158783 55
1739989530308 0.9780377149581909 56
1739989530694 0.9722970724105835 57
1739989531079 0.969975471496582 58
1739989531468 0.9783509969711304 59
1739989531857 0.9756240844726562 60
1739989532242 0.9646643400192261 61
1739989532629 0.9745355844497681 62
1739989533017 0.977275013923645 63
1739989533406 0.9742664694786072 64
1739989533794 0.9660179018974304 65
1739989534181 0.9522751569747925 66
1739989534568 0.9861111044883728 67
1739989534956 0.971425473690033 68
1739989535345 0.9767526388168335 69
1739989535731 0.9778298139572144 70
1739989536118 0.9775649905204773 71
1739989536506 0.9826792478561401 72
1739989536895 0.972820520401001 73
1739989537281 0.9829502105712891 74
1739989537666 0.9849151968955994 75
1739989538056 0.9677727222442627 76
1739989538446 0.9774011373519897 77
1739989538833 0.9773855209350586 78
1739989539223 0.9771604537963867 79
1739989539611 0.9946236610412598 80
1739989540000 0.9845852851867676 81
1739989540389 0.9715403914451599 82
1739989540775 0.9738374948501587 83
1739989541164 0.9797794222831726 84
1739989541554 0.978021502494812 85
1739989541940 0.9719133377075195 86
1739989542329 0.969063401222229 87
1739989542718 0.966300368309021 88
1739989543108 0.9947916865348816 89
1739989543495 0.9929078817367554 90
1739989543885 0.9889739751815796 91
1739989544270 0.9772063493728638 92
1739989544661 0.9741185903549194 93
1739989545048 0.9781481623649597 94
1739989545435 0.9823691248893738 95
1739989545823 0.9947916865348816 96
1739989546209 0.9894220232963562 97
1739989546593 0.9844526052474976 98
1739989546980 0.9796983003616333 99
