1739989508585 0.27390462160110474 0
1739989508980 0.33898836374282837 1
1739989509369 0.5649309158325195 2
1739989509755 0.7227538824081421 3
1739989510142 0.7748363018035889 4
1739989510527 0.7923006415367126 5
1739989510913 0.7388728857040405 6
1739989511300 0.7259008288383484 7
1739989511688 0.7193441390991211 8
1739989512075 0.7184343338012695 9
1739989512463 0.7228789329528809 10
1739989512850 0.7160918116569519 11
1739989513240 0.6918729543685913 12
1739989513629 0.743421733379364 13
1739989514013 0.677092969417572 14
1739989514400 0.7095551490783691 15
1739989514788 0.7482104301452637 16
1739989515172 0.7877668738365173 17
1739989515561 0.8152777552604675 18
1739989515949 0.8219070434570312 19
1739989516335 0.8842522501945496 20
1739989516726 0.8862307071685791 21
1739989517115 0.8824167251586914 22
1739989517503 0.9052433967590332 23
1739989517893 0.9054487943649292 24
1739989518274 0.9214178323745728 25
1739989518662 0.9266400337219238 26
1739989519048 0.9341880679130554 27
1739989519433 0.9414736032485962 28
1739989519820 0.949028730392456 29
1739989520210 0.935031533241272 30
1739989520600 0.9841269850730896 31
1739989520993 0.9558767676353455 32
1739989521382 0.9602293968200684 33
1739989521766 0.9827513694763184 34
1739989522154 0.9894180297851562 35
1739989522544 0.9711461067199707 36
1739989522929 0.974818229675293 37
1739989523316 1.0 38
1739989523703 0.9642401933670044 39
1739989524092 0.9769167900085449 40
1739989524481 0.9950248599052429 41
1739989524872 0.9767219424247742 42
1739989525268 0.9835976362228394 43
1739989525657 0.9890445470809937 44
1739989526044 0.9863945841789246 45
1739989526436 0.9821428656578064 46
1739989526822 0.9678780436515808 47
1739989527210 1.0 48
1739989527595 0.9935897588729858 49
1739989527981 0.9753248691558838 50
1739989528367 0.9940476417541504 51
1739989528755 1.0 52
1739989529146 0.9944444894790649 53
1739989529531 0.9656456708908081 54
1739989529918 1.0 55
1739989530308 0.9889437556266785 56
1739989530694 0.9874433279037476 57
1739989531079 1.0 58
1739989531468 0.9758142232894897 59
1739989531857 0.9820148348808289 60
1739989532242 0.9937106966972351 61
1739989532629 0.9950248599052429 62
1739989533017 0.9831008315086365 63
1739989533406 0.9937106966972351 64
1739989533794 1.0 65
1739989534181 0.9946236610412598 66
1739989534568 0.983156144618988 67
1739989534956 0.9821898341178894 68
1739989535345 0.9946236610412598 69
1739989535731 0.989658534526825 70
1739989536118 0.9948717951774597 71
1739989536506 1.0 72
1739989536895 1.0 73
1739989537281 0.9755548238754272 74
1739989537666 0.9767311811447144 75
1739989538056 0.9935897588729858 76
1739989538446 1.0 77
1739989538833 0.9943503141403198 78
1739989539223 0.9942528605461121 79
1739989539611 0.9891015887260437 80
1739989540000 0.9895604848861694 81
1739989540389 0.9943503141403198 82
1739989540775 0.9752645492553711 83
1739989541164 0.9940476417541504 84
1739989541554 0.9885057806968689 85
1739989541940 0.9956140518188477 86
1739989542329 1.0 87
1739989542718 0.9945355653762817 88
1739989543108 0.9797453880310059 89
1739989543495 0.9778468012809753 90
1739989543885 0.9949495196342468 91
1739989544270 0.9855072498321533 92
1739989544661 1.0 93
1739989545048 1.0 94
1739989545435 0.988563060760498 95
1739989545823 0.9884197115898132 96
1739989546209 0.9887021780014038 97
1739989546593 0.988298773765564 98
1739989546980 0.9882462024688721 99
