1739964213472 0.35555556416511536 0
1739964217454 0.36666667461395264 1
1739964221365 0.35555556416511536 2
1739964225211 0.5805555582046509 3
1739964229046 0.4472222328186035 4
1739964232868 0.01666666753590107 5
1739964236696 0.5083333253860474 6
1739964240530 0.4194444417953491 7
1739964244352 0.08055555820465088 8
1739964248190 0.30277779698371887 9
1739964252031 0.2083333432674408 10
1739964255852 0.31111112236976624 11
1739964259678 0.25833332538604736 12
1739964263496 0.0 13
1739964267336 0.11666666716337204 14
1739964271161 0.18333333730697632 15
1739964274983 0.3611111342906952 16
1739964278926 0.30000001192092896 17
1739964282795 0.06666667014360428 18
1739964286679 0.625 19
1739964290574 0.14444445073604584 20
1739964294448 0.4166666865348816 21
1739964298294 0.2805555760860443 22
1739964302157 0.07222222536802292 23
1739964306071 0.25 24
1739964310015 0.4333333373069763 25
1739964313874 0.18611112236976624 26
1739964317777 0.49166667461395264 27
1739964321675 0.08888889104127884 28
1739964325651 0.11944444477558136 29
1739964329552 0.4472222328186035 30
1739964333420 0.15555556118488312 31
1739964337290 0.3916666805744171 32
1739964341202 0.1388888955116272 33
1739964345185 0.4000000059604645 34
1739964349192 0.08611111342906952 35
1739964353067 0.33888888359069824 36
1739964356926 0.5833333730697632 37
1739964360796 0.0 38
1739964364708 0.33888888359069824 39
1739964368528 0.2916666865348816 40
1739964372511 0.08888889104127884 41
1739964376406 0.04722222313284874 42
1739964380281 0.05000000074505806 43
1739964384104 0.008333333767950535 44
1739964387965 0.3916666805744171 45
1739964391787 0.20000000298023224 46
1739964395617 0.3444444537162781 47
1739964399500 0.3777777850627899 48
1739964403431 0.21666666865348816 49
1739964407379 0.15833333134651184 50
1739964411314 0.0055555556900799274 51
1739964415222 0.21666666865348816 52
1739964419085 0.2222222238779068 53
1739964422986 0.2222222238779068 54
1739964426889 0.06388889253139496 55
1739964430738 0.2222222238779068 56
1739964434580 0.3333333432674408 57
1739964438494 0.33888888359069824 58
1739964442394 0.25 59
1739964446278 0.0 60
1739964450130 0.3333333432674408 61
1739964454064 0.6527777910232544 62
1739964457925 0.25 63
1739964461746 0.3361111283302307 64
1739964465587 0.01944444514811039 65
1739964469524 0.23888888955116272 66
1739964473391 0.7444444894790649 67
1739964477299 0.7555555701255798 68
1739964481149 0.6277778148651123 69
1739964484973 0.4027777910232544 70
1739964488800 0.644444465637207 71
1739964492669 0.4833333492279053 72
1739964496504 0.4861111342906952 73
1739964500339 0.17777778208255768 74
1739964504149 0.43888890743255615 75
1739964507962 0.20000000298023224 76
1739964511824 0.5 77
1739964515743 0.7388889193534851 78
1739964519607 0.4000000059604645 79
1739964523532 0.37222224473953247 80
1739964527424 0.7388889193534851 81
1739964531285 0.7833333611488342 82
1739964535178 0.17777778208255768 83
1739964539030 0.31111112236976624 84
1739964542917 0.4444444477558136 85
1739964546834 0.7444444894790649 86
1739964550703 0.2944444417953491 87
1739964554582 0.5 88
1739964558468 0.2222222238779068 89
1739964562423 0.574999988079071 90
1739964566296 0.5555555820465088 91
1739964570141 0.20000000298023224 92
1739964574082 0.7222222685813904 93
1739964577938 0.47777777910232544 94
1739964581850 0.37222224473953247 95
1739964585823 0.27222222089767456 96
1739964589761 0.5722222328186035 97
1739964593697 0.10277777910232544 98
1739964597646 0.3638888895511627 99
