1739964213472 0.39444446563720703 0
1739964217454 0.3888888955116272 1
1739964221365 0.32500001788139343 2
1739964225211 0.19166667759418488 3
1739964229046 0.29722222685813904 4
1739964232868 0.699999988079071 5
1739964236696 0.2222222238779068 6
1739964240530 0.3333333432674408 7
1739964244352 0.6666666865348816 8
1739964248190 0.3861111104488373 9
1739964252031 0.5333333611488342 10
1739964255852 0.4000000059604645 11
1739964259678 0.4833333492279053 12
1739964263496 0.7277777791023254 13
1739964267336 0.6277778148651123 14
1739964271161 0.6166666746139526 15
1739964274983 0.40833333134651184 16
1739964278926 0.4333333373069763 17
1739964282795 0.6833333373069763 18
1739964286679 0.10000000149011612 19
1739964290574 0.5888888835906982 20
1739964294448 0.2888889014720917 21
1739964298294 0.48055556416511536 22
1739964302157 0.6388888955116272 23
1739964306071 0.45000001788139343 24
1739964310015 0.2527777850627899 25
1739964313874 0.5333333611488342 26
1739964317777 0.23888888955116272 27
1739964321675 0.6111111044883728 28
1739964325651 0.6000000238418579 29
1739964329552 0.23055556416511536 30
1739964333420 0.6111111044883728 31
1739964337290 0.32777777314186096 32
1739964341202 0.5472222566604614 33
1739964345185 0.31111112236976624 34
1739964349192 0.6166666746139526 35
1739964353067 0.38055557012557983 36
1739964356926 0.17499999701976776 37
1739964360796 0.7611111402511597 38
1739964364708 0.42777779698371887 39
1739964368528 0.43888890743255615 40
1739964372511 0.6777777671813965 41
1739964376406 0.7333333492279053 42
1739964380281 0.699999988079071 43
1739964384104 0.7722222208976746 44
1739964387965 0.32500001788139343 45
1739964391787 0.5361111164093018 46
1739964395617 0.3777777850627899 47
1739964399500 0.347222238779068 48
1739964403431 0.4833333492279053 49
1739964407379 0.5916666984558105 50
1739964411314 0.7611111402511597 51
1739964415222 0.4416666626930237 52
1739964419085 0.4305555522441864 53
1739964422986 0.5 54
1739964426889 0.6833333373069763 55
1739964430738 0.5027778148651123 56
1739964434580 0.4166666865348816 57
1739964438494 0.3611111342906952 58
1739964442394 0.4416666626930237 59
1739964446278 0.7611111402511597 60
1739964450130 0.37222224473953247 61
1739964454064 0.11388888955116272 62
1739964457925 0.5416666865348816 63
1739964461746 0.375 64
1739964465587 0.7083333730697632 65
1739964469524 0.4611111283302307 66
1739964473391 0.0 67
1739964477299 0.0 68
1739964481149 0.09166666865348816 69
1739964484973 0.2888889014720917 70
1739964488800 0.07777778059244156 71
1739964492669 0.26944446563720703 72
1739964496504 0.3055555522441864 73
1739964500339 0.550000011920929 74
1739964504149 0.2666666805744171 75
1739964507962 0.5138888955116272 76
1739964511824 0.2666666805744171 77
1739964515743 0.0 78
1739964519607 0.36944445967674255 79
1739964523532 0.3611111342906952 80
1739964527424 0.0 81
1739964531285 0.0 82
1739964535178 0.5555555820465088 83
1739964539030 0.39444446563720703 84
1739964542917 0.2611111104488373 85
1739964546834 0.0 86
1739964550703 0.42777779698371887 87
1739964554582 0.23333333432674408 88
1739964558468 0.49444445967674255 89
1739964562423 0.13333334028720856 90
1739964566296 0.15000000596046448 91
1739964570141 0.5222222208976746 92
1739964574082 0.011111111380159855 93
1739964577938 0.2611111104488373 94
1739964581850 0.37222224473953247 95
1739964585823 0.4333333373069763 96
1739964589761 0.18888889253139496 97
1739964593697 0.6083333492279053 98
1739964597646 0.35277777910232544 99
