1739989568931 0.48989734053611755 0
1739989569332 0.49040231108665466 1
1739989569723 0.5666667222976685 2
1739989570113 0.5956417322158813 3
1739989570505 0.6548463702201843 4
1739989570897 0.7135897874832153 5
1739989571285 0.691523015499115 6
1739989571676 0.7161747217178345 7
1739989572067 0.7305535078048706 8
1739989572457 0.7371536493301392 9
1739989572847 0.7327431440353394 10
1739989573239 0.7343546152114868 11
1739989573629 0.7272913455963135 12
1739989574021 0.7326359748840332 13
1739989574412 0.7411376237869263 14
1739989574802 0.7587728500366211 15
1739989575193 0.7596955299377441 16
1739989575582 0.7907695174217224 17
1739989575969 0.8469246625900269 18
1739989576356 0.8522944450378418 19
1739989576742 0.8625814914703369 20
1739989577131 0.9004618525505066 21
1739989577523 0.9109426736831665 22
1739989577911 0.9200757741928101 23
1739989578297 0.8898006677627563 24
1739989578683 0.9135632514953613 25
1739989579075 0.9260951280593872 26
1739989579468 0.9441702365875244 27
1739989579858 0.9528815150260925 28
1739989580248 0.947283148765564 29
1739989580635 0.9374949336051941 30
1739989581026 0.9735042452812195 31
1739989581414 0.9646471738815308 32
1739989581804 0.9733831286430359 33
1739989582192 0.973197877407074 34
1739989582582 0.9840390086174011 35
1739989582974 0.9784150123596191 36
1739989583366 0.9816426038742065 37
1739989583755 0.9834213256835938 38
1739989584143 0.9935897588729858 39
1739989584531 0.9769017100334167 40
1739989584923 0.9886876344680786 41
1739989585312 1.0 42
1739989585704 0.9721293449401855 43
1739989586095 0.9724549651145935 44
1739989586483 0.9835294485092163 45
1739989586872 1.0 46
1739989587263 0.9768349528312683 47
1739989587653 1.0 48
1739989588041 0.9725286364555359 49
1739989588432 0.9894694089889526 50
1739989588822 1.0 51
1739989589213 0.9949495196342468 52
1739989589605 0.9933333396911621 53
1739989590001 0.983161449432373 54
1739989590393 1.0 55
1739989590784 0.9940476417541504 56
1739989591178 0.9833333492279053 57
1739989591569 0.9943503141403198 58
1739989591958 0.9947916865348816 59
1739989592350 0.9874213933944702 60
1739989592742 0.9952380657196045 61
1739989593131 1.0 62
1739989593519 0.9924242496490479 63
1739989593907 0.9901770353317261 64
1739989594298 0.9939393997192383 65
1739989594687 0.9950248599052429 66
1739989595075 0.9933333396911621 67
1739989595462 0.9731437563896179 68
1739989595854 1.0 69
1739989596247 1.0 70
1739989596635 0.9943503141403198 71
1739989597026 0.9829968214035034 72
1739989597417 0.9912281036376953 73
1739989597807 0.993827223777771 74
1739989598195 1.0 75
1739989598582 0.9894180297851562 76
1739989598965 0.9931973218917847 77
1739989599353 0.9849215745925903 78
1739989599740 0.9791666865348816 79
1739989600126 1.0 80
1739989600513 1.0 81
1739989600896 0.9830769300460815 82
1739989601284 0.9944444894790649 83
1739989601672 0.9934641122817993 84
1739989602057 0.9824967384338379 85
1739989602446 0.9947916865348816 86
1739989602834 0.9945355653762817 87
1739989603220 0.9937106966972351 88
1739989603612 1.0 89
1739989604007 1.0 90
1739989604396 1.0 91
1739989604801 0.9882897138595581 92
1739989605190 1.0 93
1739989605580 0.9948717951774597 94
1739989605969 0.9876500964164734 95
1739989606356 0.9937106966972351 96
1739989606740 1.0 97
1739989607128 0.9832965135574341 98
1739989607515 0.9939393997192383 99
