1739989568931 0.4650150239467621 0
1739989569332 0.4850529432296753 1
1739989569723 0.5761866569519043 2
1739989570113 0.5772947072982788 3
1739989570505 0.628480076789856 4
1739989570897 0.661468505859375 5
1739989571285 0.6440645456314087 6
1739989571676 0.6907871961593628 7
1739989572067 0.7135491371154785 8
1739989572457 0.7274024486541748 9
1739989572847 0.7408594489097595 10
1739989573239 0.7445680499076843 11
1739989573629 0.7880675792694092 12
1739989574021 0.8164248466491699 13
1739989574412 0.813842236995697 14
1739989574802 0.83448326587677 15
1739989575193 0.8370048403739929 16
1739989575582 0.8512119650840759 17
1739989575969 0.8378268480300903 18
1739989576356 0.8453099727630615 19
1739989576742 0.8673914670944214 20
1739989577131 0.8842152953147888 21
1739989577523 0.8825303912162781 22
1739989577911 0.8887119293212891 23
1739989578297 0.893429696559906 24
1739989578683 0.8982047438621521 25
1739989579075 0.9078997373580933 26
1739989579468 0.9065779447555542 27
1739989579858 0.9128233194351196 28
1739989580248 0.9277170896530151 29
1739989580635 0.9237586855888367 30
1739989581026 0.9391180872917175 31
1739989581414 0.9336996078491211 32
1739989581804 0.9461416006088257 33
1739989582192 0.9276689291000366 34
1739989582582 0.965822696685791 35
1739989582974 0.9566490650177002 36
1739989583366 0.9679519534111023 37
1739989583755 0.9312536120414734 38
1739989584143 0.9418070316314697 39
1739989584531 0.9603387117385864 40
1739989584923 0.9573814868927002 41
1739989585312 0.9674524068832397 42
1739989585704 0.9530736207962036 43
1739989586095 0.959968090057373 44
1739989586483 0.9789386987686157 45
1739989586872 0.9381316900253296 46
1739989587263 0.9883041381835938 47
1739989587653 0.9598430395126343 48
1739989588041 0.9714285731315613 49
1739989588432 0.972531795501709 50
1739989588822 0.9720146656036377 51
1739989589213 0.9570805430412292 52
1739989589605 0.9793344736099243 53
1739989590001 0.9777843356132507 54
1739989590393 0.957497239112854 55
1739989590784 0.9673870801925659 56
1739989591178 0.9901961088180542 57
1739989591569 0.9683598875999451 58
1739989591958 0.9746579527854919 59
1739989592350 0.9736803770065308 60
1739989592742 0.9803640246391296 61
1739989593131 0.9730245471000671 62
1739989593519 0.9791222810745239 63
1739989593907 0.9830130934715271 64
1739989594298 0.9771353602409363 65
1739989594687 0.9647387266159058 66
1739989595075 0.9782823324203491 67
1739989595462 0.9784890413284302 68
1739989595854 0.9727686643600464 69
1739989596247 0.9663299918174744 70
1739989596635 0.9726614356040955 71
1739989597026 0.9779541492462158 72
1739989597417 0.9830245971679688 73
1739989597807 0.9714881181716919 74
1739989598195 0.9732944369316101 75
1739989598582 0.9697436094284058 76
1739989598965 0.9790140390396118 77
1739989599353 0.9782790541648865 78
1739989599740 0.9773809909820557 79
1739989600126 0.9663841724395752 80
1739989600513 0.9885023832321167 81
1739989600896 0.9892473220825195 82
1739989601284 0.9711097478866577 83
1739989601672 0.9771450757980347 84
1739989602057 0.9726759791374207 85
1739989602446 0.9834890365600586 86
1739989602834 0.9826578497886658 87
1739989603220 0.9792064428329468 88
1739989603612 0.9902546405792236 89
1739989604007 0.988358199596405 90
1739989604396 0.9738026857376099 91
1739989604801 0.9931973218917847 92
1739989605190 0.9843091368675232 93
1739989605580 0.9773129224777222 94
1739989605969 0.9795918464660645 95
1739989606356 0.9789117574691772 96
1739989606740 0.9778103828430176 97
1739989607128 0.9878689050674438 98
1739989607515 0.9813315272331238 99
