1739986365819 0.4007287621498108 0
1739986366093 0.21164022386074066 1
1739986366359 0.6654765605926514 2
1739986366620 0.11412037909030914 3
1739986366879 0.439257949590683 4
1739986367146 0.3068735897541046 5
1739986367414 0.6645540595054626 6
1739986367687 0.019900497049093246 7
1739986367954 0.2980327308177948 8
1739986368222 0.6720091700553894 9
1739986368491 0.5144369602203369 10
1739986368754 0.7159525156021118 11
1739986369022 0.7657070159912109 12
1739986369292 0.7584568858146667 13
1739986369557 0.6995428800582886 14
1739986369823 0.7731239199638367 15
1739986370089 0.8048806190490723 16
1739986370354 0.7100550532341003 17
1739986370622 0.7957775592803955 18
1739986370889 0.7994949817657471 19
1739986371155 0.8013210296630859 20
1739986371422 0.8197554349899292 21
1739986371689 0.7617450952529907 22
1739986371952 0.791679322719574 23
1739986372217 0.8224844336509705 24
1739986372484 0.8080248236656189 25
1739986372752 0.8173097372055054 26
1739986373017 0.7998838424682617 27
1739986373282 0.6583282351493835 28
1739986373551 0.8012050986289978 29
1739986373818 0.8334823846817017 30
1739986374086 0.8099335432052612 31
1739986374352 0.6228070259094238 32
1739986374618 0.27223002910614014 33
1739986374885 0.6633222103118896 34
1739986375152 0.2028985470533371 35
1739986375418 0.0 36
1739986375685 0.0 37
1739986375954 0.43256092071533203 38
1739986376222 0.6654765605926514 39
1739986376488 0.6666426062583923 40
1739986376754 0.6667560338973999 41
1739986377022 0.1520467847585678 42
1739986377291 0.0 43
1739986377560 0.0 44
1739986377832 0.0 45
1739986378102 0.2462230920791626 46
1739986378368 0.6842659711837769 47
1739986378637 0.7534478902816772 48
1739986378902 0.7954365611076355 49
1739986379168 0.78807532787323 50
1739986379433 0.668107271194458 51
1739986379699 0.21362799406051636 52
1739986379967 0.7554616928100586 53
1739986380233 0.7810313105583191 54
1739986380500 0.7521934509277344 55
1739986380766 0.5923985838890076 56
1739986381036 0.5750652551651001 57
1739986381302 0.7932583689689636 58
1739986381562 0.709510087966919 59
1739986381826 0.7687487006187439 60
1739986382093 0.2705925405025482 61
1739986382359 0.03924191743135452 62
1739986382625 0.6573122143745422 63
1739986382889 0.6604717969894409 64
1739986383156 0.4333847165107727 65
1739986383424 0.0 66
1739986383689 0.0 67
1739986383955 0.0 68
1739986384218 0.225053071975708 69
1739986384482 0.6683215498924255 70
1739986384748 0.6689364314079285 71
1739986385010 0.6675407290458679 72
1739986385274 0.6618556380271912 73
1739986385536 0.6664890050888062 74
1739986385803 0.021164022386074066 75
1739986386070 0.022344324737787247 76
1739986386335 0.012345679104328156 77
1739986386599 0.047138046473264694 78
1739986386861 0.023574069142341614 79
1739986387127 0.20815104246139526 80
1739986387393 0.29942047595977783 81
1739986387653 0.0432465523481369 82
1739986387919 0.02185792289674282 83
1739986388183 0.0363636389374733 84
1739986388450 0.03439153730869293 85
1739986388715 0.048821549862623215 86
1739986388983 0.045197587460279465 87
1739986389250 0.030005943030118942 88
1739986389515 0.05075269192457199 89
1739986389776 0.1886431872844696 90
1739986390041 0.056231968104839325 91
1739986390308 0.04292264208197594 92
1739986390575 0.06180110573768616 93
1739986390842 0.062078915536403656 94
1739986391100 0.04051469266414642 95
1739986391368 0.05470549315214157 96
1739986391633 0.054286714643239975 97
1739986391899 0.05641026049852371 98
1739986392163 0.07265465706586838 99
