1739986365819 0.33004993200302124 0
1739986366093 0.5930408835411072 1
1739986366359 0.0 2
1739986366620 0.6420353651046753 3
1739986366879 0.43463224172592163 4
1739986367146 0.6544677019119263 5
1739986367414 0.0 6
1739986367687 0.6609610319137573 7
1739986367954 0.6519775390625 8
1739986368222 0.111111119389534 9
1739986368491 0.46198368072509766 10
1739986368754 0.6956584453582764 11
1739986369022 0.7493311762809753 12
1739986369292 0.7552183866500854 13
1739986369557 0.7075574398040771 14
1739986369823 0.7919144630432129 15
1739986370089 0.8258737921714783 16
1739986370354 0.7993189096450806 17
1739986370622 0.8253070116043091 18
1739986370889 0.8204344511032104 19
1739986371155 0.8402928709983826 20
1739986371422 0.8495480418205261 21
1739986371689 0.815697193145752 22
1739986371952 0.8364211320877075 23
1739986372217 0.8303622603416443 24
1739986372484 0.8388902544975281 25
1739986372752 0.8405038714408875 26
1739986373017 0.8334578275680542 27
1739986373282 0.7815832495689392 28
1739986373551 0.8309097290039062 29
1739986373818 0.8517131209373474 30
1739986374086 0.8394662737846375 31
1739986374352 0.7727707624435425 32
1739986374618 0.6977895498275757 33
1739986374885 0.009803921915590763 34
1739986375152 0.4238463342189789 35
1739986375418 0.6647602915763855 36
1739986375685 0.6660447120666504 37
1739986375954 0.21033868193626404 38
1739986376222 0.0 39
1739986376488 0.0 40
1739986376754 0.0 41
1739986377022 0.644701361656189 42
1739986377291 0.6680471301078796 43
1739986377560 0.6690894365310669 44
1739986377832 0.665814995765686 45
1739986378102 0.7059466242790222 46
1739986378368 0.24040405452251434 47
1739986378637 0.5380913615226746 48
1739986378902 0.766806960105896 49
1739986379168 0.7470664978027344 50
1739986379433 0.0 51
1739986379699 0.4776979386806488 52
1739986379967 0.7949086427688599 53
1739986380233 0.7480024695396423 54
1739986380500 0.778778076171875 55
1739986380766 0.7940261363983154 56
1739986381036 0.46980923414230347 57
1739986381302 0.8356060981750488 58
1739986381562 0.2955584228038788 59
1739986381826 0.7481099963188171 60
1739986382093 0.7079557180404663 61
1739986382359 0.673197865486145 62
1739986382625 0.010416666977107525 63
1739986382889 0.012345679104328156 64
1739986383156 0.22408965229988098 65
1739986383424 0.668107271194458 66
1739986383689 0.6632303595542908 67
1739986383955 0.6593563556671143 68
1739986384218 0.446460098028183 69
1739986384482 0.0 70
1739986384748 0.0 71
1739986385010 0.0 72
1739986385274 0.0 73
1739986385536 0.0 74
1739986385803 0.6688233613967896 75
1739986386070 0.6692578196525574 76
1739986386335 0.6651995778083801 77
1739986386599 0.6703852415084839 78
1739986386861 0.6690699458122253 79
1739986387127 0.5746719241142273 80
1739986387393 0.5749425888061523 81
1739986387653 0.670079231262207 82
1739986387919 0.6691510081291199 83
1739986388183 0.6654874682426453 84
1739986388450 0.6671727895736694 85
1739986388715 0.6715484857559204 86
1739986388983 0.669950008392334 87
1739986389250 0.6687215566635132 88
1739986389515 0.6685695648193359 89
1739986389776 0.5886844992637634 90
1739986390041 0.6704313158988953 91
1739986390308 0.6702165007591248 92
1739986390575 0.6711019277572632 93
1739986390842 0.6691767573356628 94
1739986391100 0.6660552620887756 95
1739986391368 0.6677932143211365 96
1739986391633 0.6675488352775574 97
1739986391899 0.6690210700035095 98
1739986392163 0.6721789836883545 99
