1739987382939 0.7463269233703613 0
1739987384495 0.7070990635289086 1
1739987386058 0.6958817905849881 2
1739987387608 0.6938861542277865 3
1739987389149 0.6967082023620605 4
1739987390701 0.6965303851498498 5
1739987392244 0.6935608055856493 6
1739987393801 0.6932698852486081 7
1739987395346 0.6911178098784553 8
1739987396893 0.6821994152334001 9
1739987398453 0.7016173501809438 10
1739987400013 0.6944292783737183 11
1739987401558 0.694022556145986 12
1739987403098 0.6934205657906003 13
1739987404634 0.6936038831869761 14
1739987406174 0.6939857072300382 15
1739987407719 0.6933725575606028 16
1739987409263 0.6942839258246951 17
1739987410805 0.6946835418542227 18
1739987412345 0.6940999130407969 19
1739987413879 0.6936316092809042 20
1739987415419 0.6931508514616225 21
1739987416970 0.6934185094303555 22
1739987418524 0.6937925153308444 23
1739987420076 0.6933349834548103 24
1739987421624 0.6937493350770738 25
1739987423169 0.6933975981341468 26
1739987424699 0.6933498680591583 27
1739987426252 0.6933843195438385 28
1739987427801 0.693420989645852 29
1739987429347 0.6936555405457815 30
1739987430892 0.6942023303773668 31
1739987432426 0.6931560238202413 32
1739987433969 0.6934848924477895 33
1739987435516 0.6938541597790189 34
1739987437066 0.6937453084521823 35
1739987438611 0.6936293542385101 36
1739987440153 0.6935225327809652 37
1739987441700 0.6934927999973297 38
1739987443259 0.6932953364319272 39
1739987444802 0.6933111415969001 40
1739987446348 0.6933024128278097 41
1739987447894 0.6932596531179216 42
1739987449436 0.693200041850408 43
1739987450977 0.6932456824514601 44
1739987452522 0.6932480732599894 45
1739987454076 0.6931990848647224 46
1739987455622 0.6934007439348433 47
1739987457170 0.6931724912590451 48
1739987458715 0.6933199961980184 49
1739987460254 0.6931988398234049 50
1739987461805 0.6932372053464254 51
1739987463343 0.6934158172872331 52
1739987464880 0.6931300891770257 53
1739987466415 0.6932290328873528 54
1739987467958 0.6935801572269864 55
1739987469493 0.6931685705979665 56
1739987471036 0.6932793425189124 57
1739987472579 0.6931268639034696 58
1739987474124 0.6931856340832181 59
1739987475658 0.6932637393474579 60
1739987477199 0.6934418612056308 61
1739987478741 0.6932585537433624 62
1739987480286 0.6931386590003967 63
1739987481849 0.6934492654270596 64
1739987483398 0.6931880944304996 65
1739987484943 0.6931779119703505 66
1739987486488 0.6931640770700243 67
1739987488044 0.6931957105795542 68
1739987489595 0.6932611498567793 69
1739987491146 0.6931546032428741 70
1739987492680 0.6931633287005954 71
1739987494227 0.6932461228635576 72
1739987495757 0.6931372947163053 73
1739987497299 0.6931841704580519 74
1739987498848 0.6932119164201949 75
1739987500388 0.6931383874681261 76
1739987501922 0.6931483778688643 77
1739987503465 0.6931925846470727 78
1739987505003 0.6931606398688422 79
1739987506545 0.6931874652703603 80
1739987508083 0.6930958330631256 81
1739987509622 0.693286183807585 82
1739987511162 0.6932338641749488 83
1739987512699 0.693166563908259 84
1739987514246 0.6932209663920932 85
1739987515789 0.6931903726524777 86
1739987517333 0.6933803757031759 87
1739987518868 0.6932849917146895 88
1739987520404 0.6932988464832306 89
1739987521940 0.6933907137976753 90
1739987523484 0.6932403345902761 91
1739987525022 0.6932109759913551 92
1739987526568 0.6931650208102332 93
1739987528105 0.6931875314977434 94
1739987529645 0.693151464064916 95
1739987531191 0.693258653084437 96
1739987532732 0.6931475599606832 97
1739987534272 0.6931659844186571 98
1739987535814 0.6931810743278928 99
