1739962300754 0.23055556416511536 0
1739962304719 0.19722223281860352 1
1739962308622 0.38055557012557983 2
1739962312645 0.18611112236976624 3
1739962316679 0.2916666865348816 4
1739962320627 0.0555555559694767 5
1739962324580 0.39444446563720703 6
1739962328572 0.04444444552063942 7
1739962332494 0.02222222276031971 8
1739962336468 0.2944444417953491 9
1739962340392 0.1111111119389534 10
1739962344287 0.1666666716337204 11
1739962348230 0.34166666865348816 12
1739962352152 0.31388890743255615 13
1739962356114 0.2083333432674408 14
1739962360026 0.3166666626930237 15
1739962363922 0.21111111342906952 16
1739962367790 0.23333333432674408 17
1739962371662 0.21666666865348816 18
1739962375520 0.32500001788139343 19
1739962379376 0.28333333134651184 20
1739962383258 0.02222222276031971 21
1739962387193 0.04444444552063942 22
1739962391253 0.08611111342906952 23
1739962395307 0.27222222089767456 24
1739962399349 0.1666666716337204 25
1739962403409 0.45000001788139343 26
1739962407504 0.38055557012557983 27
1739962411577 0.38333335518836975 28
1739962415619 0.2083333432674408 29
1739962419625 0.46666666865348816 30
1739962423566 0.5 31
1739962427610 0.2777777910232544 32
1739962431588 0.3083333373069763 33
1739962435519 0.3777777850627899 34
1739962439444 0.3166666626930237 35
1739962443375 0.3888888955116272 36
1739962447304 0.5 37
1739962451337 0.29722222685813904 38
1739962455262 0.4861111342906952 39
1739962459209 0.24722222983837128 40
1739962463116 0.30000001192092896 41
1739962467066 0.39444446563720703 42
1739962470913 0.3194444477558136 43
1739962474904 0.28333333134651184 44
1739962478897 0.24722222983837128 45
1739962482885 0.14722222089767456 46
1739962486886 0.4416666626930237 47
1739962490902 0.17222222685813904 48
1739962494905 0.30277779698371887 49
1739962498890 0.4166666865348816 50
1739962502878 0.07777778059244156 51
1739962506911 0.3305555582046509 52
1739962510922 0.22500000894069672 53
1739962514923 0.43611112236976624 54
1739962518933 0.39444446563720703 55
1739962522924 0.42500001192092896 56
1739962526818 0.05277777835726738 57
1739962530719 0.347222238779068 58
1739962534671 0.5083333253860474 59
1739962538526 0.2777777910232544 60
1739962542369 0.16944444179534912 61
1739962546224 0.19166667759418488 62
1739962550079 0.125 63
1739962553928 0.0972222238779068 64
1739962557765 0.16388888657093048 65
1739962561633 0.3083333373069763 66
1739962565548 0.07222222536802292 67
1739962569503 0.17499999701976776 68
1739962573441 0.3583333492279053 69
1739962577359 0.24722222983837128 70
1739962581319 0.06388889253139496 71
1739962585256 0.10833333432674408 72
1739962589115 0.39722222089767456 73
1739962592974 0.32500001788139343 74
1739962596900 0.22500000894069672 75
1739962600941 0.0 76
1739962604938 0.0 77
1739962608865 0.05000000074505806 78
1739962612800 0.3861111104488373 79
1739962616724 0.15833333134651184 80
1739962620651 0.20277778804302216 81
1739962624583 0.1805555671453476 82
1739962628596 0.28333333134651184 83
1739962632548 0.08611111342906952 84
1739962636588 0.13333334028720856 85
1739962640602 0.15833333134651184 86
1739962644575 0.20277778804302216 87
1739962648532 0.375 88
1739962652503 0.3194444477558136 89
1739962656518 0.24166667461395264 90
1739962660460 0.11388888955116272 91
1739962664482 0.24722222983837128 92
1739962668455 0.05277777835726738 93
1739962672481 0.08888889104127884 94
1739962676491 0.23333333432674408 95
1739962680454 0.15000000596046448 96
1739962684490 0.20555555820465088 97
1739962688489 0.19722223281860352 98
1739962692485 0.31388890743255615 99
