1739962300761 0.25 0
1739962304726 0.25833332538604736 1
1739962308629 0.10833333432674408 2
1739962312651 0.3083333373069763 3
1739962316685 0.16111111640930176 4
1739962320633 0.4333333373069763 5
1739962324588 0.13055555522441864 6
1739962328581 0.43611112236976624 7
1739962332500 0.4888888895511627 8
1739962336475 0.17777778208255768 9
1739962340399 0.42222222685813904 10
1739962344293 0.2916666865348816 11
1739962348235 0.14444445073604584 12
1739962352157 0.20277778804302216 13
1739962356119 0.24722222983837128 14
1739962360033 0.1527777761220932 15
1739962363928 0.30000001192092896 16
1739962367798 0.2805555760860443 17
1739962371668 0.2805555760860443 18
1739962375527 0.16944444179534912 19
1739962379383 0.25 20
1739962383265 0.4555555582046509 21
1739962387202 0.4305555522441864 22
1739962391258 0.35277777910232544 23
1739962395314 0.23333333432674408 24
1739962399356 0.3166666626930237 25
1739962403416 0.0416666679084301 26
1739962407528 0.0833333358168602 27
1739962411583 0.0833333358168602 28
1739962415625 0.3083333373069763 29
1739962419630 0.01666666753590107 30
1739962423571 0.0 31
1739962427616 0.18888889253139496 32
1739962431595 0.18888889253139496 33
1739962435526 0.09444444626569748 34
1739962439449 0.21666666865348816 35
1739962443378 0.10000000149011612 36
1739962447311 0.0 37
1739962451342 0.15833333134651184 38
1739962455267 0.011111111380159855 39
1739962459213 0.23888888955116272 40
1739962463121 0.18888889253139496 41
1739962467072 0.10000000149011612 42
1739962470922 0.1527777761220932 43
1739962474911 0.21111111342906952 44
1739962478905 0.2083333432674408 45
1739962482893 0.35277777910232544 46
1739962486894 0.05277777835726738 47
1739962490908 0.32777777314186096 48
1739962494912 0.14166666567325592 49
1739962498896 0.05833333358168602 50
1739962502885 0.4055555760860443 51
1739962506917 0.14166666567325592 52
1739962510929 0.2222222238779068 53
1739962514929 0.05000000074505806 54
1739962518940 0.08888889104127884 55
1739962522930 0.07500000298023224 56
1739962526823 0.4333333373069763 57
1739962530724 0.12777778506278992 58
1739962534678 0.04444444552063942 59
1739962538531 0.20555555820465088 60
1739962542374 0.32500001788139343 61
1739962546228 0.28611111640930176 62
1739962550082 0.34166666865348816 63
1739962553933 0.3777777850627899 64
1739962557769 0.32500001788139343 65
1739962561637 0.1944444477558136 66
1739962565554 0.4333333373069763 67
1739962569507 0.30277779698371887 68
1739962573446 0.12777778506278992 69
1739962577364 0.2083333432674408 70
1739962581324 0.39444446563720703 71
1739962585261 0.3777777850627899 72
1739962589122 0.0694444477558136 73
1739962592983 0.17777778208255768 74
1739962596906 0.22500000894069672 75
1739962600947 0.5 76
1739962604943 0.5 77
1739962608872 0.43611112236976624 78
1739962612806 0.10277777910232544 79
1739962616730 0.3194444477558136 80
1739962620656 0.2944444417953491 81
1739962624589 0.2916666865348816 82
1739962628602 0.19166667759418488 83
1739962632556 0.4027777910232544 84
1739962636594 0.347222238779068 85
1739962640608 0.29722222685813904 86
1739962644581 0.2916666865348816 87
1739962648540 0.10555555671453476 88
1739962652510 0.14722222089767456 89
1739962656524 0.23055556416511536 90
1739962660466 0.37222224473953247 91
1739962664487 0.2611111104488373 92
1739962668461 0.4194444417953491 93
1739962672487 0.39722222089767456 94
1739962676498 0.24166667461395264 95
1739962680459 0.3222222328186035 96
1739962684496 0.2611111104488373 97
1739962688495 0.2805555760860443 98
1739962692491 0.1527777761220932 99
