1739987382939 0.368388831615448 0
1739987384495 0.28639742732048035 1
1739987386058 0.41855406761169434 2
1739987387608 0.2561068832874298 3
1739987389149 0.25134414434432983 4
1739987390701 0.22089214622974396 5
1739987392244 0.334674596786499 6
1739987393801 0.32449355721473694 7
1739987395346 0.40178102254867554 8
1739987396893 0.5599321126937866 9
1739987398453 0.2928381860256195 10
1739987400013 0.43932291865348816 11
1739987401558 0.1601371318101883 12
1739987403098 0.34949788451194763 13
1739987404634 0.19403241574764252 14
1739987406174 0.3235582709312439 15
1739987407719 0.2990241050720215 16
1739987409263 0.37543267011642456 17
1739987410805 0.10417195409536362 18
1739987412345 0.4732908606529236 19
1739987413879 0.0 20
1739987415419 0.42668765783309937 21
1739987416970 0.504099428653717 22
1739987418524 0.5028645992279053 23
1739987420076 0.4959891736507416 24
1739987421624 0.023420479148626328 25
1739987423169 0.47918176651000977 26
1739987424699 0.1100749745965004 27
1739987426252 0.35557821393013 28
1739987427801 0.3911142349243164 29
1739987429347 0.0 30
1739987430892 0.4638020694255829 31
1739987432426 0.19209176301956177 32
1739987433969 0.3883790969848633 33
1739987435516 0.46590009331703186 34
1739987437066 0.21526378393173218 35
1739987438611 0.11062383651733398 36
1739987440153 0.4971354305744171 37
1739987441700 0.19559483230113983 38
1739987443259 0.11038772761821747 39
1739987444802 0.503819465637207 40
1739987446348 0.32658231258392334 41
1739987447894 0.04391025751829147 42
1739987449436 0.33678141236305237 43
1739987450977 0.07859078794717789 44
1739987452522 0.490572988986969 45
1739987454076 0.3066358268260956 46
1739987455622 0.0 47
1739987457170 0.08214285969734192 48
1739987458715 0.503819465637207 49
1739987460254 0.503819465637207 50
1739987461805 0.5009548664093018 51
1739987463343 0.24171777069568634 52
1739987464880 0.1210317462682724 53
1739987466415 0.5 54
1739987467958 0.4933159649372101 55
1739987469493 0.13383395969867706 56
1739987471036 0.0 57
1739987472579 0.28810957074165344 58
1739987474124 0.503819465637207 59
1739987475658 0.4996001422405243 60
1739987477199 0.50283282995224 61
1739987478741 0.15231482684612274 62
1739987480286 0.4972222149372101 63
1739987481849 0.18611110746860504 64
1739987483398 0.1111111119389534 65
1739987484943 0.0 66
1739987486488 0.5290997624397278 67
1739987488044 0.5276312828063965 68
1739987489595 0.25333988666534424 69
1739987491146 0.6599119901657104 70
1739987492680 0.5009548664093018 71
1739987494227 0.5075048208236694 72
1739987495757 0.5009548664093018 73
1739987497299 0.5009548664093018 74
1739987498848 0.5019097328186035 75
1739987500388 0.5019097328186035 76
1739987501922 0.5057291388511658 77
1739987503465 0.5028645992279053 78
1739987505003 0.5 79
1739987506545 0.4971354305744171 80
1739987508083 0.503819465637207 81
1739987509622 0.49618053436279297 82
1739987511162 0.3138749897480011 83
1739987512699 0.5005802512168884 84
1739987514246 0.5011247992515564 85
1739987515789 0.2979999780654907 86
1739987517333 0.4433206021785736 87
1739987518868 0.11138815432786942 88
1739987520404 0.4968796968460083 89
1739987521940 0.03498264029622078 90
1739987523484 0.2611376941204071 91
1739987525022 0.0784313753247261 92
1739987526568 0.3902062177658081 93
1739987528105 0.47146838903427124 94
1739987529645 0.4213463068008423 95
1739987531191 0.5011975169181824 96
1739987532732 0.4956909418106079 97
1739987534272 0.0585961677134037 98
1739987535814 0.32294145226478577 99
