1739987382939 0.39472267031669617 0
1739987384495 0.3459100127220154 1
1739987386058 0.30550459027290344 2
1739987387608 0.30955538153648376 3
1739987389149 0.27874550223350525 4
1739987390701 0.3177083432674408 5
1739987392244 0.23769137263298035 6
1739987393801 0.5263288021087646 7
1739987395346 0.5279676914215088 8
1739987396893 0.6150686144828796 9
1739987398453 0.45642852783203125 10
1739987400013 0.0542534738779068 11
1739987401558 0.46660783886909485 12
1739987403098 0.27420759201049805 13
1739987404634 0.4976283609867096 14
1739987406174 0.30470365285873413 15
1739987407719 0.2768729627132416 16
1739987409263 0.16735349595546722 17
1739987410805 0.4442419111728668 18
1739987412345 0.06620369851589203 19
1739987413879 0.49904516339302063 20
1739987415419 0.19022491574287415 21
1739987416970 0.2484886348247528 22
1739987418524 0.0 23
1739987420076 0.0 24
1739987421624 0.5008881092071533 25
1739987423169 0.2662788927555084 26
1739987424699 0.43182745575904846 27
1739987426252 0.34839320182800293 28
1739987427801 0.24048873782157898 29
1739987429347 0.5 30
1739987430892 0.0212673619389534 31
1739987432426 0.44126096367836 32
1739987433969 0.3006564676761627 33
1739987435516 0.2668326199054718 34
1739987437066 0.31393158435821533 35
1739987438611 0.4513067603111267 36
1739987440153 0.0 37
1739987441700 0.34123265743255615 38
1739987443259 0.41564545035362244 39
1739987444802 0.0 40
1739987446348 0.27986887097358704 41
1739987447894 0.501519501209259 42
1739987449436 0.3869934678077698 43
1739987450977 0.49477189779281616 44
1739987452522 0.08652100712060928 45
1739987454076 0.3843742907047272 46
1739987455622 0.5019097328186035 47
1739987457170 0.4730866849422455 48
1739987458715 0.02222222276031971 49
1739987460254 0.0 50
1739987461805 0.0 51
1739987463343 0.3199424743652344 52
1739987464880 0.49741336703300476 53
1739987466415 0.0 54
1739987467958 0.0 55
1739987469493 0.38576754927635193 56
1739987471036 0.49618053436279297 57
1739987472579 0.4502878189086914 58
1739987474124 0.0 59
1739987475658 0.0 60
1739987477199 0.02222222276031971 61
1739987478741 0.4067041873931885 62
1739987480286 0.02827381156384945 63
1739987481849 0.3204340934753418 64
1739987483398 0.5002665519714355 65
1739987484943 0.5005415081977844 66
1739987486488 0.4921092391014099 67
1739987488044 0.08293461799621582 68
1739987489595 0.37411797046661377 69
1739987491146 0.5039172768592834 70
1739987492680 0.0 71
1739987494227 0.03333333507180214 72
1739987495757 0.0 73
1739987497299 0.0 74
1739987498848 0.0 75
1739987500388 0.0 76
1739987501922 0.0 77
1739987503465 0.0 78
1739987505003 0.0 79
1739987506545 0.0 80
1739987508083 0.0 81
1739987509622 0.0 82
1739987511162 0.36778491735458374 83
1739987512699 0.05800041928887367 84
1739987514246 0.07325306534767151 85
1739987515789 0.4743582308292389 86
1739987517333 0.213820219039917 87
1739987518868 0.45970651507377625 88
1739987520404 0.022633744403719902 89
1739987521940 0.4678216576576233 90
1739987523484 0.35150304436683655 91
1739987525022 0.4950691759586334 92
1739987526568 0.16225750744342804 93
1739987528105 0.07822886854410172 94
1739987529645 0.5116240382194519 95
1739987531191 0.0555555559694767 96
1739987532732 0.3662036955356598 97
1739987534272 0.4921990633010864 98
1739987535814 0.3250522017478943 99
