1739982846183 0.31652316451072693 0
1739982863715 0.16482163965702057 1
1739982881069 0.19024190306663513 2
1739982898762 0.09471094608306885 3
1739982916412 0.25420254468917847 4
1739982933948 0.16441164910793304 5
1739982951374 0.4075440764427185 6
1739982968789 0.11808118224143982 7
1739982986591 0.24518245458602905 8
1739983004299 0.24231241643428802 9
1739983022226 0.22140222787857056 10
1739983040024 0.24272243678569794 11
1739983057837 0.14678147435188293 12
1739983075594 0.10701106488704681 13
1739983093245 0.3513735234737396 14
1739983110815 0.09881098568439484 15
1739983128609 0.4276342988014221 16
1739983146473 0.353423535823822 17
1739983164381 0.21894218027591705 18
1739983182323 0.43050429224967957 19
1739983200325 0.3636736571788788 20
1739983218148 0.3837638199329376 21
1739983235938 0.42804425954818726 22
1739983254078 0.20623207092285156 23
1739983272265 0.1722017228603363 24
1739983290024 0.31693318486213684 25
1739983307545 0.31734317541122437 26
1739983324960 0.48667487502098083 27
1739983342592 0.10988111048936844 28
1739983360285 0.23575235903263092 29
1739983377995 0.13858139514923096 30
1739983395801 0.29725298285484314 31
1739983413642 0.13571135699748993 32
1739983431441 0.0348503477871418 33
1739983448896 0.2439524531364441 34
1739983466003 0.38007378578186035 35
1739983483109 0.16523166000843048 36
1739983500255 0.19229193031787872 37
1739983518047 0.1763017773628235 38
1739983535950 0.13653136789798737 39
1739983554129 0.34317341446876526 40
1739983571891 0.15129150450229645 41
1739983589306 0.4313243329524994 42
1739983606821 0.4054940640926361 43
1739983624289 0.1828618347644806 44
1739983642278 0.44567444920539856 45
1739983660497 0.34112343192100525 46
1739983678590 0.26281261444091797 47
1739983696568 0.29274290800094604 48
1739983714257 0.10865108668804169 49
1739983731631 0.32103320956230164 50
1739983749137 0.1914719194173813 51
1739983766642 0.3419434130191803 52
1739983784150 0.19680196046829224 53
1739983801709 0.3005330264568329 54
1739983819256 0.39524394273757935 55
1739983837381 0.2615826427936554 56
1739983855467 0.26445266604423523 57
1739983872587 0.3661336898803711 58
1739983890174 0.2882328927516937 59
1739983908032 0.2812628149986267 60
1739983925947 0.2984829843044281 61
1739983944107 0.28413286805152893 62
1739983962396 0.3206232190132141 63
1739983980517 0.37761378288269043 64
1739983998400 0.24149242043495178 65
1739984016349 0.1787617951631546 66
1739984034343 0.34112343192100525 67
1739984052301 0.48257482051849365 68
1739984070584 0.20213203132152557 69
1739984088564 0.27757278084754944 70
1739984106698 0.36900368332862854 71
1739984124542 0.36941373348236084 72
1739984142448 0.4600245952606201 73
1739984160453 0.35383355617523193 74
1739984178725 0.2947929799556732 75
1739984196903 0.39975398778915405 76
1739984215065 0.3398934006690979 77
1739984233240 0.38868388533592224 78
1739984251403 0.33456334471702576 79
1739984269581 0.30176302790641785 80
1739984287819 0.35178351402282715 81
1739984305887 0.1877819001674652 82
1739984324113 0.2004919946193695 83
1739984342180 0.3353833854198456 84
1739984360339 0.36736369132995605 85
1739984378349 0.13366134464740753 86
1739984396043 0.314063161611557 87
1739984413932 0.04756047576665878 88
1739984431796 0.2960229516029358 89
1739984449356 0.13776138424873352 90
1739984466796 0.3480934798717499 91
1739984484890 0.21484215557575226 92
1739984503151 0.18327182531356812 93
1739984521342 0.16072161495685577 94
1739984539423 0.368593692779541 95
1739984557621 0.1894218921661377 96
1739984575841 0.33907341957092285 97
1739984593679 0.09922099858522415 98
1739984611566 0.3099631369113922 99
