1739982846183 0.2726527452468872 0
1739982863715 0.39770397543907166 1
1739982881069 0.4054940640926361 2
1739982898762 0.48503485321998596 3
1739982916412 0.3308733105659485 4
1739982933948 0.4079540967941284 5
1739982951374 0.20008200407028198 6
1739982968789 0.4514144957065582 7
1739982986591 0.3439934551715851 8
1739983004299 0.34522345662117004 9
1739983022226 0.35383355617523193 10
1739983040024 0.32595324516296387 11
1739983057837 0.4419844150543213 12
1739983075594 0.4903649091720581 13
1739983093245 0.2287822961807251 14
1739983110815 0.4776547849178314 15
1739983128609 0.16031160950660706 16
1739983146473 0.23165231943130493 17
1739983164381 0.3722837269306183 18
1739983182323 0.14555145800113678 19
1739983200325 0.2091020941734314 20
1739983218148 0.19926200807094574 21
1739983235938 0.15375153720378876 22
1739983254078 0.38458386063575745 23
1739983272265 0.40836408734321594 24
1739983290024 0.2591226100921631 25
1739983307545 0.2570725679397583 26
1739983324960 0.09471094608306885 27
1739983342592 0.46535465121269226 28
1739983360285 0.3444034457206726 29
1739983377995 0.4489545226097107 30
1739983395801 0.29110291600227356 31
1739983413642 0.43911442160606384 32
1739983431441 0.5436654686927795 33
1739983448896 0.32964327931404114 34
1739983466003 0.19926199316978455 35
1739983483109 0.4186141788959503 36
1739983500255 0.38868388533592224 37
1739983518047 0.3940139412879944 38
1739983535950 0.44157445430755615 39
1739983554129 0.24682247638702393 40
1739983571891 0.43050429224967957 41
1739983589306 0.14104141294956207 42
1739983606821 0.18327182531356812 43
1739983624289 0.4034440219402313 44
1739983642278 0.12669126689434052 45
1739983660497 0.2525625228881836 46
1739983678590 0.3312833309173584 47
1739983696568 0.27757278084754944 48
1739983714257 0.4727347195148468 49
1739983731631 0.2484624832868576 50
1739983749137 0.3936039209365845 51
1739983766642 0.2460024505853653 52
1739983784150 0.3813038170337677 53
1739983801709 0.2792128026485443 54
1739983819256 0.18655186891555786 55
1739983837381 0.31488314270973206 56
1739983855467 0.31652316451072693 57
1739983872587 0.22099223732948303 58
1739983890174 0.269782692193985 59
1739983908032 0.27798277139663696 60
1739983925947 0.2788028120994568 61
1739983944107 0.2902829051017761 62
1739983962396 0.2747027575969696 63
1739983980517 0.19434194266796112 64
1739983998400 0.3271832764148712 65
1739984016349 0.4165641963481903 66
1739984034343 0.25584256649017334 67
1739984052301 0.11398114264011383 68
1739984070584 0.3677736818790436 69
1739984088564 0.31037309765815735 70
1739984106698 0.20295202732086182 71
1739984124542 0.21484215557575226 72
1739984142448 0.1242312416434288 73
1739984160453 0.22345224022865295 74
1739984178725 0.2722427248954773 75
1739984196903 0.18040180206298828 76
1739984215065 0.22345224022865295 77
1739984233240 0.18901188671588898 78
1739984251403 0.25625255703926086 79
1739984269581 0.2701927125453949 80
1739984287819 0.2378023862838745 81
1739984305887 0.3755638003349304 82
1739984324113 0.3636736571788788 83
1739984342180 0.22714228928089142 84
1739984360339 0.18819187581539154 85
1739984378349 0.44567444920539856 86
1739984396043 0.26199260354042053 87
1739984413932 0.5371053814888 88
1739984431796 0.2660926580429077 89
1739984449356 0.46330463886260986 90
1739984466796 0.2554325759410858 91
1739984484890 0.3710537254810333 92
1739984503151 0.38663387298583984 93
1739984521342 0.421074241399765 94
1739984539423 0.21197213232517242 95
1739984557621 0.39114391803741455 96
1739984575841 0.24026240408420563 97
1739984593679 0.4682247042655945 98
1739984611566 0.2656826376914978 99
