1739993212456 0.9554516673088074 0
1739994546469 0.9693467617034912 1
1739995894916 0.9725490808486938 2
1739997249808 0.9745794534683228 3
1739998605651 0.9760292172431946 4
1739999962106 0.9771194458007812 5
1740001313661 0.9779500961303711 6
1740002659525 0.9786330461502075 7
1740003986391 0.9791170358657837 8
1740005333669 0.9796684980392456 9
1740006686926 0.9799553751945496 10
1740008039998 0.9803812503814697 11
1740009394254 0.9807068705558777 12
1740010746181 0.9809474945068359 13
1740012076010 0.9810629487037659 14
1740013412396 0.981256365776062 15
1740014764904 0.9815577864646912 16
1740016117407 0.9815462231636047 17
1740017471398 0.9816873669624329 18
1740018824215 0.9818407297134399 19
1740020157041 0.9820054769515991 20
1740021482505 0.9819017052650452 21
1740022827630 0.9821780920028687 22
1740024171316 0.9821516871452332 23
1740025523871 0.9822681546211243 24
1740026874989 0.9822864532470703 25
1740028228025 0.9823479056358337 26
1740029565556 0.9822784066200256 27
1740030896378 0.9824255108833313 28
1740032248708 0.9824528694152832 29
1740033601259 0.9825568199157715 30
1740034953424 0.9825410842895508 31
1740036305175 0.982613205909729 32
1740037657517 0.9826569557189941 33
1740038998076 0.9825387597084045 34
1740040348691 0.9827722311019897 35
1740041697422 0.9826951622962952 36
1740043047512 0.9827920198440552 37
1740044402574 0.9827020764350891 38
1740045756523 0.9828296303749084 39
1740047093334 0.9828008413314819 40
1740048439099 0.9828810691833496 41
1740049785676 0.9828216433525085 42
1740051134220 0.9829150438308716 43
1740052487585 0.9829564690589905 44
1740053839928 0.9830067753791809 45
1740055184390 0.9829764366149902 46
1740056510292 0.9829609990119934 47
1740057862878 0.9829167723655701 48
1740059214851 0.9829269051551819 49
1740060555166 0.9830120205879211 50
1740061896437 0.9830418229103088 51
1740063245862 0.9830532670021057 52
1740064564473 0.983013391494751 53
1740065891151 0.9830583930015564 54
1740067239327 0.9830830693244934 55
1740068586480 0.9831029176712036 56
1740069928335 0.9830513596534729 57
1740071269599 0.983035147190094 58
1740072618241 0.9831202030181885 59
1740073932672 0.9830525517463684 60
