1739993212456 0.9554004669189453 0
1739994546469 0.969652533531189 1
1739995894916 0.9727746248245239 2
1739997249808 0.9748331904411316 3
1739998605651 0.9762351512908936 4
1739999962106 0.9773686528205872 5
1740001313661 0.9780956506729126 6
1740002659525 0.9788132905960083 7
1740003986391 0.9792683720588684 8
1740005333669 0.9797800183296204 9
1740006686926 0.9800900816917419 10
1740008039998 0.9805142283439636 11
1740009394254 0.9808403253555298 12
1740010746181 0.9810904264450073 13
1740012076010 0.9812394976615906 14
1740013412396 0.9814186096191406 15
1740014764904 0.9816979765892029 16
1740016117407 0.9817107915878296 17
1740017471398 0.9818007349967957 18
1740018824215 0.9819880723953247 19
1740020157041 0.9821470379829407 20
1740021482505 0.9820558428764343 21
1740022827630 0.9823393821716309 22
1740024171316 0.9823101162910461 23
1740025523871 0.9824082255363464 24
1740026874989 0.9824402332305908 25
1740028228025 0.982521653175354 26
1740029565556 0.9824442863464355 27
1740030896378 0.9825811386108398 28
1740032248708 0.9826140999794006 29
1740033601259 0.9826934933662415 30
1740034953424 0.9826806783676147 31
1740036305175 0.9827391505241394 32
1740037657517 0.9827848076820374 33
1740038998076 0.9827196598052979 34
1740040348691 0.9828823208808899 35
1740041697422 0.9828516244888306 36
1740043047512 0.9829241037368774 37
1740044402574 0.9828415513038635 38
1740045756523 0.9828974008560181 39
1740047093334 0.9828668832778931 40
1740048439099 0.9830199480056763 41
1740049785676 0.9830425381660461 42
1740051134220 0.983038604259491 43
1740052487585 0.9830533862113953 44
1740053839928 0.9831486940383911 45
1740055184390 0.9831051230430603 46
1740056510292 0.983082115650177 47
1740057862878 0.9830673336982727 48
1740059214851 0.9830805659294128 49
1740060555166 0.9831811785697937 50
1740061896437 0.9831597208976746 51
1740063245862 0.9832262992858887 52
1740064564473 0.9831386804580688 53
1740065891151 0.9831704497337341 54
1740067239327 0.9832148551940918 55
1740068586480 0.9832272529602051 56
1740069928335 0.9831953048706055 57
1740071269599 0.9831954836845398 58
1740072618241 0.983264148235321 59
1740073932672 0.9832017421722412 60
1740075269053 0.9832994341850281 61
1740076616938 0.9831691384315491 62
1740077960126 0.9832305312156677 63
