1739991827804 0.6531513929367065 0
1739991830602 0.7963277697563171 1
1739991833392 0.8983750343322754 2
1739991836188 0.9314975142478943 3
1739991838983 0.9354049563407898 4
1739991841777 0.9481887817382812 5
1739991844569 0.941114604473114 6
1739991847364 0.9479736089706421 7
1739991850159 0.9541445970535278 8
1739991852956 0.964404284954071 9
1739991855755 0.9703445434570312 10
1739991858546 0.9687247276306152 11
1739991861337 0.9720723032951355 12
1739991864120 0.9660911560058594 13
1739991866904 0.9722236394882202 14
1739991869693 0.9787613153457642 15
1739991872485 0.9803676009178162 16
1739991875276 0.9842391014099121 17
1739991878050 0.9819700121879578 18
1739991880844 0.9885415434837341 19
1739991883636 0.9857564568519592 20
1739991886431 0.9814438819885254 21
1739991889221 0.98504638671875 22
1739991892023 0.9872703552246094 23
1739991894829 0.9895395636558533 24
1739991897656 0.9926561713218689 25
1739991900455 0.9892697930335999 26
1739991903250 0.9848392009735107 27
1739991906057 0.9927058815956116 28
1739991908846 0.9921652674674988 29
1739991911658 0.9940297603607178 30
1739991914447 0.9906467795372009 31
1739991917245 0.9915409684181213 32
1739991920039 0.9930518865585327 33
1739991922847 0.9932034015655518 34
1739991925649 0.9946095943450928 35
1739991928452 0.9928887486457825 36
1739991931247 0.9931558966636658 37
1739991934042 0.9902915954589844 38
1739991936837 0.9929670095443726 39
1739991939626 0.9946494102478027 40
1739991942409 0.9930046200752258 41
1739991945194 0.993634819984436 42
1739991947978 0.997115433216095 43
1739991950755 0.994154691696167 44
1739991953544 0.9964748024940491 45
1739991956336 0.9929127097129822 46
1739991959133 0.9946571588516235 47
1739991961929 0.9953922033309937 48
1739991964721 0.9964045882225037 49
1739991967511 0.9957985877990723 50
1739991970294 0.9963492155075073 51
1739991973090 0.9950077533721924 52
1739991975884 0.9974403381347656 53
1739991978673 0.9925771355628967 54
1739991981463 0.9969841241836548 55
1739991984255 0.994792640209198 56
1739991987042 0.9968652129173279 57
1739991989830 0.9970771670341492 58
1739991992613 0.9974603056907654 59
1739991995400 0.997329831123352 60
1739991998191 0.9984555840492249 61
1739992000982 0.998306155204773 62
1739992003772 0.9959297180175781 63
1739992006556 0.9976179003715515 64
1739992009346 0.9912665486335754 65
1739992012133 0.9923880696296692 66
1739992014919 0.9967532753944397 67
1739992017708 0.9981138110160828 68
1739992020496 0.9966520071029663 69
1739992023284 0.9943985939025879 70
1739992026073 0.996401309967041 71
1739992028856 0.9955251216888428 72
1739992031647 0.9947190284729004 73
1739992034435 0.9981855154037476 74
1739992037223 0.9973403811454773 75
1739992040010 0.9973415732383728 76
1739992042796 0.9972587823867798 77
1739992045589 0.9982074499130249 78
1739992048384 0.9974216818809509 79
1739992051169 0.9973340630531311 80
1739992053946 0.9979047775268555 81
1739992056731 0.9973962903022766 82
1739992059517 0.9966958165168762 83
1739992062299 0.996307373046875 84
1739992065089 0.9983178377151489 85
1739992067876 0.998058021068573 86
1739992070665 0.9967079162597656 87
1739992073454 0.9956893920898438 88
1739992076242 0.9983404874801636 89
1739992079037 0.9966542720794678 90
1739992081832 0.9971714615821838 91
1739992084627 0.9959588050842285 92
1739992087435 0.9990476369857788 93
1739992090228 0.9963869452476501 94
1739992093022 0.9982938766479492 95
1739992095818 0.9954010248184204 96
1739992098615 0.9955741763114929 97
1739992101418 0.995555579662323 98
1739992104212 0.9951022863388062 99
