1739991827804 0.5536375641822815 0
1739991830602 0.6949071884155273 1
1739991833392 0.7766684293746948 2
1739991836188 0.8569797277450562 3
1739991838983 0.8821678757667542 4
1739991841777 0.8980723023414612 5
1739991844569 0.9205423593521118 6
1739991847364 0.9303106069564819 7
1739991850159 0.9406313300132751 8
1739991852956 0.9453923106193542 9
1739991855755 0.9523891806602478 10
1739991858546 0.9617117643356323 11
1739991861337 0.960566520690918 12
1739991864120 0.9638165235519409 13
1739991866904 0.9602752923965454 14
1739991869693 0.9799202084541321 15
1739991872485 0.9723750352859497 16
1739991875276 0.9776157140731812 17
1739991878050 0.9816210269927979 18
1739991880844 0.9837497472763062 19
1739991883636 0.9830553531646729 20
1739991886431 0.9812988042831421 21
1739991889221 0.9802819490432739 22
1739991892023 0.9834027886390686 23
1739991894829 0.9896039962768555 24
1739991897656 0.9849669337272644 25
1739991900455 0.9836530685424805 26
1739991903250 0.9862006306648254 27
1739991906057 0.9892787337303162 28
1739991908846 0.9877153635025024 29
1739991911658 0.9862164258956909 30
1739991914447 0.9925733208656311 31
1739991917245 0.9902471303939819 32
1739991920039 0.9931296110153198 33
1739991922847 0.9904085397720337 34
1739991925649 0.9940222501754761 35
1739991928452 0.9938607215881348 36
1739991931247 0.9919688701629639 37
1739991934042 0.9936728477478027 38
1739991936837 0.9965319037437439 39
1739991939626 0.988696277141571 40
1739991942409 0.9882851839065552 41
1739991945194 0.9929685592651367 42
1739991947978 0.9972926378250122 43
1739991950755 0.9951078295707703 44
1739991953544 0.9983899593353271 45
1739991956336 0.9951254725456238 46
1739991959133 0.9954978823661804 47
1739991961929 0.997420608997345 48
1739991964721 0.9954540729522705 49
1739991967511 0.9970206022262573 50
1739991970294 0.9938413500785828 51
1739991973090 0.9966618418693542 52
1739991975884 0.9963385462760925 53
1739991978673 0.9972460269927979 54
1739991981463 0.995877742767334 55
1739991984255 0.995602548122406 56
1739991987042 0.9965506196022034 57
1739991989830 0.996520459651947 58
1739991992613 0.9982426166534424 59
1739991995400 0.9981696009635925 60
1739991998191 0.9966645240783691 61
1739992000982 0.9981855154037476 62
1739992003772 0.9975509643554688 63
1739992006556 0.9963564276695251 64
1739992009346 0.9950718283653259 65
1739992012133 0.9939668774604797 66
1739992014919 0.9962608218193054 67
1739992017708 0.9982125759124756 68
1739992020496 0.9990783929824829 69
1739992023284 0.9958418607711792 70
1739992026073 0.999248206615448 71
1739992028856 0.9965810775756836 72
1739992031647 0.9961627721786499 73
1739992034435 0.9980623722076416 74
1739992037223 0.9975735545158386 75
1739992040010 1.0 76
1739992042796 0.9984078407287598 77
1739992045589 0.9982125759124756 78
1739992048384 0.9973630905151367 79
1739992051169 0.9982938766479492 80
1739992053946 0.9983457326889038 81
1739992056731 0.9991341829299927 82
1739992059517 0.9944971203804016 83
1739992062299 0.999248206615448 84
1739992065089 0.9972272515296936 85
1739992067876 1.0 86
1739992070665 0.9991836547851562 87
1739992073454 0.9980952739715576 88
1739992076242 0.9983874559402466 89
1739992079037 0.9971781373023987 90
1739992081832 0.999248206615448 91
1739992084627 0.9976152777671814 92
1739992087435 0.9984270334243774 93
1739992090228 0.9989011287689209 94
1739992093022 0.9977198839187622 95
1739992095818 0.9968027472496033 96
1739992098615 0.9982668161392212 97
1739992101418 0.9940881133079529 98
1739992104212 0.9973145723342896 99
