1739979206247 0.28659287095069885 0
1739979224179 0.1701517105102539 1
1739979242198 0.25584256649017334 2
1739979260712 0.1459614634513855 3
1739979278780 0.09102091193199158 4
1739979297096 0.29930299520492554 5
1739979315236 0.1611316055059433 6
1739979333558 0.19434194266796112 7
1739979351797 0.16482163965702057 8
1739979370034 0.2611726224422455 9
1739979388286 0.2660926580429077 10
1739979405503 0.12546125054359436 11
1739979423311 0.3353833854198456 12
1739979441071 0.2308323085308075 13
1739979459186 0.32595324516296387 14
1739979477326 0.12300124019384384 15
1739979495110 0.33005329966545105 16
1739979513042 0.30627307295799255 17
1739979530742 0.2378023862838745 18
1739979548946 0.07503075152635574 19
1739979567094 0.35588356852531433 20
1739979584891 0.10865108668804169 21
1739979602963 0.16072161495685577 22
1739979621111 0.3726937174797058 23
1739979639297 0.2792128026485443 24
1739979657302 0.4317343533039093 25
1739979675266 0.33661338686943054 26
1739979692707 0.4682247042655945 27
1739979710105 0.1570315808057785 28
1739979727909 0.4858548939228058 29
1739979745772 0.3050430417060852 30
1739979763556 0.26199260354042053 31
1739979781420 0.17097170650959015 32
1739979798656 0.21320213377475739 33
1739979816121 0.18573185801506042 34
1739979833943 0.38704389333724976 35
1739979851791 0.28618288040161133 36
1739979869641 0.053300533443689346 37
1739979887409 0.3009430170059204 38
1739979905497 0.06724067032337189 39
1739979923400 0.47806480526924133 40
1739979941215 0.21935220062732697 41
1739979959106 0.33046332001686096 42
1739979977238 0.3185731768608093 43
1739979995090 0.36531364917755127 44
1739980013025 0.24928250908851624 45
1739980030964 0.3271832764148712 46
1739980048877 0.1914719194173813 47
1739980066708 0.5502254962921143 48
1739980084513 0.47027474641799927 49
1739980102298 0.2578926086425781 50
1739980120092 0.19967199862003326 51
1739980138018 0.2312423139810562 52
1739980155850 0.19680196046829224 53
1739980173539 0.11521115899085999 54
1739980191294 0.3915539085865021 55
1739980209181 0.2742927670478821 56
1739980226866 0.22550226747989655 57
1739980245242 0.5063551068305969 58
1739980263447 0.21648216247558594 59
1739980281897 0.339483380317688 60
1739980299965 0.361623615026474 61
1739980318009 0.3743337392807007 62
1739980336483 0.32759329676628113 63
1739980354922 0.3837638199329376 64
1739980372999 0.2706027030944824 65
1739980391514 0.1414514183998108 66
1739980410109 0.48708486557006836 67
1739980428476 0.32964327931404114 68
1739980446839 0.23575235903263092 69
1739980465183 0.15867158770561218 70
1739980483497 0.3177531957626343 71
1739980501598 0.17712177336215973 72
1739980519964 0.13407133519649506 73
1739980538503 0.17958179116249084 74
1739980556417 0.16236162185668945 75
1739980574271 0.17794178426265717 76
1739980592230 0.17507176101207733 77
1739980610171 0.36654365062713623 78
1739980627952 0.30422306060791016 79
1739980646175 0.37556377053260803 80
1739980664322 0.2718327045440674 81
1739980682662 0.4100041091442108 82
1739980700722 0.31693318486213684 83
1739980718531 0.39565396308898926 84
1739980736415 0.2792127728462219 85
1739980754332 0.20008200407028198 86
1739980772263 0.21976220607757568 87
1739980790161 0.19680199027061462 88
1739980808062 0.22386223077774048 89
1739980826564 0.32759329676628113 90
1739980845070 0.15621156990528107 91
1739980863450 0.3509635031223297 92
1739980881938 0.19065190851688385 93
1739980900529 0.16687166690826416 94
1739980918950 0.2611726224422455 95
1739980936788 0.28864291310310364 96
1739980954668 0.42640426754951477 97
1739980972452 0.507175087928772 98
1739980990271 0.30832311511039734 99
