1739979206247 0.3009430170059204 0
1739979224179 0.4124641418457031 1
1739979242198 0.3308733105659485 2
1739979260712 0.43870440125465393 3
1739979278780 0.483804851770401 4
1739979297096 0.276752769947052 5
1739979315236 0.43501436710357666 6
1739979333558 0.3940139412879944 7
1739979351797 0.40631407499313354 8
1739979370034 0.3489135205745697 9
1739979388286 0.32800328731536865 10
1739979405503 0.44772446155548096 11
1739979423311 0.2287822812795639 12
1739979441071 0.338253378868103 13
1739979459186 0.25584256649017334 14
1739979477326 0.4657646715641022 15
1739979495110 0.24764248728752136 16
1739979513042 0.27962279319763184 17
1739979530742 0.35793358087539673 18
1739979548946 0.5022550225257874 19
1739979567094 0.222222238779068 20
1739979584891 0.4661746621131897 21
1739979602963 0.4309143126010895 22
1739979621111 0.1984419971704483 23
1739979639297 0.3132431209087372 24
1739979657302 0.13038130104541779 25
1739979675266 0.22755226492881775 26
1739979692707 0.10045100748538971 27
1739979710105 0.40631407499313354 28
1739979727909 0.09348092973232269 29
1739979745772 0.2660926580429077 30
1739979763556 0.33415335416793823 31
1739979781420 0.40672409534454346 32
1739979798656 0.3550635576248169 33
1739979816121 0.3960639536380768 34
1739979833943 0.1898319125175476 35
1739979851791 0.2964329719543457 36
1739979869641 0.507175087928772 37
1739979887409 0.2677326798439026 38
1739979905497 0.5268552899360657 39
1739979923400 0.13571135699748993 40
1739979941215 0.35219353437423706 41
1739979959106 0.24518245458602905 42
1739979977238 0.2660926580429077 43
1739979995090 0.19229193031787872 44
1739980013025 0.3271832764148712 45
1739980030964 0.22509224712848663 46
1739980048877 0.37556377053260803 47
1739980066708 0.022550225257873535 48
1739980084513 0.08651086688041687 49
1739980102298 0.31447315216064453 50
1739980120092 0.368593692779541 51
1739980138018 0.33046332001686096 52
1739980155850 0.3899138867855072 53
1739980173539 0.47109469771385193 54
1739980191294 0.18491186201572418 55
1739980209181 0.30176302790641785 56
1739980226866 0.36654365062713623 57
1739980245242 0.06355063617229462 58
1739980263447 0.3612136244773865 59
1739980281897 0.23657236993312836 60
1739980299965 0.23698239028453827 61
1739980318009 0.21730217337608337 62
1739980336483 0.25174251198768616 63
1739980354922 0.20828209817409515 64
1739980372999 0.31242311000823975 65
1739980391514 0.4485445022583008 66
1739980410109 0.10004100203514099 67
1739980428476 0.2554325461387634 68
1739980446839 0.35178351402282715 69
1739980465183 0.41492414474487305 70
1739980483497 0.26691266894340515 71
1739980501598 0.4005740284919739 72
1739980519964 0.4612545967102051 73
1739980538503 0.3706437051296234 74
1739980556417 0.4165641963481903 75
1739980574271 0.4075440764427185 76
1739980592230 0.4095940887928009 77
1739980610171 0.22099220752716064 78
1739980627952 0.2742927372455597 79
1739980646175 0.19967199862003326 80
1739980664322 0.3243132531642914 81
1739980682662 0.18778188526630402 82
1739980700722 0.28208282589912415 83
1739980718531 0.20951209962368011 84
1739980736415 0.30217304825782776 85
1739980754332 0.3813038170337677 86
1739980772263 0.36654365062713623 87
1739980790161 0.3726937174797058 88
1739980808062 0.353423535823822 89
1739980826564 0.2263222634792328 90
1739980845070 0.42189422249794006 91
1739980863450 0.23821237683296204 92
1739980881938 0.3968839943408966 93
1739980900529 0.414104163646698 94
1739980918950 0.3226732611656189 95
1739980936788 0.2833128273487091 96
1739980954668 0.1418614238500595 97
1739980972452 0.07749077677726746 98
1739980990271 0.2808528244495392 99
