1739992482462 0.588316023349762 0
1739992485255 0.7647992372512817 1
1739992488043 0.8498942852020264 2
1739992490828 0.8869794011116028 3
1739992493609 0.9087310433387756 4
1739992496394 0.9232064485549927 5
1739992499168 0.933899462223053 6
1739992501963 0.9429641962051392 7
1739992504739 0.9458587765693665 8
1739992507525 0.956572413444519 9
1739992510306 0.9601329565048218 10
1739992513090 0.9631942510604858 11
1739992515871 0.9674299955368042 12
1739992518647 0.972019612789154 13
1739992521437 0.9760976433753967 14
1739992524215 0.9750738739967346 15
1739992527004 0.9780819416046143 16
1739992529801 0.9831606149673462 17
1739992532585 0.9805496335029602 18
1739992535371 0.9806698560714722 19
1739992538160 0.9824090003967285 20
1739992540955 0.9850529432296753 21
1739992543747 0.983642041683197 22
1739992546539 0.9899081587791443 23
1739992549329 0.9878429174423218 24
1739992552107 0.9870032072067261 25
1739992554892 0.9895481467247009 26
1739992557671 0.989879310131073 27
1739992560448 0.9867461919784546 28
1739992563230 0.9851141571998596 29
1739992566012 0.9900241494178772 30
1739992568796 0.9908705353736877 31
1739992571571 0.9889224767684937 32
1739992574355 0.9901984333992004 33
1739992577134 0.9903330206871033 34
1739992579915 0.9951475858688354 35
1739992582702 0.9917288422584534 36
1739992585493 0.9892788529396057 37
1739992588279 0.9935477375984192 38
1739992591062 0.9927423000335693 39
1739992593849 0.9937785863876343 40
1739992596633 0.9946045875549316 41
1739992599424 0.9939616918563843 42
1739992602214 0.9931407570838928 43
1739992604993 0.9950946569442749 44
1739992607785 0.9940884113311768 45
1739992610571 0.9913297295570374 46
1739992613357 0.9957696199417114 47
1739992616173 0.9939597249031067 48
1739992619004 0.9960729479789734 49
1739992621827 0.9968897104263306 50
1739992624654 0.9960645437240601 51
1739992627499 0.9943460822105408 52
1739992630326 0.9934330582618713 53
1739992633159 0.9947633147239685 54
1739992635990 0.9948186874389648 55
1739992638806 0.9951099157333374 56
1739992641595 0.9944357872009277 57
1739992644389 0.996631383895874 58
1739992647169 0.9986401200294495 59
1739992649949 0.9979047775268555 60
1739992652740 0.9968162775039673 61
1739992655524 0.9972317218780518 62
1739992658313 0.9956512451171875 63
1739992661096 0.9946538805961609 64
1739992663881 0.997176468372345 65
1739992666671 0.9964037537574768 66
1739992669459 0.9977303743362427 67
1739992672246 0.9970132112503052 68
1739992675030 0.9978444576263428 69
1739992677814 0.9966875314712524 70
1739992680601 0.9972988963127136 71
1739992683396 0.9981836676597595 72
1739992686178 0.9973644614219666 73
1739992688957 0.9995735287666321 74
1739992691729 0.9946644306182861 75
1739992694494 0.9977858662605286 76
1739992697276 0.997301459312439 77
1739992700042 0.9987549781799316 78
1739992702827 0.9983397126197815 79
1739992705603 0.9959033727645874 80
1739992708380 0.9980043768882751 81
1739992711173 0.995989203453064 82
1739992713956 0.9965319037437439 83
1739992716735 0.9987695813179016 84
1739992719517 0.9979420304298401 85
1739992722305 0.9974629878997803 86
1739992725083 0.9985579252243042 87
1739992727862 0.9974038600921631 88
1739992730634 0.9975760579109192 89
1739992733409 0.9977119565010071 90
1739992736190 0.9978563785552979 91
1739992738968 0.9960262775421143 92
1739992741745 0.9953842163085938 93
1739992744522 0.997018575668335 94
1739992747299 0.9967287182807922 95
1739992750081 0.9974285960197449 96
1739992752857 0.9981497526168823 97
1739992755641 0.9985948801040649 98
1739992758412 0.9986703395843506 99
