1739992482462 0.5739052295684814 0
1739992485255 0.7251209020614624 1
1739992488043 0.8270989656448364 2
1739992490828 0.8753905296325684 3
1739992493609 0.9087622761726379 4
1739992496394 0.9196395874023438 5
1739992499168 0.9334474802017212 6
1739992501963 0.9409438967704773 7
1739992504739 0.9429582953453064 8
1739992507525 0.9558683037757874 9
1739992510306 0.9609249830245972 10
1739992513090 0.9629364013671875 11
1739992515871 0.9653519988059998 12
1739992518647 0.9731894135475159 13
1739992521437 0.9745560884475708 14
1739992524215 0.975245475769043 15
1739992527004 0.9791021347045898 16
1739992529801 0.9835295677185059 17
1739992532585 0.9814229607582092 18
1739992535371 0.9801598787307739 19
1739992538160 0.9807488918304443 20
1739992540955 0.9848252534866333 21
1739992543747 0.9836472868919373 22
1739992546539 0.9897334575653076 23
1739992549329 0.9878011345863342 24
1739992552107 0.9870882630348206 25
1739992554892 0.9887311458587646 26
1739992557671 0.9896830916404724 27
1739992560448 0.9886182546615601 28
1739992563230 0.983918309211731 29
1739992566012 0.9894164800643921 30
1739992568796 0.9904941916465759 31
1739992571571 0.9887185096740723 32
1739992574355 0.9898260831832886 33
1739992577134 0.9905755519866943 34
1739992579915 0.9957678914070129 35
1739992582702 0.9923991560935974 36
1739992585493 0.9905458688735962 37
1739992588279 0.9937909841537476 38
1739992591062 0.9927740693092346 39
1739992593849 0.9936689138412476 40
1739992596633 0.9935694932937622 41
1739992599424 0.9937069416046143 42
1739992602214 0.9933291077613831 43
1739992604993 0.9949266910552979 44
1739992607785 0.9940948486328125 45
1739992610571 0.9909716248512268 46
1739992613357 0.9950188994407654 47
1739992616173 0.9941349625587463 48
1739992619004 0.9957162141799927 49
1739992621827 0.9968185424804688 50
1739992624654 0.996141254901886 51
1739992627499 0.9947305917739868 52
1739992630326 0.9931026101112366 53
1739992633159 0.9943615794181824 54
1739992635990 0.9941954612731934 55
1739992638806 0.9957352876663208 56
1739992641595 0.9938530921936035 57
1739992644389 0.9970260858535767 58
1739992647169 0.9986523389816284 59
1739992649949 0.9975712299346924 60
1739992652740 0.9968862533569336 61
1739992655524 0.9963849782943726 62
1739992658313 0.9953382015228271 63
1739992661096 0.9945316910743713 64
1739992663881 0.9964094161987305 65
1739992666671 0.9964038133621216 66
1739992669459 0.997771143913269 67
1739992672246 0.9974601864814758 68
1739992675030 0.9976605176925659 69
1739992677814 0.99698805809021 70
1739992680601 0.997204601764679 71
1739992683396 0.9981644749641418 72
1739992686178 0.9971463680267334 73
1739992688957 0.9995315670967102 74
1739992691729 0.9952619075775146 75
1739992694494 0.9977439045906067 76
1739992697276 0.9972527623176575 77
1739992700042 0.9985427856445312 78
1739992702827 0.9980235695838928 79
1739992705603 0.9959249496459961 80
1739992708380 0.998353898525238 81
1739992711173 0.9957941174507141 82
1739992713956 0.9969984889030457 83
1739992716735 0.9985305666923523 84
1739992719517 0.9975259900093079 85
1739992722305 0.9979519248008728 86
1739992725083 0.9987416863441467 87
1739992727862 0.9970794916152954 88
1739992730634 0.99790358543396 89
1739992733409 0.997785210609436 90
1739992736190 0.9975259304046631 91
1739992738968 0.9958710670471191 92
1739992741745 0.9951066374778748 93
1739992744522 0.9966626763343811 94
1739992747299 0.9969469308853149 95
1739992750081 0.9980161190032959 96
1739992752857 0.9976627826690674 97
1739992755641 0.998720645904541 98
1739992758412 0.9985485672950745 99
