1739979206247 0.24661746621131897 0
1739979224179 0.14514145255088806 1
1739979242198 0.2263222634792328 2
1739979260712 0.127306267619133 3
1739979278780 0.07933579385280609 4
1739979297096 0.2576875686645508 5
1739979315236 0.14514145255088806 6
1739979333558 0.169741690158844 7
1739979351797 0.14637145400047302 8
1739979370034 0.2263222634792328 9
1739979388286 0.2287822812795639 10
1739979405503 0.1100860983133316 11
1739979423311 0.2884378731250763 12
1739979441071 0.20110701024532318 13
1739979459186 0.28351783752441406 14
1739979477326 0.10824108123779297 15
1739979495110 0.2853628396987915 16
1739979513042 0.2632226347923279 17
1739979530742 0.20479704439640045 18
1739979548946 0.06519065052270889 19
1739979567094 0.3056580424308777 20
1739979584891 0.09409593790769577 21
1739979602963 0.14022140204906464 22
1739979621111 0.3216482102870941 23
1739979639297 0.24354243278503418 24
1739979657302 0.3726937174797058 25
1739979675266 0.2884378731250763 26
1739979692707 0.39975398778915405 27
1739979710105 0.13407133519649506 28
1739979727909 0.41451412439346313 29
1739979745772 0.26076260209083557 30
1739979763556 0.22693726420402527 31
1739979781420 0.14329643547534943 32
1739979798656 0.1838868409395218 33
1739979816121 0.15744157135486603 34
1739979833943 0.33210331201553345 35
1739979851791 0.24415743350982666 36
1739979869641 0.046740464866161346 37
1739979887409 0.25830256938934326 38
1739979905497 0.057195570319890976 39
1739979923400 0.4102090895175934 40
1739979941215 0.19003689289093018 41
1739979959106 0.28167280554771423 42
1739979977238 0.2736777365207672 43
1739979995090 0.3130381107330322 44
1739980013025 0.21279212832450867 45
1739980030964 0.28351783752441406 46
1739980048877 0.16605165600776672 47
1739980066708 0.47109469771385193 48
1739980084513 0.40467405319213867 49
1739980102298 0.21955719590187073 50
1739980120092 0.17035670578479767 51
1739980138018 0.19864697754383087 52
1739980155850 0.16789667308330536 53
1739980173539 0.09778597950935364 54
1739980191294 0.34009838104248047 55
1739980209181 0.23862238228321075 56
1739980226866 0.19372692704200745 57
1739980245242 0.4378843605518341 58
1739980263447 0.1894218921661377 59
1739980281897 0.2933579385280609 60
1739980299965 0.30934807658195496 61
1739980318009 0.3228782117366791 62
1739980336483 0.2804428040981293 63
1739980354922 0.32902827858924866 64
1739980372999 0.23247231543064117 65
1739980391514 0.12238622456789017 66
1739980410109 0.42189422249794006 67
1739980428476 0.2878228724002838 68
1739980446839 0.20418204367160797 69
1739980465183 0.13899138569831848 70
1739980483497 0.27244770526885986 71
1739980501598 0.15375153720378876 72
1739980519964 0.1186961829662323 73
1739980538503 0.15621155500411987 74
1739980556417 0.13899138569831848 75
1739980574271 0.15375153720378876 76
1739980592230 0.1494464874267578 77
1739980610171 0.31242311000823975 78
1739980627952 0.26137760281562805 79
1739980646175 0.32103320956230164 80
1739980664322 0.2343173325061798 81
1739980682662 0.3560885488986969 82
1739980700722 0.2761377692222595 83
1739980718531 0.34686344861984253 84
1739980736415 0.24108240008354187 85
1739980754332 0.16851168870925903 86
1739980772263 0.18696185946464539 87
1739980790161 0.17035670578479767 88
1739980808062 0.1949569433927536 89
1739980826564 0.2829028367996216 90
1739980845070 0.13653136789798737 91
1739980863450 0.30319803953170776 92
1739980881938 0.16543665528297424 93
1739980900529 0.14821648597717285 94
1739980918950 0.22693726420402527 95
1739980936788 0.2515375018119812 96
1739980954668 0.3646986484527588 97
1739980972452 0.4323493242263794 98
1739980990271 0.2632226347923279 99
