1739979206247 0.25891757011413574 0
1739979224179 0.35731858015060425 1
1739979242198 0.28720787167549133 2
1739979260712 0.37761378288269043 3
1739979278780 0.4157441556453705 4
1739979297096 0.24231241643428802 5
1739979315236 0.38068878650665283 6
1739979333558 0.3425584137439728 7
1739979351797 0.34932348132133484 8
1739979370034 0.300123006105423 9
1739979388286 0.2853628396987915 10
1739979405503 0.38560885190963745 11
1739979423311 0.19557195901870728 12
1739979441071 0.29274290800094604 13
1739979459186 0.21832717955112457 14
1739979477326 0.40036898851394653 15
1739979495110 0.21402212977409363 16
1739979513042 0.2404673993587494 17
1739979530742 0.3099631071090698 18
1739979548946 0.43111929297447205 19
1739979567094 0.1918819099664688 20
1739979584891 0.400983989238739 21
1739979602963 0.36838868260383606 22
1739979621111 0.17343172430992126 23
1739979639297 0.27244770526885986 24
1739979657302 0.1131611317396164 25
1739979675266 0.19680196046829224 26
1739979692707 0.08794587850570679 27
1739979710105 0.34870848059654236 28
1739979727909 0.08364083617925644 29
1739979745772 0.22693726420402527 30
1739979763556 0.28659287095069885 31
1739979781420 0.3505535125732422 32
1739979798656 0.30688807368278503 33
1739979816121 0.3364083468914032 34
1739979833943 0.16482163965702057 35
1739979851791 0.25338253378868103 36
1739979869641 0.4348093271255493 37
1739979887409 0.2318573147058487 38
1739979905497 0.4471094608306885 39
1739979923400 0.11931119114160538 40
1739979941215 0.30381304025650024 41
1739979959106 0.2091020941734314 42
1739979977238 0.2263222634792328 43
1739979995090 0.1635916382074356 44
1739980013025 0.28351783752441406 45
1739980030964 0.19249692559242249 46
1739980048877 0.3241082429885864 47
1739980066708 0.018450183793902397 48
1739980084513 0.07257072627544403 49
1739980102298 0.26937270164489746 50
1739980120092 0.31734317541122437 51
1739980138018 0.28105780482292175 52
1739980155850 0.3333333134651184 53
1739980173539 0.40467405319213867 54
1739980191294 0.15928658843040466 55
1739980209181 0.25891757011413574 56
1739980226866 0.31549814343452454 57
1739980245242 0.05473554506897926 58
1739980263447 0.3087330758571625 59
1739980281897 0.2035670280456543 60
1739980299965 0.20110701024532318 61
1739980318009 0.19003689289093018 62
1739980336483 0.2201721966266632 63
1739980354922 0.17958179116249084 64
1739980372999 0.26937270164489746 65
1739980391514 0.38868388533592224 66
1739980410109 0.08856088668107986 67
1739980428476 0.22201721370220184 68
1739980446839 0.3087330758571625 69
1739980465183 0.35793358087539673 70
1739980483497 0.23308733105659485 71
1739980501598 0.34563344717025757 72
1739980519964 0.3985239863395691 73
1739980538503 0.31549814343452454 74
1739980556417 0.3536285161972046 75
1739980574271 0.3499384820461273 76
1739980592230 0.34870848059654236 77
1739980610171 0.19003689289093018 78
1739980627952 0.23677736520767212 79
1739980646175 0.17158670723438263 80
1739980664322 0.27859777212142944 81
1739980682662 0.16482163965702057 82
1739980700722 0.24231241643428802 83
1739980718531 0.18204182386398315 84
1739980736415 0.2626076340675354 85
1739980754332 0.3327183127403259 86
1739980772263 0.31734317541122437 87
1739980790161 0.3216482102870941 88
1739980808062 0.30811807513237 89
1739980826564 0.19618695974349976 90
1739980845070 0.36592864990234375 91
1739980863450 0.2115621119737625 92
1739980881938 0.3425584137439728 93
1739980900529 0.361623615026474 94
1739980918950 0.2792127728462219 95
1739980936788 0.24723246693611145 96
1739980954668 0.12361623346805573 97
1739980972452 0.06580565869808197 98
1739980990271 0.24108240008354187 99
