1739990274040 0.5704126358032227 0
1739990275752 0.6217079162597656 1
1739990277455 0.6722802519798279 2
1739990279148 0.7233684659004211 3
1739990280838 0.7658029794692993 4
1739990282536 0.7873844504356384 5
1739990284238 0.812792956829071 6
1739990285940 0.8314235806465149 7
1739990287640 0.8551766872406006 8
1739990289329 0.8576993346214294 9
1739990291028 0.88693767786026 10
1739990292731 0.8923590779304504 11
1739990294429 0.9104614853858948 12
1739990296131 0.9226099252700806 13
1739990297809 0.9160694479942322 14
1739990299505 0.9277036190032959 15
1739990301206 0.9257296323776245 16
1739990302910 0.930759608745575 17
1739990304609 0.9359323978424072 18
1739990306304 0.9446290731430054 19
1739990307990 0.9490634799003601 20
1739990309694 0.9567875862121582 21
1739990311395 0.9564159512519836 22
1739990313094 0.9480974078178406 23
1739990314789 0.9666925072669983 24
1739990316466 0.9582095742225647 25
1739990318171 0.9599903225898743 26
1739990319867 0.9689573049545288 27
1739990321563 0.9672791957855225 28
1739990323265 0.9755670428276062 29
1739990324953 0.9753849506378174 30
1739990326646 0.9765282273292542 31
1739990328352 0.9746614694595337 32
1739990330049 0.9759768843650818 33
1739990331748 0.9789106249809265 34
1739990333442 0.9827191829681396 35
1739990335140 0.9797870516777039 36
1739990336844 0.9825729727745056 37
1739990338549 0.9782150983810425 38
1739990340254 0.9789817929267883 39
1739990341953 0.9820849895477295 40
1739990343648 0.9800102114677429 41
1739990345350 0.9883145689964294 42
1739990347053 0.9841774106025696 43
1739990348753 0.9853559732437134 44
1739990350449 0.9879726767539978 45
1739990352145 0.9904084205627441 46
1739990353843 0.9837604761123657 47
1739990355541 0.9854279160499573 48
1739990357240 0.987563967704773 49
1739990358939 0.9874846935272217 50
1739990360632 0.9903445839881897 51
1739990362322 0.9933347105979919 52
1739990364020 0.9893454313278198 53
1739990365722 0.9949774742126465 54
1739990367424 0.9869634509086609 55
1739990369120 0.9953519701957703 56
1739990370820 0.992588222026825 57
1739990372519 0.989375650882721 58
1739990374223 0.9930609464645386 59
1739990375925 0.9901954531669617 60
1739990377621 0.9958673715591431 61
1739990379321 0.9893214702606201 62
1739990381011 0.989613950252533 63
1739990382718 0.993653416633606 64
1739990384418 0.9903073310852051 65
1739990386120 0.9920145273208618 66
1739990387821 0.9963688850402832 67
1739990389514 0.9930062890052795 68
1739990391212 0.9951011538505554 69
1739990392913 0.9938316941261292 70
1739990394613 0.997663676738739 71
1739990396312 0.9923282265663147 72
1739990398006 0.9973512887954712 73
1739990399703 0.9933804273605347 74
1739990401402 0.9955669045448303 75
1739990403108 0.9930680990219116 76
1739990404802 0.9958804845809937 77
1739990406502 0.9950829148292542 78
1739990408192 0.9948877692222595 79
1739990409890 0.9900864958763123 80
1739990411592 0.9942235350608826 81
1739990413287 0.9904199838638306 82
1739990414990 0.9938375353813171 83
1739990416683 0.9939777851104736 84
1739990418377 0.9949554800987244 85
1739990420075 0.9944848418235779 86
1739990421766 0.9952775835990906 87
1739990423465 0.9987689852714539 88
1739990425157 0.9940279126167297 89
1739990426849 0.99637770652771 90
1739990428552 0.9956365823745728 91
1739990430253 0.9956198930740356 92
1739990431947 0.9961099028587341 93
1739990433647 0.9969855546951294 94
1739990435335 0.9954319596290588 95
1739990437034 0.9947934746742249 96
1739990438730 0.9939086437225342 97
1739990440425 0.9939572811126709 98
1739990442123 0.994811475276947 99
