1739990274040 0.4132658541202545 0
1739990275752 0.6222352385520935 1
1739990277455 0.6785871982574463 2
1739990279148 0.7139685153961182 3
1739990280838 0.7316701412200928 4
1739990282536 0.7646185159683228 5
1739990284238 0.7888935208320618 6
1739990285940 0.8143700957298279 7
1739990287640 0.8427851796150208 8
1739990289329 0.8547855019569397 9
1739990291028 0.880590558052063 10
1739990292731 0.888549268245697 11
1739990294429 0.9093698859214783 12
1739990296131 0.9236630797386169 13
1739990297809 0.9141771793365479 14
1739990299505 0.9264335036277771 15
1739990301206 0.9272644519805908 16
1739990302910 0.929667592048645 17
1739990304609 0.9366233944892883 18
1739990306304 0.9431273937225342 19
1739990307990 0.9498574733734131 20
1739990309694 0.9563180804252625 21
1739990311395 0.9562087059020996 22
1739990313094 0.9503410458564758 23
1739990314789 0.9673105478286743 24
1739990316466 0.9588915109634399 25
1739990318171 0.9593014717102051 26
1739990319867 0.9688605070114136 27
1739990321563 0.9675171375274658 28
1739990323265 0.9754645824432373 29
1739990324953 0.9740362763404846 30
1739990326646 0.9766265749931335 31
1739990328352 0.973872721195221 32
1739990330049 0.9754287004470825 33
1739990331748 0.979457437992096 34
1739990333442 0.9828592538833618 35
1739990335140 0.9799380898475647 36
1739990336844 0.981665849685669 37
1739990338549 0.9792099595069885 38
1739990340254 0.9790576696395874 39
1739990341953 0.9819579720497131 40
1739990343648 0.9798648953437805 41
1739990345350 0.9876287579536438 42
1739990347053 0.9851568937301636 43
1739990348753 0.985029399394989 44
1739990350449 0.9885579943656921 45
1739990352145 0.9891821146011353 46
1739990353843 0.9843786954879761 47
1739990355541 0.9853330850601196 48
1739990357240 0.987723171710968 49
1739990358939 0.987865686416626 50
1739990360632 0.9897630214691162 51
1739990362322 0.9932963848114014 52
1739990364020 0.9899922013282776 53
1739990365722 0.9953339099884033 54
1739990367424 0.9868559241294861 55
1739990369120 0.9949179291725159 56
1739990370820 0.9924041032791138 57
1739990372519 0.9895449280738831 58
1739990374223 0.9931549429893494 59
1739990375925 0.9901638627052307 60
1739990377621 0.9956888556480408 61
1739990379321 0.9890870451927185 62
1739990381011 0.9897845983505249 63
1739990382718 0.9937214851379395 64
1739990384418 0.9898984432220459 65
1739990386120 0.990888774394989 66
1739990387821 0.9963670969009399 67
1739990389514 0.9941645860671997 68
1739990391212 0.9946188926696777 69
1739990392913 0.9947460293769836 70
1739990394613 0.9975119829177856 71
1739990396312 0.9921538829803467 72
1739990398006 0.997758150100708 73
1739990399703 0.9933133125305176 74
1739990401402 0.995491087436676 75
1739990403108 0.99310702085495 76
1739990404802 0.995660662651062 77
1739990406502 0.9947091937065125 78
1739990408192 0.9949201941490173 79
1739990409890 0.9895395636558533 80
1739990411592 0.9943487644195557 81
1739990413287 0.9907903075218201 82
1739990414990 0.9940788149833679 83
1739990416683 0.9934362769126892 84
1739990418377 0.9941273927688599 85
1739990420075 0.9946653246879578 86
1739990421766 0.9950459003448486 87
1739990423465 0.9988254308700562 88
1739990425157 0.9939125776290894 89
1739990426849 0.9963966012001038 90
1739990428552 0.995913028717041 91
1739990430253 0.9953891038894653 92
1739990431947 0.9953503608703613 93
1739990433647 0.9969736337661743 94
1739990435335 0.9956063628196716 95
1739990437034 0.9950127601623535 96
1739990438730 0.9933968782424927 97
1739990440425 0.9939951300621033 98
1739990442123 0.994936466217041 99
