1739992482462 0.5871178507804871 0
1739992485255 0.7128769755363464 1
1739992488043 0.8041650056838989 2
1739992490828 0.8503934144973755 3
1739992493609 0.8909502029418945 4
1739992496394 0.9087496399879456 5
1739992499168 0.920719563961029 6
1739992501963 0.9323362112045288 7
1739992504739 0.9346491098403931 8
1739992507525 0.9506358504295349 9
1739992510306 0.9577695727348328 10
1739992513090 0.9594308137893677 11
1739992515871 0.9605477452278137 12
1739992518647 0.9727398753166199 13
1739992521437 0.9696820974349976 14
1739992524215 0.9733160734176636 15
1739992527004 0.9785090088844299 16
1739992529801 0.9800423979759216 17
1739992532585 0.9756949543952942 18
1739992535371 0.976345419883728 19
1739992538160 0.9829654097557068 20
1739992540955 0.9817086458206177 21
1739992543747 0.9785084128379822 22
1739992546539 0.9879493713378906 23
1739992549329 0.990125298500061 24
1739992552107 0.9866837859153748 25
1739992554892 0.9861714243888855 26
1739992557671 0.9903272390365601 27
1739992560448 0.9858428835868835 28
1739992563230 0.9851433038711548 29
1739992566012 0.9935948848724365 30
1739992568796 0.9900141954421997 31
1739992571571 0.9868239164352417 32
1739992574355 0.992748498916626 33
1739992577134 0.9881505966186523 34
1739992579915 0.9953179359436035 35
1739992582702 0.9925765991210938 36
1739992585493 0.9879892468452454 37
1739992588279 0.9956103563308716 38
1739992591062 0.9927111864089966 39
1739992593849 0.9921674728393555 40
1739992596633 0.9940778613090515 41
1739992599424 0.994992733001709 42
1739992602214 0.9927657842636108 43
1739992604993 0.9940318465232849 44
1739992607785 0.9929806590080261 45
1739992610571 0.992098867893219 46
1739992613357 0.997649073600769 47
1739992616173 0.9963844418525696 48
1739992619004 0.9946035146713257 49
1739992621827 0.9965620040893555 50
1739992624654 0.9973541498184204 51
1739992627499 0.9940206408500671 52
1739992630326 0.9923204779624939 53
1739992633159 0.9949826002120972 54
1739992635990 0.9974663853645325 55
1739992638806 0.9944009184837341 56
1739992641595 0.9957529306411743 57
1739992644389 0.997281551361084 58
1739992647169 0.9982754588127136 59
1739992649949 0.9984199404716492 60
1739992652740 0.997196614742279 61
1739992655524 0.9991836547851562 62
1739992658313 0.9948326349258423 63
1739992661096 0.9948874115943909 64
1739992663881 0.9976559281349182 65
1739992666671 0.9965933561325073 66
1739992669459 0.9980952739715576 67
1739992672246 0.9978243112564087 68
1739992675030 0.9975030422210693 69
1739992677814 0.9971869587898254 70
1739992680601 0.9981685280799866 71
1739992683396 1.0 72
1739992686178 0.9974799156188965 73
1739992688957 1.0 74
1739992691729 0.9941661357879639 75
1739992694494 0.9982380270957947 76
1739992697276 0.9974961280822754 77
1739992700042 0.9991836547851562 78
1739992702827 0.999248206615448 79
1739992705603 0.9963827729225159 80
1739992708380 0.9979913234710693 81
1739992711173 0.9975143671035767 82
1739992713956 0.9966462254524231 83
1739992716735 0.9991836547851562 84
1739992719517 0.9983349442481995 85
1739992722305 0.9972789287567139 86
1739992725083 0.9990147352218628 87
1739992727862 0.9974457025527954 88
1739992730634 0.9990147352218628 89
1739992733409 0.9983134865760803 90
1739992736190 0.9975498914718628 91
1739992738968 0.9967774748802185 92
1739992741745 0.9974188804626465 93
1739992744522 0.9966559410095215 94
1739992747299 0.9979794025421143 95
1739992750081 0.9980272650718689 96
1739992752857 0.9987577199935913 97
1739992755641 1.0 98
1739992758412 0.9990147352218628 99
