1739992482462 0.5969842672348022 0
1739992485255 0.8015195727348328 1
1739992488043 0.8945336937904358 2
1739992490828 0.9217871427536011 3
1739992493609 0.9307199716567993 4
1739992496394 0.9383307099342346 5
1739992499168 0.9515434503555298 6
1739992501963 0.955460250377655 7
1739992504739 0.9570589661598206 8
1739992507525 0.9629663825035095 9
1739992510306 0.9660947322845459 10
1739992513090 0.9692039489746094 11
1739992515871 0.9764012098312378 12
1739992518647 0.9736751914024353 13
1739992521437 0.9825548529624939 14
1739992524215 0.97900390625 15
1739992527004 0.9799630641937256 16
1739992529801 0.98642897605896 17
1739992532585 0.9869349002838135 18
1739992535371 0.9850152134895325 19
1739992538160 0.9807286858558655 20
1739992540955 0.9876449704170227 21
1739992543747 0.9891065359115601 22
1739992546539 0.9926528930664062 23
1739992549329 0.9876450896263123 24
1739992552107 0.9874321222305298 25
1739992554892 0.9924746155738831 26
1739992557671 0.9895111322402954 27
1739992560448 0.9900779724121094 28
1739992563230 0.9852217435836792 29
1739992566012 0.9864059686660767 30
1739992568796 0.9918748140335083 31
1739992571571 0.9909322261810303 32
1739992574355 0.9871746897697449 33
1739992577134 0.9928998947143555 34
1739992579915 0.9958676099777222 35
1739992582702 0.9917973279953003 36
1739992585493 0.9927592873573303 37
1739992588279 0.9922558665275574 38
1739992591062 0.9927428364753723 39
1739992593849 0.9956087470054626 40
1739992596633 0.993878185749054 41
1739992599424 0.9926519989967346 42
1739992602214 0.9938685894012451 43
1739992604993 0.9965416193008423 44
1739992607785 0.9956643581390381 45
1739992610571 0.9914204478263855 46
1739992613357 0.993391215801239 47
1739992616173 0.9920352697372437 48
1739992619004 0.9967930316925049 49
1739992621827 0.9973654747009277 50
1739992624654 0.9951509833335876 51
1739992627499 0.9943789839744568 52
1739992630326 0.9946882128715515 53
1739992633159 0.994533121585846 54
1739992635990 0.9915667176246643 55
1739992638806 0.9967572689056396 56
1739992641595 0.9926098585128784 57
1739992644389 0.996748149394989 58
1739992647169 0.9991836547851562 59
1739992649949 0.9972601532936096 60
1739992652740 0.9963714480400085 61
1739992655524 0.9938512444496155 62
1739992658313 0.9962902665138245 63
1739992661096 0.9946829676628113 64
1739992663881 0.9959848523139954 65
1739992666671 0.9966017603874207 66
1739992669459 0.9972209334373474 67
1739992672246 0.9964864253997803 68
1739992675030 0.9981632828712463 69
1739992677814 0.9965763688087463 70
1739992680601 0.9963319301605225 71
1739992683396 0.9964223504066467 72
1739992686178 0.9972209334373474 73
1739992688957 0.9990783929824829 74
1739992691729 0.9956732392311096 75
1739992694494 0.9973196983337402 76
1739992697276 0.9973994493484497 77
1739992700042 0.9980867505073547 78
1739992702827 0.9971730709075928 79
1739992705603 0.9955161809921265 80
1739992708380 0.9983619451522827 81
1739992711173 0.9946966767311096 82
1739992713956 0.9962716102600098 83
1739992716735 0.9980952739715576 84
1739992719517 0.9970229864120483 85
1739992722305 0.9985476136207581 86
1739992725083 0.9983134865760803 87
1739992727862 0.9969744086265564 88
1739992730634 0.9966618418693542 89
1739992733409 0.9974895119667053 90
1739992736190 0.9981696009635925 91
1739992738968 0.995776891708374 92
1739992741745 0.9931281208992004 93
1739992744522 0.997162938117981 94
1739992747299 0.995591402053833 95
1739992750081 0.9976752400398254 96
1739992752857 0.9970118999481201 97
1739992755641 0.9974790215492249 98
1739992758412 0.9979413747787476 99
