1739989568931 0.6996375918388367 0
1739989569332 0.693300743897756 1
1739989569723 0.6860858003298441 2
1739989570113 0.6800896724065145 3
1739989570505 0.6754913727442423 4
1739989570897 0.6643919547398885 5
1739989571285 0.6583254734675089 6
1739989571676 0.6476335326830546 7
1739989572067 0.6389806071917216 8
1739989572457 0.6175460418065389 9
1739989572847 0.601724366346995 10
1739989573239 0.5785223642985026 11
1739989573629 0.5518431862195333 12
1739989574021 0.5268428126970927 13
1739989574412 0.4997432629267375 14
1739989574802 0.46961356202761334 15
1739989575193 0.45237524310747784 16
1739989575582 0.43745364745457965 17
1739989575969 0.39923642079035443 18
1739989576356 0.38189324736595154 19
1739989576742 0.347901592652003 20
1739989577131 0.3308383723100026 21
1739989577523 0.31313954790433246 22
1739989577911 0.29064249992370605 23
1739989578297 0.2761351267496745 24
1739989578683 0.25305341680844623 25
1739989579075 0.23113921781380972 26
1739989579468 0.2350299209356308 27
1739989579858 0.21370846529801688 28
1739989580248 0.19959054390589395 29
1739989580635 0.19841961562633514 30
1739989581026 0.1661431888739268 31
1739989581414 0.15988918642203012 32
1739989581804 0.14751236140727997 33
1739989582192 0.15594195822874704 34
1739989582582 0.12025087575117747 35
1739989582974 0.116677592198054 36
1739989583366 0.11294939368963242 37
1739989583755 0.11375675847133 38
1739989584143 0.11709329237540562 39
1739989584531 0.10891907413800557 40
1739989584923 0.10652648409207661 41
1739989585312 0.08169013013442357 42
1739989585704 0.10450891156991322 43
1739989586095 0.0898695041735967 44
1739989586483 0.07720340167482694 45
1739989586872 0.10362128168344498 46
1739989587263 0.06903691341479619 47
1739989587653 0.07489073524872462 48
1739989588041 0.0932320902744929 49
1739989588432 0.07282360394795735 50
1739989588822 0.06878352537751198 51
1739989589213 0.07532709340254466 52
1739989589605 0.0574639675517877 53
1739989590001 0.06629287078976631 54
1739989590393 0.07145332917571068 55
1739989590784 0.07117488731940587 56
1739989591178 0.048227679605285324 57
1739989591569 0.051201665153106056 58
1739989591958 0.05252314917743206 59
1739989592350 0.06132464483380318 60
1739989592742 0.04071077952782313 61
1739989593131 0.04557847479979197 62
1739989593519 0.053259129325548805 63
1739989593907 0.05097314467032751 64
1739989594298 0.045065694178144135 65
1739989594687 0.05735589191317558 66
1739989595075 0.04357868432998657 67
1739989595462 0.045712701976299286 68
1739989595854 0.037821738670269646 69
1739989596247 0.0521240197122097 70
1739989596635 0.04786257445812225 71
1739989597026 0.047449265917142235 72
1739989597417 0.04078794022401174 73
1739989597807 0.041619548574090004 74
1739989598195 0.03856458142399788 75
1739989598582 0.03737148021658262 76
1739989598965 0.03741850579778353 77
1739989599353 0.04537904759248098 78
1739989599740 0.0450456403195858 79
1739989600126 0.043483638825515904 80
1739989600513 0.022990784297386806 81
1739989600896 0.041662849485874176 82
1739989601284 0.03571631448964278 83
1739989601672 0.0313120111823082 84
1739989602057 0.03628089651465416 85
1739989602446 0.02898114174604416 86
1739989602834 0.02515218344827493 87
1739989603220 0.032735383758942284 88
1739989603612 0.0218173290292422 89
1739989604007 0.02161086754252513 90
1739989604396 0.029356449842453003 91
1739989604801 0.02433069112400214 92
1739989605190 0.02529916539788246 93
1739989605580 0.030032357200980186 94
1739989605969 0.027723795734345913 95
1739989606356 0.030317335699995358 96
1739989606740 0.0409088123900195 97
1739989607128 0.025524064898490906 98
1739989607515 0.0235239639878273 99
