1739986718226 0.6142099499702454 0
1739986719335 0.3710908889770508 1
1739986720431 0.8690374493598938 2
1739986721526 0.9279459714889526 3
1739986722622 0.9521583318710327 4
1739986723726 0.8153843283653259 5
1739986724825 0.835939884185791 6
1739986725918 0.7072295546531677 7
1739986727011 0.6153846383094788 8
1739986728104 0.07692307978868484 9
1739986729197 1.0 10
1739986730288 0.38324177265167236 11
1739986731386 0.10097678005695343 12
1739986732477 0.9381622076034546 13
1739986733572 0.4679580628871918 14
1739986734662 0.1427762806415558 15
1739986735759 0.4744684398174286 16
1739986736854 0.44808146357536316 17
1739986737945 0.002619602717459202 18
1739986739047 0.12589606642723083 19
1739986740150 0.8761655688285828 20
1739986741248 0.8698127865791321 21
1739986742344 0.6230159401893616 22
1739986743440 0.12753541767597198 23
1739986744534 0.3419414162635803 24
1739986745631 0.9475461840629578 25
1739986746724 0.04974982887506485 26
1739986747815 0.2003052532672882 27
1739986748908 0.42250290513038635 28
1739986750002 0.7232407927513123 29
1739986751096 0.9949832558631897 30
1739986752192 0.13796889781951904 31
1739986753285 0.41276443004608154 32
1739986754379 0.0 33
1739986755472 0.4779564142227173 34
1739986756568 0.9915655255317688 35
1739986757660 0.31739485263824463 36
1739986758758 0.8192321062088013 37
1739986759857 0.1775347739458084 38
1739986760948 0.65873783826828 39
1739986762050 0.997558057308197 40
1739986763148 0.3005736172199249 41
1739986764242 0.0019723866134881973 42
1739986765342 0.006542331073433161 43
1739986766443 0.3176928758621216 44
1739986767546 0.7656724452972412 45
1739986768642 0.7280562520027161 46
1739986769739 0.3756437301635742 47
1739986770832 0.09356638789176941 48
1739986771929 0.8055508136749268 49
1739986773028 0.9271532297134399 50
1739986774124 0.2883194088935852 51
1739986775219 0.4799303114414215 52
1739986776311 0.0 53
1739986777405 0.7178758978843689 54
1739986778499 1.0 55
1739986779594 0.1524520367383957 56
1739986780690 0.0 57
1739986781782 0.17080606520175934 58
1739986782875 1.0 59
1739986783986 0.6838480234146118 60
1739986785083 0.7017794847488403 61
1739986786175 0.10913027822971344 62
1739986787266 0.0 63
1739986788359 0.6312083005905151 64
1739986789458 0.9882943630218506 65
1739986790552 0.015439561568200588 66
1739986791647 0.1977074146270752 67
1739986792743 1.0 68
1739986793840 0.9967283606529236 69
1739986794936 1.0 70
1739986796029 1.0 71
1739986797127 0.22435362637043 72
1739986798222 0.0 73
1739986799316 0.583319365978241 74
1739986800408 0.3583528995513916 75
1739986801509 0.0035907234996557236 76
1739986802600 0.8230841159820557 77
1739986803694 0.7312133312225342 78
1739986804786 0.19208545982837677 79
1739986805883 0.9340036511421204 80
1739986806972 0.302551805973053 81
1739986808065 0.35345661640167236 82
1739986809157 0.19269739091396332 83
1739986810258 0.9132112860679626 84
1739986811346 0.9968603253364563 85
1739986812441 0.6694780588150024 86
1739986813532 0.37272557616233826 87
1739986814632 0.6293464303016663 88
1739986815728 0.8604792356491089 89
1739986816819 0.09522517025470734 90
1739986817910 0.5687748789787292 91
1739986819004 0.07327813655138016 92
1739986820098 0.011638250201940536 93
1739986821194 0.21434730291366577 94
1739986822279 1.0 95
1739986823372 1.0 96
1739986824467 0.37461990118026733 97
1739986825567 0.4105611741542816 98
1739986826662 0.9641699194908142 99
