1739986718226 0.4748220145702362 0
1739986719335 0.7644116878509521 1
1739986720431 0.34655845165252686 2
1739986721526 0.376742422580719 3
1739986722622 0.4121693968772888 4
1739986723726 0.6047151684761047 5
1739986724825 0.640332043170929 6
1739986725918 0.7262881398200989 7
1739986727011 0.38461539149284363 8
1739986728104 0.9234135150909424 9
1739986729197 0.0 10
1739986730288 0.6153846383094788 11
1739986731386 0.8917936682701111 12
1739986732477 0.061270978301763535 13
1739986733572 0.5376307368278503 14
1739986734662 0.8615426421165466 15
1739986735759 0.5169932842254639 16
1739986736854 0.5509718656539917 17
1739986737945 0.996523380279541 18
1739986739047 0.8662046790122986 19
1739986740150 0.1256714165210724 20
1739986741248 0.12779156863689423 21
1739986742344 0.3795012831687927 22
1739986743440 0.880185067653656 23
1739986744534 0.6505781412124634 24
1739986745631 0.0490226075053215 25
1739986746724 0.9466081857681274 26
1739986747815 0.8047337532043457 27
1739986748908 0.578814685344696 28
1739986750002 0.2801506221294403 29
1739986751096 0.0034965036902576685 30
1739986752192 0.8545402884483337 31
1739986753285 0.5798613429069519 32
1739986754379 0.9964457750320435 33
1739986755472 0.5323182940483093 34
1739986756568 0.0067352005280554295 35
1739986757660 0.7002806663513184 36
1739986758758 0.20276005566120148 37
1739986759857 0.8240399360656738 38
1739986760948 0.3551717698574066 39
1739986762050 0.001183431944809854 40
1739986763148 0.700503945350647 41
1739986764242 1.0 42
1739986765342 0.9893897771835327 43
1739986766443 0.6729490160942078 44
1739986767546 0.24957560002803802 45
1739986768642 0.2739448547363281 46
1739986769739 0.624614417552948 47
1739986770832 0.9261051416397095 48
1739986771929 0.198320209980011 49
1739986773028 0.09035409986972809 50
1739986774124 0.71309494972229 51
1739986775219 0.5057260394096375 52
1739986776311 0.9988166093826294 53
1739986777405 0.2815016210079193 54
1739986778499 0.0 55
1739986779594 0.8487635254859924 56
1739986780690 1.0 57
1739986781782 0.8367455005645752 58
1739986782875 0.0 59
1739986783986 0.33522024750709534 60
1739986785083 0.3195592164993286 61
1739986786175 0.8912479281425476 62
1739986787266 0.9988688230514526 63
1739986788359 0.37108245491981506 64
1739986789458 0.012237762100994587 65
1739986790552 0.9775640964508057 66
1739986791647 0.7898475527763367 67
1739986792743 0.0 68
1739986793840 0.0012820514384657145 69
1739986794936 0.0 70
1739986796029 0.0 71
1739986797127 0.7654545307159424 72
1739986798222 1.0 73
1739986799316 0.41281449794769287 74
1739986800408 0.6397002339363098 75
1739986801509 0.9865402579307556 76
1739986802600 0.15424980223178864 77
1739986803694 0.2772033214569092 78
1739986804786 0.7996335029602051 79
1739986805883 0.051592085510492325 80
1739986806972 0.6906583309173584 81
1739986808065 0.6416128873825073 82
1739986809157 0.8065664172172546 83
1739986810258 0.08469808101654053 84
1739986811346 0.0018761726096272469 85
1739986812441 0.3112812042236328 86
1739986813532 0.6119300723075867 87
1739986814632 0.3646632134914398 88
1739986815728 0.18835803866386414 89
1739986816819 0.9103578925132751 90
1739986817910 0.4278002381324768 91
1739986819004 0.9262615442276001 92
1739986820098 0.9883583188056946 93
1739986821194 0.7881922125816345 94
1739986822279 0.0 95
1739986823372 0.0013037810567766428 96
1739986824467 0.6210921406745911 97
1739986825567 0.5687345266342163 98
1739986826662 0.0473221093416214 99
