1739979267696 0.35108304023742676 0
1739979292569 0.1832129955291748 1
1739979317114 0.2504512667655945 2
1739979341812 0.4079422354698181 3
1739979366750 0.3131769001483917 4
1739979391851 0.23826715350151062 5
1739979416475 0.5293321013450623 6
1739979441249 0.4751805067062378 7
1739979466271 0.14846570789813995 8
1739979491716 0.416967511177063 9
1739979516559 0.5690433382987976 10
1739979541661 0.5207580924034119 11
1739979567505 0.45667868852615356 12
1739979594890 0.32039710879325867 13
1739979622028 0.5609205961227417 14
1739979649056 0.3533393442630768 15
1739979676174 0.39575812220573425 16
1739979703343 0.4255415201187134 17
1739979730680 0.3023465573787689 18
1739979757859 0.6367328763008118 19
1739979785238 0.5879963636398315 20
1739979812863 0.13944043219089508 21
1739979840258 0.3055054247379303 22
1739979867665 0.2576714754104614 23
1739979895134 0.2833935022354126 24
1739979922570 0.08483754098415375 25
1739979950015 0.3253610134124756 26
1739979977447 0.2418772578239441 27
1739980004860 0.21164259314537048 28
1739980032407 0.22924187779426575 29
1739980059890 0.17554152011871338 30
1739980085532 0.38718411326408386 31
1739980110983 0.3438628017902374 32
1739980136706 0.3244584798812866 33
1739980162241 0.11552346497774124 34
1739980187671 0.5144404172897339 35
1739980212860 0.2838447690010071 36
1739980237827 0.5564079284667969 37
1739980262812 0.44314080476760864 38
1739980287411 0.3840252757072449 39
1739980312278 0.39846569299697876 40
1739980337138 0.3384476602077484 41
1739980362542 0.5342960357666016 42
1739980387337 0.33528879284858704 43
1739980412209 0.40974730253219604 44
1739980437182 0.31814080476760864 45
1739980462817 0.24323104321956635 46
1739980488145 0.19810469448566437 47
1739980513866 0.24277977645397186 48
1739980539177 0.3583032488822937 49
1739980564430 0.541064977645874 50
1739980589270 0.35424187779426575 51
1739980613903 0.5230144262313843 52
1739980638558 0.3055054247379303 53
1739980663983 0.3172382712364197 54
1739980689282 0.39575812220573425 55
1739980713885 0.36823105812072754 56
1739980738561 0.42599278688430786 57
1739980763258 0.16787002980709076 58
1739980788504 0.47427797317504883 59
1739980813301 0.3889891803264618 60
1739980837964 0.5333935022354126 61
1739980862566 0.22653429210186005 62
1739980887600 0.5699458718299866 63
1739980912625 0.22833934426307678 64
1739980936675 0.4196750819683075 65
1739980961764 0.21841154992580414 66
1739980986944 0.47337543964385986 67
1739981012635 0.2833935022354126 68
1739981037352 0.46299639344215393 69
1739981061905 0.33528879284858704 70
1739981086388 0.19043321907520294 71
1739981111553 0.5203068852424622 72
1739981136591 0.3998194932937622 73
1739981161579 0.13718411326408386 74
1739981188366 0.4918772578239441 75
1739981215444 0.3619133532047272 76
1739981242683 0.3668772578239441 77
1739981269717 0.2861010730266571 78
1739981296741 0.43772563338279724 79
1739981323891 0.06453068554401398 80
1739981350716 0.34296029806137085 81
1739981377874 0.32942238450050354 82
1739981405673 0.5144404172897339 83
1739981433298 0.3727436661720276 84
1739981461102 0.14079421758651733 85
1739981489360 0.41200360655784607 86
1739981517682 0.41877254843711853 87
1739981545811 0.4305054247379303 88
1739981573970 0.2969314157962799 89
1739981601846 0.37364619970321655 90
1739981630211 0.22337545454502106 91
1739981658396 0.39259928464889526 92
1739981686656 0.29828518629074097 93
1739981715010 0.378158837556839 94
1739981743549 0.3840252757072449 95
1739981772201 0.1972021609544754 96
1739981800793 0.31588447093963623 97
1739981829405 0.3366425931453705 98
1739981858082 0.32355594635009766 99
