1739979267696 0.4052346646785736 0
1739979292569 0.5780686140060425 1
1739979317114 0.4882671535015106 2
1739979341812 0.34927797317504883 3
1739979366750 0.4413357377052307 4
1739979391851 0.5311371684074402 5
1739979416475 0.24007220566272736 6
1739979441249 0.27346569299697876 7
1739979466271 0.6078519821166992 8
1739979491716 0.34025269746780396 9
1739979516559 0.17554152011871338 10
1739979541661 0.22608302533626556 11
1739979567505 0.27888086438179016 12
1739979594890 0.41741877794265747 13
1739979622028 0.2193140834569931 14
1739979649056 0.3835740089416504 15
1739979676174 0.3501805067062378 16
1739979703343 0.31272563338279724 17
1739979730680 0.4503610134124756 18
1739979757859 0.10604692995548248 19
1739979785238 0.1611010879278183 20
1739979812863 0.5992779731750488 21
1739979840258 0.42960289120674133 22
1739979867665 0.5027076005935669 23
1739979895134 0.4702166020870209 24
1739979922570 0.671480119228363 25
1739979950015 0.4029783308506012 26
1739979977447 0.5076714754104614 27
1739980004860 0.5108303427696228 28
1739980032407 0.4945848286151886 29
1739980059890 0.5636281371116638 30
1739980085532 0.34296029806137085 31
1739980110983 0.4106498062610626 32
1739980136706 0.40207579731941223 33
1739980162241 0.6353790760040283 34
1739980187671 0.2278880923986435 35
1739980212860 0.4417870044708252 36
1739980237827 0.18005414307117462 37
1739980262812 0.3077617287635803 38
1739980287411 0.34296029806137085 39
1739980312278 0.34341156482696533 40
1739980337138 0.41290614008903503 41
1739980362542 0.208032488822937 42
1739980387337 0.4061371684074402 43
1739980412209 0.3217509090900421 44
1739980437182 0.416064977645874 45
1739980462817 0.4909747242927551 46
1739980488145 0.5649819374084473 47
1739980513866 0.5148916840553284 48
1739980539177 0.3560469150543213 49
1739980564430 0.2026173323392868 50
1739980589270 0.39620938897132874 51
1739980613903 0.20487365126609802 52
1739980638558 0.45081228017807007 53
1739980663983 0.4115523397922516 54
1739980689282 0.3145306706428528 55
1739980713885 0.3831227421760559 56
1739980738561 0.30460289120674133 57
1739980763258 0.5794223546981812 58
1739980788504 0.2802346646785736 59
1739980813301 0.3474729359149933 60
1739980837964 0.22111913561820984 61
1739980862566 0.5090252757072449 62
1739980887600 0.17283393442630768 63
1739980912625 0.5135378837585449 64
1739980936675 0.3131769001483917 65
1739980961764 0.5284296274185181 66
1739980986944 0.28745487332344055 67
1739981012635 0.4499097466468811 68
1739981037352 0.27120938897132874 69
1739981061905 0.4083935022354126 70
1739981086388 0.5735559463500977 71
1739981111553 0.22608302533626556 72
1739981136591 0.32897111773490906 73
1739981161579 0.6137183904647827 74
1739981188366 0.2472924143075943 75
1739981215444 0.3980144262313843 76
1739981242683 0.36823105812072754 77
1739981269717 0.461191326379776 78
1739981296741 0.3303249180316925 79
1739981323891 0.6940433382987976 80
1739981350716 0.4029783308506012 81
1739981377874 0.42373645305633545 82
1739981405673 0.22066786885261536 83
1739981433298 0.37138989567756653 84
1739981461102 0.6119133830070496 85
1739981489360 0.32129964232444763 86
1739981517682 0.3312274217605591 87
1739981545811 0.295126348733902 88
1739981573970 0.4422382712364197 89
1739981601846 0.3799639046192169 90
1739981630211 0.5257220268249512 91
1739981658396 0.3668772578239441 92
1739981686656 0.4440433084964752 93
1739981715010 0.3727436661720276 94
1739981743549 0.3312274217605591 95
1739981772201 0.5311371684074402 96
1739981800793 0.43772563338279724 97
1739981829405 0.4196750819683075 98
1739981858082 0.43456679582595825 99
