1739986582699 0.3258879482746124 0
1739986583798 0.4682607054710388 1
1739986584895 0.7246804237365723 2
1739986585986 0.8210316300392151 3
1739986587079 0.8505923748016357 4
1739986588172 0.8611210584640503 5
1739986589268 0.8740554451942444 6
1739986590364 0.8805238008499146 7
1739986591466 0.8887404799461365 8
1739986592568 0.8914114236831665 9
1739986593667 0.8934985399246216 10
1739986594763 0.885858416557312 11
1739986595860 0.9078476428985596 12
1739986596953 0.8796603679656982 13
1739986598042 0.912102222442627 14
1739986599136 0.9189196825027466 15
1739986600225 0.9232472777366638 16
1739986601322 0.9247966408729553 17
1739986602417 0.916074812412262 18
1739986603516 0.932563841342926 19
1739986604609 0.9214327931404114 20
1739986605703 0.9216234683990479 21
1739986606798 0.9236817359924316 22
1739986607892 0.587509274482727 23
1739986608981 0.15508320927619934 24
1739986610081 0.6665058135986328 25
1739986611177 0.6019300818443298 26
1739986612272 0.38547980785369873 27
1739986613365 0.09814631193876266 28
1739986614464 0.49900275468826294 29
1739986615564 0.3036439120769501 30
1739986616663 0.4052444100379944 31
1739986617762 0.007361060474067926 32
1739986618854 0.18835334479808807 33
1739986619951 0.20114099979400635 34
1739986621049 0.5194842219352722 35
1739986622144 0.102919802069664 36
1739986623242 0.009862416423857212 37
1739986624340 0.5937864184379578 38
1739986625430 0.20766884088516235 39
1739986626524 0.5019647479057312 40
1739986627619 0.21179471909999847 41
1739986628710 0.0 42
1739986629806 0.33270063996315 43
1739986630901 0.6628150939941406 44
1739986632002 0.0996449738740921 45
1739986633099 0.3274494409561157 46
1739986634191 0.34645912051200867 47
1739986635290 0.500730037689209 48
1739986636391 0.6628451943397522 49
1739986637489 0.14478689432144165 50
1739986638587 0.0521094910800457 51
1739986639687 0.657536506652832 52
1739986640786 0.07865873724222183 53
1739986641880 0.0 54
1739986642974 0.5296133160591125 55
1739986644071 0.3616369962692261 56
1739986645172 0.05385320261120796 57
1739986646266 0.5737733244895935 58
1739986647354 0.2245190441608429 59
1739986648453 0.0 60
1739986649557 0.16571786999702454 61
1739986650659 0.4717581868171692 62
1739986651760 0.6563505530357361 63
1739986652859 0.666454017162323 64
1739986653955 0.1967303305864334 65
1739986655055 0.0 66
1739986656157 0.5462026000022888 67
1739986657250 0.6638903617858887 68
1739986658344 0.053804654628038406 69
1739986659439 0.0 70
1739986660533 0.5561850666999817 71
1739986661626 0.6614993214607239 72
1739986662725 0.4197251498699188 73
1739986663817 0.46176522970199585 74
1739986664910 0.5215921401977539 75
1739986666005 0.17831182479858398 76
1739986667101 0.4236312508583069 77
1739986668192 0.5724470019340515 78
1739986669288 0.47189876437187195 79
1739986670384 0.5787336230278015 80
1739986671479 0.19259189069271088 81
1739986672577 0.5813584923744202 82
1739986673673 0.6653988361358643 83
1739986674764 0.6651361584663391 84
1739986675859 0.3725239336490631 85
1739986676952 0.0 86
1739986678047 0.31189993023872375 87
1739986679140 0.6307621002197266 88
1739986680234 0.25277775526046753 89
1739986681334 0.5561429858207703 90
1739986682437 0.5571651458740234 91
1739986683535 0.6634944081306458 92
1739986684633 0.5577183365821838 93
1739986685727 0.2832286059856415 94
1739986686822 0.014140271581709385 95
1739986687917 0.3089236617088318 96
1739986689009 0.6488652229309082 97
1739986690106 0.659557580947876 98
1739986691200 0.3886473774909973 99
