1739986582699 0.38974887132644653 0
1739986583798 0.4553127884864807 1
1739986584895 0.5753101706504822 2
1739986585986 0.7960784435272217 3
1739986587079 0.829534649848938 4
1739986588172 0.8534553647041321 5
1739986589268 0.8666103482246399 6
1739986590364 0.870303213596344 7
1739986591466 0.8832597136497498 8
1739986592568 0.8874115943908691 9
1739986593667 0.8912036418914795 10
1739986594763 0.8821737766265869 11
1739986595860 0.9054663777351379 12
1739986596953 0.8842663764953613 13
1739986598042 0.9054210186004639 14
1739986599136 0.9140556454658508 15
1739986600225 0.9287949204444885 16
1739986601322 0.9213772416114807 17
1739986602417 0.915809154510498 18
1739986603516 0.9339183568954468 19
1739986604609 0.9207693338394165 20
1739986605703 0.9272647500038147 21
1739986606798 0.9181734323501587 22
1739986607892 0.21867059171199799 23
1739986608981 0.5224897265434265 24
1739986610081 0.0 25
1739986611177 0.12849672138690948 26
1739986612272 0.3099844455718994 27
1739986613365 0.5572915077209473 28
1739986614464 0.20627012848854065 29
1739986615564 0.3791421055793762 30
1739986616663 0.30000168085098267 31
1739986617762 0.6657875180244446 32
1739986618854 0.4943896234035492 33
1739986619951 0.4988648295402527 34
1739986621049 0.19447237253189087 35
1739986622144 0.556598961353302 36
1739986623242 0.6649019718170166 37
1739986624340 0.09000483900308609 38
1739986625430 0.48816239833831787 39
1739986626524 0.14483587443828583 40
1739986627619 0.4619334936141968 41
1739986628710 0.6638255715370178 42
1739986629806 0.3603760898113251 43
1739986630901 0.0 44
1739986632002 0.6040591597557068 45
1739986633099 0.4043377637863159 46
1739986634191 0.32175058126449585 47
1739986635290 0.1976207047700882 48
1739986636391 0.0 49
1739986637489 0.5536098480224609 50
1739986638587 0.6524386405944824 51
1739986639687 0.044041622430086136 52
1739986640786 0.5903142094612122 53
1739986641880 0.666239857673645 54
1739986642974 0.1434255689382553 55
1739986644071 0.3712788224220276 56
1739986645172 0.6608589291572571 57
1739986646266 0.09722641855478287 58
1739986647354 0.445474237203598 59
1739986648453 0.6645280122756958 60
1739986649557 0.5069822072982788 61
1739986650659 0.326431006193161 62
1739986651760 0.06016601622104645 63
1739986652859 0.0 64
1739986653955 0.5456357002258301 65
1739986655055 0.6644331216812134 66
1739986656157 0.1330449879169464 67
1739986657250 0.0 68
1739986658344 0.6484525799751282 69
1739986659439 0.6659737825393677 70
1739986660533 0.132460817694664 71
1739986661626 0.08121811598539352 72
1739986662725 0.450340211391449 73
1739986663817 0.3883848190307617 74
1739986664910 0.26165342330932617 75
1739986666005 0.6118903160095215 76
1739986667101 0.4840988516807556 77
1739986668192 0.28094372153282166 78
1739986669288 0.37966039776802063 79
1739986670384 0.25973939895629883 80
1739986671479 0.5064557194709778 81
1739986672577 0.11712220311164856 82
1739986673673 0.0 83
1739986674764 0.0 84
1739986675859 0.4746779799461365 85
1739986676952 0.6670133471488953 86
1739986678047 0.4910533130168915 87
1739986679140 0.15486548840999603 88
1739986680234 0.5723752379417419 89
1739986681334 0.23437844216823578 90
1739986682437 0.2854952812194824 91
1739986683535 0.020121408626437187 92
1739986684633 0.3361184298992157 93
1739986685727 0.5519526600837708 94
1739986686822 0.6667823195457458 95
1739986687917 0.6023054122924805 96
1739986689009 0.0696200504899025 97
1739986690106 0.022292092442512512 98
1739986691200 0.47567471861839294 99
