1739990085396 0.5151797533035278 0
1739990087113 0.6038956046104431 1
1739990088833 0.6909686923027039 2
1739990090544 0.7079449892044067 3
1739990092243 0.7558131814002991 4
1739990093946 0.7905001640319824 5
1739990095657 0.8010697364807129 6
1739990097365 0.8396207690238953 7
1739990099078 0.8531805276870728 8
1739990100773 0.8728301525115967 9
1739990102483 0.8875623941421509 10
1739990104198 0.8861525654792786 11
1739990105913 0.9053692817687988 12
1739990107621 0.9154848456382751 13
1739990109328 0.9185861945152283 14
1739990111038 0.9355104565620422 15
1739990112749 0.9299654364585876 16
1739990114459 0.9360130429267883 17
1739990116166 0.9460843801498413 18
1739990117876 0.9458633065223694 19
1739990119577 0.9486286044120789 20
1739990121291 0.9519065618515015 21
1739990123002 0.9571565985679626 22
1739990124709 0.960024356842041 23
1739990126415 0.9612460136413574 24
1739990128125 0.9657489657402039 25
1739990129830 0.9618699550628662 26
1739990131545 0.9678405523300171 27
1739990133254 0.9742752313613892 28
1739990134961 0.9695401787757874 29
1739990136667 0.9775243997573853 30
1739990138375 0.9706737399101257 31
1739990140081 0.9790616035461426 32
1739990141789 0.9750661253929138 33
1739990143496 0.9801824688911438 34
1739990145204 0.9814149737358093 35
1739990146912 0.974861741065979 36
1739990148620 0.9824274778366089 37
1739990150331 0.982175886631012 38
1739990152037 0.9833388924598694 39
1739990153752 0.9861820340156555 40
1739990155454 0.9823890328407288 41
1739990157167 0.981227695941925 42
1739990158879 0.9841123819351196 43
1739990160582 0.988028347492218 44
1739990162292 0.9873312711715698 45
1739990164002 0.9909698963165283 46
1739990165712 0.9886030554771423 47
1739990167429 0.9873734712600708 48
1739990169140 0.9865589737892151 49
1739990170846 0.9890671372413635 50
1739990172549 0.9933739304542542 51
1739990174257 0.9855501055717468 52
1739990175964 0.9908838868141174 53
1739990177677 0.985896646976471 54
1739990179388 0.9906342029571533 55
1739990181097 0.9918920993804932 56
1739990182807 0.9944157004356384 57
1739990184523 0.9911898374557495 58
1739990186237 0.9943591356277466 59
1739990187950 0.9910023212432861 60
1739990189659 0.9955222606658936 61
1739990191371 0.990769624710083 62
1739990193088 0.9953144192695618 63
1739990194806 0.9941271543502808 64
1739990196516 0.9908528327941895 65
1739990198222 0.9932698607444763 66
1739990199928 0.9924454689025879 67
1739990201635 0.9907561540603638 68
1739990203345 0.9948950409889221 69
1739990205051 0.9946189522743225 70
1739990206752 0.9963513016700745 71
1739990208456 0.9928199052810669 72
1739990210156 0.9926357865333557 73
1739990211865 0.9940445423126221 74
1739990213580 0.9949084520339966 75
1739990215287 0.9916519522666931 76
1739990216992 0.9914388060569763 77
1739990218700 0.9923083782196045 78
1739990220410 0.9908477067947388 79
1739990222118 0.9959875345230103 80
1739990223827 0.9959905743598938 81
1739990225525 0.9941529631614685 82
1739990227227 0.992073655128479 83
1739990228939 0.9946229457855225 84
1739990230641 0.996332049369812 85
1739990232349 0.995673418045044 86
1739990234051 0.9945526719093323 87
1739990235754 0.9944553971290588 88
1739990237462 0.9965477585792542 89
1739990239165 0.9951453804969788 90
1739990240876 0.9956275224685669 91
1739990242580 0.9971066117286682 92
1739990244274 0.9923110604286194 93
1739990245984 0.9946399331092834 94
1739990247687 0.9942280054092407 95
1739990249393 0.9939003586769104 96
1739990251100 0.9957937598228455 97
1739990252794 0.9962064027786255 98
1739990254505 0.9963613152503967 99
