1739990085396 0.4812200367450714 0
1739990087113 0.6210960745811462 1
1739990088833 0.6485435962677002 2
1739990090544 0.7044435739517212 3
1739990092243 0.7204527854919434 4
1739990093946 0.7687200903892517 5
1739990095657 0.7742953896522522 6
1739990097365 0.821928083896637 7
1739990099078 0.8424456715583801 8
1739990100773 0.8689683079719543 9
1739990102483 0.8853350877761841 10
1739990104198 0.8849635124206543 11
1739990105913 0.905708372592926 12
1739990107621 0.9168955087661743 13
1739990109328 0.9186514019966125 14
1739990111038 0.9346477389335632 15
1739990112749 0.9328725934028625 16
1739990114459 0.9361475110054016 17
1739990116166 0.9459169507026672 18
1739990117876 0.945280909538269 19
1739990119577 0.9495609402656555 20
1739990121291 0.9519750475883484 21
1739990123002 0.9570530652999878 22
1739990124709 0.9610292315483093 23
1739990126415 0.9607589244842529 24
1739990128125 0.966472864151001 25
1739990129830 0.962314784526825 26
1739990131545 0.9669590592384338 27
1739990133254 0.9747871160507202 28
1739990134961 0.9688833951950073 29
1739990136667 0.9774152636528015 30
1739990138375 0.9714989066123962 31
1739990140081 0.9793393611907959 32
1739990141789 0.9748152494430542 33
1739990143496 0.9804218411445618 34
1739990145204 0.9812540411949158 35
1739990146912 0.9748606085777283 36
1739990148620 0.9820644855499268 37
1739990150331 0.9806435108184814 38
1739990152037 0.9839056730270386 39
1739990153752 0.9867019057273865 40
1739990155454 0.9821636080741882 41
1739990157167 0.9814415574073792 42
1739990158879 0.9858753681182861 43
1739990160582 0.9876654148101807 44
1739990162292 0.9873154163360596 45
1739990164002 0.9904182553291321 46
1739990165712 0.9901267886161804 47
1739990167429 0.9884216785430908 48
1739990169140 0.9870026111602783 49
1739990170846 0.9888694882392883 50
1739990172549 0.9935214519500732 51
1739990174257 0.9854715466499329 52
1739990175964 0.990987241268158 53
1739990177677 0.9863538146018982 54
1739990179388 0.9900485277175903 55
1739990181097 0.992432713508606 56
1739990182807 0.9941452145576477 57
1739990184523 0.9919075965881348 58
1739990186237 0.9946706295013428 59
1739990187950 0.9915438890457153 60
1739990189659 0.995956540107727 61
1739990191371 0.9912098050117493 62
1739990193088 0.9950109720230103 63
1739990194806 0.9950394630432129 64
1739990196516 0.9905244708061218 65
1739990198222 0.9929001331329346 66
1739990199928 0.9925861954689026 67
1739990201635 0.9898589849472046 68
1739990203345 0.9949631690979004 69
1739990205051 0.9944503903388977 70
1739990206752 0.9963555335998535 71
1739990208456 0.9933583736419678 72
1739990210156 0.9928259253501892 73
1739990211865 0.9939115047454834 74
1739990213580 0.9954022765159607 75
1739990215287 0.99167799949646 76
1739990216992 0.9918650388717651 77
1739990218700 0.9922136664390564 78
1739990220410 0.9909910559654236 79
1739990222118 0.9962296485900879 80
1739990223827 0.9961156249046326 81
1739990225525 0.9937739968299866 82
1739990227227 0.99164879322052 83
1739990228939 0.994521975517273 84
1739990230641 0.9964052438735962 85
1739990232349 0.9958126544952393 86
1739990234051 0.9945642948150635 87
1739990235754 0.9941089153289795 88
1739990237462 0.9961627721786499 89
1739990239165 0.9951592087745667 90
1739990240876 0.9954155087471008 91
1739990242580 0.9968712329864502 92
1739990244274 0.9914774298667908 93
1739990245984 0.9946494102478027 94
1739990247687 0.9943280220031738 95
1739990249393 0.9939504861831665 96
1739990251100 0.9957470297813416 97
1739990252794 0.9959883093833923 98
1739990254505 0.9964002966880798 99
