1739963395264 0.7458557189028296 0
1739963399272 0.6964023156298531 1
1739963403246 0.6943807628419664 2
1739963407202 0.6945103539360894 3
1739963411060 0.6939170327451494 4
1739963414957 0.6938506229056253 5
1739963418860 0.6959980501068963 6
1739963422752 0.6944741828574075 7
1739963426717 0.6946071866485808 8
1739963430592 0.6948996918068991 9
1739963434501 0.6976441303888957 10
1739963438453 0.6944133344623777 11
1739963442347 0.6937716722488403 12
1739963446213 0.6955243289470673 13
1739963450064 0.6954864786730872 14
1739963453921 0.693392241663403 15
1739963457867 0.6934265083736844 16
1739963461798 0.6953758683469561 17
1739963465634 0.6936440252595477 18
1739963469487 0.6944231496916877 19
1739963473498 0.7058884423640039 20
1739963477434 0.6972213847769632 21
1739963481331 0.6937007496754328 22
1739963485189 0.6934576716687945 23
1739963489108 0.6948402004109488 24
1739963492977 0.6952032294538286 25
1739963496858 0.693398830625746 26
1739963500856 0.6934034864107768 27
1739963504720 0.6935352083709505 28
1739963508569 0.6942550268438127 29
1739963512576 0.6933705886205037 30
1739963516483 0.6933008740345638 31
1739963520342 0.6939842260546154 32
1739963524339 0.6938800106445948 33
1739963528198 0.6942421462800767 34
1739963532112 0.6946749473611514 35
1739963536026 0.6943430331018235 36
1739963539932 0.6943358202775319 37
1739963543822 0.6935373269849353 38
1739963547711 0.6933206849628024 39
1739963551566 0.6933681388696035 40
1739963555456 0.6940317650636038 41
1739963559397 0.6941369122929043 42
1739963563319 0.6939052654637231 43
1739963567239 0.6940495000945197 44
1739963571131 0.694128750430213 45
1739963574939 0.694892300830947 46
1739963578744 0.6939233478572634 47
1739963582650 0.6949101696411769 48
1739963586606 0.69373529487186 49
1739963590647 0.6934173934989505 50
1739963594611 0.6953743341896269 51
1739963598546 0.6939206371704737 52
1739963602468 0.6936206390460332 53
1739963606387 0.6936664193868637 54
1739963610364 0.6934266908301248 55
1739963614300 0.6935970452096727 56
1739963618202 0.6932713111241658 57
1739963622089 0.6942754775285721 58
1739963625937 0.6940995011064741 59
1739963629773 0.6935332576433818 60
1739963633622 0.6933922919962141 61
1739963637449 0.6969248692194621 62
1739963641292 0.6940568847788705 63
1739963645155 0.693390738301807 64
1739963649029 0.6935688237349192 65
1739963652931 0.6945709149042766 66
1739963656811 0.6937748895751106 67
1739963660678 0.6943546328279707 68
1739963664550 0.6939786199066375 69
1739963668397 0.6933345291349623 70
1739963672322 0.6934755093521542 71
1739963676214 0.693610680103302 72
1739963680088 0.6955457111199697 73
1739963683946 0.6941324743959639 74
1739963687812 0.6940139419502682 75
1739963691670 0.6934201581610574 76
1739963695511 0.6933646933899985 77
1739963699395 0.6933028313848707 78
1739963703267 0.6934514413277308 79
1739963707128 0.693801650736067 80
1739963710989 0.6936325798432033 81
1739963714965 0.693356254696846 82
1739963718986 0.6939745896392399 83
1739963722996 0.693421584698889 84
1739963726987 0.6935837457577387 85
1739963730899 0.693494564294815 86
1739963734919 0.6936976810296377 87
1739963738831 0.6932980593707826 88
1739963742752 0.6935252742634879 89
1739963746631 0.6948733720514509 90
1739963750476 0.6938464283943176 91
1739963754371 0.6951942678954867 92
1739963758239 0.693296437131034 93
1739963762068 0.6934824917051527 94
1739963765899 0.6935047431124581 95
1739963769731 0.6933182852135764 96
1739963773546 0.6933368901411693 97
1739963777418 0.6933994432290395 98
1739963781256 0.6933240466647678 99
