1739991827804 0.6110029816627502 0
1739991830602 0.7529298067092896 1
1739991833392 0.8447184562683105 2
1739991836188 0.896992564201355 3
1739991838983 0.9099715948104858 4
1739991841777 0.9216096997261047 5
1739991844569 0.930767297744751 6
1739991847364 0.9388642311096191 7
1739991850159 0.9466137290000916 8
1739991852956 0.9553185701370239 9
1739991855755 0.9611886143684387 10
1739991858546 0.9643660187721252 11
1739991861337 0.9661194086074829 12
1739991864120 0.964322030544281 13
1739991866904 0.9655740261077881 14
1739991869693 0.9795659780502319 15
1739991872485 0.9755534529685974 16
1739991875276 0.9808562397956848 17
1739991878050 0.9810342192649841 18
1739991880844 0.9856463670730591 19
1739991883636 0.9842010736465454 20
1739991886431 0.9818437695503235 21
1739991889221 0.9835214018821716 22
1739991892023 0.9846372604370117 23
1739991894829 0.9890769720077515 24
1739991897656 0.9893116354942322 25
1739991900455 0.9865977764129639 26
1739991903250 0.9846542477607727 27
1739991906057 0.9908795952796936 28
1739991908846 0.9905044436454773 29
1739991911658 0.9888533353805542 30
1739991914447 0.9917548298835754 31
1739991917245 0.9910815954208374 32
1739991920039 0.9930163621902466 33
1739991922847 0.9914771914482117 34
1739991925649 0.9940007925033569 35
1739991928452 0.9931985139846802 36
1739991931247 0.9924259781837463 37
1739991934042 0.9919528365135193 38
1739991936837 0.9946094155311584 39
1739991939626 0.992108941078186 40
1739991942409 0.9906563758850098 41
1739991945194 0.9931097030639648 42
1739991947978 0.9972272515296936 43
1739991950755 0.9949744343757629 44
1739991953544 0.9972237944602966 45
1739991956336 0.9934139847755432 46
1739991959133 0.9950631260871887 47
1739991961929 0.9962767362594604 48
1739991964721 0.9959421753883362 49
1739991967511 0.9961639642715454 50
1739991970294 0.9949547052383423 51
1739991973090 0.995543897151947 52
1739991975884 0.9969804286956787 53
1739991978673 0.9948745965957642 54
1739991981463 0.9959921836853027 55
1739991984255 0.995025634765625 56
1739991987042 0.9965824484825134 57
1739991989830 0.9966703057289124 58
1739991992613 0.9977775812149048 59
1739991995400 0.9977430105209351 60
1739991998191 0.9972620606422424 61
1739992000982 0.9982742071151733 62
1739992003772 0.9964985251426697 63
1739992006556 0.9970256090164185 64
1739992009346 0.9934691190719604 65
1739992012133 0.9927883744239807 66
1739992014919 0.9966384768486023 67
1739992017708 0.9981610178947449 68
1739992020496 0.9978746771812439 69
1739992023284 0.9947917461395264 70
1739992026073 0.9976325035095215 71
1739992028856 0.9958243370056152 72
1739992031647 0.9956521391868591 73
1739992034435 0.998261570930481 74
1739992037223 0.9971274137496948 75
1739992040010 0.9986495971679688 76
1739992042796 0.9975988268852234 77
1739992045589 0.9982091784477234 78
1739992048384 0.9973369240760803 79
1739992051169 0.9977110624313354 80
1739992053946 0.9979465007781982 81
1739992056731 0.9982240796089172 82
1739992059517 0.9956503510475159 83
1739992062299 0.997584342956543 84
1739992065089 0.9978641867637634 85
1739992067876 0.9990121126174927 86
1739992070665 0.9978334903717041 87
1739992073454 0.9969834685325623 88
1739992076242 0.9981702566146851 89
1739992079037 0.9970242381095886 90
1739992081832 0.9980229139328003 91
1739992084627 0.996442973613739 92
1739992087435 0.9984872341156006 93
1739992090228 0.9977933764457703 94
1739992093022 0.9975301623344421 95
1739992095818 0.9960541725158691 96
1739992098615 0.9968439340591431 97
1739992101418 0.9947500824928284 98
1739992104212 0.9961400628089905 99
