1739991827804 0.5783408880233765 0
1739991830602 0.7276985049247742 1
1739991833392 0.8244444727897644 2
1739991836188 0.8879662752151489 3
1739991838983 0.9042981863021851 4
1739991841777 0.9201552271842957 5
1739991844569 0.9313762187957764 6
1739991847364 0.9386016726493835 7
1739991850159 0.9462181329727173 8
1739991852956 0.9538163542747498 9
1739991855755 0.9601260423660278 10
1739991858546 0.9651768207550049 11
1739991861337 0.9649477601051331 12
1739991864120 0.9643790125846863 13
1739991866904 0.9664732813835144 14
1739991869693 0.9785379767417908 15
1739991872485 0.974848747253418 16
1739991875276 0.9801480174064636 17
1739991878050 0.98175048828125 18
1739991880844 0.9861948490142822 19
1739991883636 0.9841378331184387 20
1739991886431 0.9802184104919434 21
1739991889221 0.9830341935157776 22
1739991892023 0.9845165014266968 23
1739991894829 0.9891200661659241 24
1739991897656 0.9882450699806213 25
1739991900455 0.9862034320831299 26
1739991903250 0.9860461950302124 27
1739991906057 0.9910264015197754 28
1739991908846 0.9895734786987305 29
1739991911658 0.9897066354751587 30
1739991914447 0.9919255971908569 31
1739991917245 0.9903064370155334 32
1739991920039 0.9926590919494629 33
1739991922847 0.9922006130218506 34
1739991925649 0.9943300485610962 35
1739991928452 0.9933571815490723 36
1739991931247 0.9922369718551636 37
1739991934042 0.9926861524581909 38
1739991936837 0.9938622713088989 39
1739991939626 0.9915217757225037 40
1739991942409 0.990170955657959 41
1739991945194 0.9934329390525818 42
1739991947978 0.997374415397644 43
1739991950755 0.9939923882484436 44
1739991953544 0.9973427057266235 45
1739991956336 0.9927612543106079 46
1739991959133 0.9950534105300903 47
1739991961929 0.9959976077079773 48
1739991964721 0.9959210157394409 49
1739991967511 0.9960784912109375 50
1739991970294 0.9951404929161072 51
1739991973090 0.995363712310791 52
1739991975884 0.9967401623725891 53
1739991978673 0.9952020049095154 54
1739991981463 0.9962263107299805 55
1739991984255 0.9949201345443726 56
1739991987042 0.9970192909240723 57
1739991989830 0.9970254302024841 58
1739991992613 0.9977080225944519 59
1739991995400 0.997692883014679 60
1739991998191 0.9972682595252991 61
1739992000982 0.9981321096420288 62
1739992003772 0.996261715888977 63
1739992006556 0.9966439604759216 64
1739992009346 0.993793249130249 65
1739992012133 0.9935325384140015 66
1739992014919 0.9961591362953186 67
1739992017708 0.9982472062110901 68
1739992020496 0.9976354241371155 69
1739992023284 0.9952116012573242 70
1739992026073 0.997848629951477 71
1739992028856 0.9960302114486694 72
1739992031647 0.9952691197395325 73
1739992034435 0.9981484413146973 74
1739992037223 0.9974445700645447 75
1739992040010 0.9986356496810913 76
1739992042796 0.9978172183036804 77
1739992045589 0.998181164264679 78
1739992048384 0.9972817897796631 79
1739992051169 0.9978099465370178 80
1739992053946 0.998384952545166 81
1739992056731 0.9981392025947571 82
1739992059517 0.9952691197395325 83
1739992062299 0.9979110956192017 84
1739992065089 0.9976533055305481 85
1739992067876 0.9991821050643921 86
1739992070665 0.997678816318512 87
1739992073454 0.9967139363288879 88
1739992076242 0.9982273578643799 89
1739992079037 0.996669352054596 90
1739992081832 0.998363733291626 91
1739992084627 0.9962912201881409 92
1739992087435 0.9987884759902954 93
1739992090228 0.9976890683174133 94
1739992093022 0.9979226589202881 95
1739992095818 0.9961901307106018 96
1739992098615 0.9968328475952148 97
1739992101418 0.9946807622909546 98
1739992104212 0.9966217279434204 99
