1739992166740 0.7059487700462341 0
1739992169553 0.790614128112793 1
1739992172333 0.8936876058578491 2
1739992175107 0.9166510701179504 3
1739992177899 0.9376627206802368 4
1739992180682 0.9338339567184448 5
1739992183460 0.9484201669692993 6
1739992186239 0.9576614499092102 7
1739992189016 0.958583414554596 8
1739992191801 0.9571212530136108 9
1739992194599 0.9638565182685852 10
1739992197382 0.9687023758888245 11
1739992200163 0.9732666015625 12
1739992202945 0.969531238079071 13
1739992205727 0.9778398871421814 14
1739992208509 0.9706472158432007 15
1739992211290 0.9882305860519409 16
1739992214068 0.9806797504425049 17
1739992216847 0.9817070960998535 18
1739992219630 0.9832895398139954 19
1739992222402 0.9882405996322632 20
1739992225176 0.9871882796287537 21
1739992227954 0.9836077094078064 22
1739992230741 0.9832130670547485 23
1739992233515 0.9886301159858704 24
1739992236294 0.9918420910835266 25
1739992239072 0.9878585934638977 26
1739992241844 0.989545464515686 27
1739992244629 0.9925833344459534 28
1739992247416 0.9890530109405518 29
1739992250197 0.993087649345398 30
1739992252973 0.9892832040786743 31
1739992255749 0.9957818388938904 32
1739992258520 0.9936861395835876 33
1739992261294 0.9956233501434326 34
1739992264068 0.9914010167121887 35
1739992266846 0.9913933873176575 36
1739992269625 0.9938097596168518 37
1739992272409 0.9929550290107727 38
1739992275185 0.9934554100036621 39
1739992277966 0.9935744404792786 40
1739992280742 0.9972445964813232 41
1739992283509 0.9959206581115723 42
1739992286284 0.9967079162597656 43
1739992289052 0.9937624335289001 44
1739992291827 0.9907472729682922 45
1739992294604 0.9974849224090576 46
1739992297381 0.9961835741996765 47
1739992300144 0.996441125869751 48
1739992302924 0.9991596937179565 49
1739992305695 0.9944148659706116 50
1739992308470 0.9930264353752136 51
1739992311252 0.9941511750221252 52
1739992314027 0.9945574402809143 53
1739992316807 0.9963777661323547 54
1739992319585 0.9973740577697754 55
1739992322351 0.9952806830406189 56
1739992325131 0.9947747588157654 57
1739992327901 0.9982620477676392 58
1739992330679 0.9981074929237366 59
1739992333457 0.9979592561721802 60
1739992336242 0.9974285960197449 61
1739992339027 0.995454728603363 62
1739992341807 0.9983193874359131 63
1739992344594 0.9967280030250549 64
1739992347375 0.9957770109176636 65
1739992350153 0.9982125759124756 66
1739992352931 0.9959169626235962 67
1739992355710 0.9934967160224915 68
1739992358490 0.9937672019004822 69
1739992361264 0.997649073600769 70
1739992364046 0.9955959916114807 71
1739992366820 0.9973210096359253 72
1739992369606 0.9972601532936096 73
1739992372379 0.9953643679618835 74
1739992375155 0.995434582233429 75
1739992377946 0.9980608224868774 76
1739992380725 0.9975674152374268 77
1739992383508 0.9941837787628174 78
1739992386296 0.9931960105895996 79
1739992389092 0.9968645572662354 80
1739992391868 0.9978878498077393 81
1739992394644 0.9975185990333557 82
1739992397425 0.9946324229240417 83
1739992400204 0.9983178377151489 84
1739992402975 0.9973739385604858 85
1739992405753 0.9982938766479492 86
1739992408531 0.9955886602401733 87
1739992411309 0.9972461462020874 88
1739992414092 0.9982958436012268 89
1739992416871 0.9972735047340393 90
1739992419642 0.9940469264984131 91
1739992422425 0.9961691498756409 92
1739992425211 0.9991836547851562 93
1739992427992 0.9963229894638062 94
1739992430772 0.9962802529335022 95
1739992433558 0.9956011176109314 96
1739992436335 0.9957441091537476 97
1739992439120 0.9965754747390747 98
1739992441900 0.997142493724823 99
