1739992166740 0.4830411672592163 0
1739992169553 0.6804378032684326 1
1739992172333 0.7678635716438293 2
1739992175107 0.8562483787536621 3
1739992177899 0.8779546618461609 4
1739992180682 0.8886412382125854 5
1739992183460 0.91281658411026 6
1739992186239 0.927657425403595 7
1739992189016 0.9292369484901428 8
1739992191801 0.9521752595901489 9
1739992194599 0.958435595035553 10
1739992197382 0.9538646340370178 11
1739992200163 0.9685421586036682 12
1739992202945 0.9622798562049866 13
1739992205727 0.9691393375396729 14
1739992208509 0.9719327688217163 15
1739992211290 0.9715331196784973 16
1739992214068 0.9810857772827148 17
1739992216847 0.982982337474823 18
1739992219630 0.9822255969047546 19
1739992222402 0.9824147820472717 20
1739992225176 0.9864403009414673 21
1739992227954 0.9880059361457825 22
1739992230741 0.9778615832328796 23
1739992233515 0.980774462223053 24
1739992236294 0.9901552796363831 25
1739992239072 0.9866282939910889 26
1739992241844 0.9912105202674866 27
1739992244629 0.9910417795181274 28
1739992247416 0.9909999370574951 29
1739992250197 0.9856297373771667 30
1739992252973 0.9889252781867981 31
1739992255749 0.9912542104721069 32
1739992258520 0.9901796579360962 33
1739992261294 0.9961397647857666 34
1739992264068 0.9923070669174194 35
1739992266846 0.9928889870643616 36
1739992269625 0.9955902099609375 37
1739992272409 0.9924944043159485 38
1739992275185 0.995649516582489 39
1739992277966 0.9956004619598389 40
1739992280742 0.9971137046813965 41
1739992283509 0.996609091758728 42
1739992286284 0.9964538812637329 43
1739992289052 0.9965575933456421 44
1739992291827 0.9919549226760864 45
1739992294604 0.9962186813354492 46
1739992297381 0.9928730726242065 47
1739992300144 0.998246967792511 48
1739992302924 0.9971869587898254 49
1739992305695 0.9983928203582764 50
1739992308470 0.9957689642906189 51
1739992311252 0.9943962097167969 52
1739992314027 0.9947993755340576 53
1739992316807 0.9992063045501709 54
1739992319585 0.9965337514877319 55
1739992322351 0.9966542720794678 56
1739992325131 0.9951583743095398 57
1739992327901 0.9967452883720398 58
1739992330679 0.9982938766479492 59
1739992333457 0.9981260299682617 60
1739992336242 0.9959325790405273 61
1739992339027 0.9980608224868774 62
1739992341807 0.9990783929824829 63
1739992344594 0.9975021481513977 64
1739992347375 0.9959498047828674 65
1739992350153 0.9959179759025574 66
1739992352931 0.9983553290367126 67
1739992355710 0.9949588179588318 68
1739992358490 0.9980489611625671 69
1739992361264 0.9962943196296692 70
1739992364046 0.9965662360191345 71
1739992366820 0.9982366561889648 72
1739992369606 0.9966788291931152 73
1739992372379 0.9989796280860901 74
1739992375155 0.9982620477676392 75
1739992377946 0.9972573518753052 76
1739992380725 0.9958652853965759 77
1739992383508 0.9977401494979858 78
1739992386296 0.9954888820648193 79
1739992389092 0.9991836547851562 80
1739992391868 0.9981818199157715 81
1739992394644 0.9973164200782776 82
1739992397425 0.9965879321098328 83
1739992400204 0.9950538873672485 84
1739992402975 0.9982143044471741 85
1739992405753 0.9990783929824829 86
1739992408531 0.9961735606193542 87
1739992411309 0.998469352722168 88
1739992414092 0.9982125759124756 89
1739992416871 1.0 90
1739992419642 0.9955673217773438 91
1739992422425 0.9963861703872681 92
1739992425211 0.9991341829299927 93
1739992427992 0.9964756369590759 94
1739992430772 0.9991071224212646 95
1739992433558 0.998156726360321 96
1739992436335 0.9972220063209534 97
1739992439120 0.9983404874801636 98
1739992441900 0.9972002506256104 99
