1739986457914 0.538095235824585 0
1739986458189 0.4905660152435303 1
1739986458453 0.14430689811706543 2
1739986458718 0.8525252342224121 3
1739986458985 0.7327440977096558 4
1739986459250 0.1458333432674408 5
1739986459516 0.0952381044626236 6
1739986459795 0.8565656542778015 7
1739986460064 0.567577064037323 8
1739986460329 0.8706468343734741 9
1739986460595 0.3422222137451172 10
1739986460862 0.0 11
1739986461131 0.09929078072309494 12
1739986461397 1.0 13
1739986461664 1.0 14
1739986461931 0.3333333432674408 15
1739986462196 0.0 16
1739986462466 0.33846157789230347 17
1739986462733 0.35632187128067017 18
1739986463003 0.5737705230712891 19
1739986463270 1.0 20
1739986463536 1.0 21
1739986463801 1.0 22
1739986464065 0.3333333432674408 23
1739986464328 0.0 24
1739986464593 0.0 25
1739986464855 0.6719576716423035 26
1739986465120 1.0 27
1739986465386 0.9935897588729858 28
1739986465649 0.0 29
1739986465913 0.007092198356986046 30
1739986466182 0.8336182832717896 31
1739986466446 0.9692308306694031 32
1739986466717 1.0 33
1739986466980 0.9950980544090271 34
1739986467245 1.0 35
1739986467513 1.0 36
1739986467778 1.0 37
1739986468044 0.3333333432674408 38
1739986468313 0.0 39
1739986468580 0.0 40
1739986468850 0.755363941192627 41
1739986469117 1.0 42
1739986469382 1.0 43
1739986469648 0.6616915464401245 44
1739986469915 0.21466365456581116 45
1739986470182 0.005649717524647713 46
1739986470450 0.019999999552965164 47
1739986470716 0.9901961088180542 48
1739986470981 1.0 49
1739986471250 0.8496732115745544 50
1739986471518 0.0 51
1739986471785 0.0 52
1739986472051 0.3199999928474426 53
1739986472315 1.0 54
1739986472579 0.5260416865348816 55
1739986472844 0.06060606241226196 56
1739986473112 0.4104776978492737 57
1739986473389 1.0 58
1739986473657 1.0 59
1739986473919 0.6680264472961426 60
1739986474187 0.0 61
1739986474455 0.0 62
1739986474720 0.01550387591123581 63
1739986474987 0.28682172298431396 64
1739986475255 0.0 65
1739986475522 0.0 66
1739986475791 0.20000001788139343 67
1739986476059 1.0 68
1739986476326 1.0 69
1739986476594 0.3589743971824646 70
1739986476861 0.0 71
1739986477130 0.0 72
1739986477394 0.6545454859733582 73
1739986477663 0.39470982551574707 74
1739986477931 0.25850340723991394 75
1739986478194 0.16931217908859253 76
1739986478460 0.3333333432674408 77
1739986478729 1.0 78
1739986478993 0.3333333432674408 79
1739986479258 0.0 80
1739986479522 0.006410256959497929 81
1739986479785 1.0 82
1739986480046 0.7377437949180603 83
1739986480308 1.0 84
1739986480568 0.8935732841491699 85
1739986480832 0.3333333432674408 86
1739986481098 0.0 87
1739986481363 0.0 88
1739986481625 0.682539701461792 89
1739986481891 1.0 90
1739986482160 1.0 91
1739986482426 0.6666666865348816 92
1739986482689 0.0 93
1739986482954 0.0 94
1739986483220 0.3333333432674408 95
1739986483489 0.0 96
1739986483751 0.32546448707580566 97
1739986484018 0.9777040481567383 98
1739986484280 1.0 99
