1739986457914 0.4354204535484314 0
1739986458189 0.5032680034637451 1
1739986458453 0.8549978137016296 2
1739986458718 0.22617106139659882 3
1739986458985 0.3317972421646118 4
1739986459250 0.8125 5
1739986459516 0.9272727370262146 6
1739986459795 0.15406006574630737 7
1739986460064 0.553703784942627 8
1739986460329 0.07103825360536575 9
1739986460595 0.6540880799293518 10
1739986460862 1.0 11
1739986461131 0.9122807383537292 12
1739986461397 0.0 13
1739986461664 0.0 14
1739986461931 0.6666666865348816 15
1739986462196 1.0 16
1739986462466 0.6613757014274597 17
1739986462733 0.6573560833930969 18
1739986463003 0.42288559675216675 19
1739986463270 0.0 20
1739986463536 0.0 21
1739986463801 0.0 22
1739986464065 0.6666666865348816 23
1739986464328 1.0 24
1739986464593 1.0 25
1739986464855 0.3385416865348816 26
1739986465120 0.0 27
1739986465386 0.006410256959497929 28
1739986465649 0.9953703880310059 29
1739986465913 0.9824561476707458 30
1739986466182 0.2013772428035736 31
1739986466446 0.021164022386074066 32
1739986466717 0.0 33
1739986466980 0.0 34
1739986467245 0.0 35
1739986467513 0.0 36
1739986467778 0.0 37
1739986468044 0.6666666865348816 38
1739986468313 1.0 39
1739986468580 1.0 40
1739986468850 0.26485443115234375 41
1739986469117 0.0 42
1739986469382 0.0 43
1739986469648 0.332261860370636 44
1739986469915 0.7533800005912781 45
1739986470182 1.0 46
1739986470450 0.9753086566925049 47
1739986470716 0.005555556155741215 48
1739986470981 0.0 49
1739986471250 0.0691823959350586 50
1739986471518 1.0 51
1739986471785 1.0 52
1739986472051 0.6728395223617554 53
1739986472315 0.0 54
1739986472579 0.4375 55
1739986472844 0.9452054500579834 56
1739986473112 0.563161313533783 57
1739986473389 0.0 58
1739986473657 0.0 59
1739986473919 0.3333333432674408 60
1739986474187 1.0 61
1739986474455 1.0 62
1739986474720 0.9945355653762817 63
1739986474987 0.7431694269180298 64
1739986475255 1.0 65
1739986475522 1.0 66
1739986475791 0.8086420297622681 67
1739986476059 0.0 68
1739986476326 0.0 69
1739986476594 0.6349206566810608 70
1739986476861 1.0 71
1739986477130 1.0 72
1739986477394 0.3440724015235901 73
1739986477663 0.6293439269065857 74
1739986477931 0.7757575511932373 75
1739986478194 0.8512820601463318 76
1739986478460 0.6727272868156433 77
1739986478729 0.005464480724185705 78
1739986478993 0.6666666865348816 79
1739986479258 1.0 80
1739986479522 1.0 81
1739986479785 0.010256410576403141 82
1739986480046 0.44773826003074646 83
1739986480308 0.0 84
1739986480568 0.16363637149333954 85
1739986480832 0.6666666865348816 86
1739986481098 1.0 87
1739986481363 1.0 88
1739986481625 0.28717949986457825 89
1739986481891 0.0 90
1739986482160 0.0 91
1739986482426 0.3333333432674408 92
1739986482689 1.0 93
1739986482954 1.0 94
1739986483220 0.6710526347160339 95
1739986483489 1.0 96
1739986483751 0.6678644418716431 97
1739986484018 0.006666666828095913 98
1739986484280 0.0 99
