1739990525766 0.6980688075224558 0
1739990526256 0.6874191264311472 1
1739990526734 0.6776102979977926 2
1739990527217 0.6629962722460429 3
1739990527696 0.6473646263281504 4
1739990528175 0.6186633209387461 5
1739990528656 0.5929659108320872 6
1739990529142 0.5421262482802073 7
1739990529622 0.5047581742207209 8
1739990530101 0.47076505919297534 9
1739990530579 0.43950176735719043 10
1739990531062 0.38966597119967145 11
1739990531541 0.3660726249217987 12
1739990532021 0.31499244272708893 13
1739990532496 0.2836277335882187 14
1739990532979 0.2687963570157687 15
1739990533461 0.22679870327313742 16
1739990533935 0.20483111341794333 17
1739990534415 0.20069933434327444 18
1739990534891 0.18998083596428236 19
1739990535371 0.1675261544684569 20
1739990535847 0.14575219030181566 21
1739990536329 0.1291093329588572 22
1739990536807 0.12390567983190219 23
1739990537289 0.12959593534469604 24
1739990537766 0.12545207887887955 25
1739990538244 0.10641737468540668 26
1739990538724 0.0984454123924176 27
1739990539206 0.10975849069654942 28
1739990539682 0.11300662408272426 29
1739990540161 0.10170127513508002 30
1739990540637 0.08325527297953765 31
1739990541115 0.06665500594923894 32
1739990541594 0.07277377756933372 33
1739990542075 0.08774842880666256 34
1739990542553 0.07486797962337732 35
1739990543032 0.073762319671611 36
1739990543510 0.06195479320983092 37
1739990543988 0.049534683426221214 38
1739990544466 0.06431060998390119 39
1739990544943 0.07393777587761481 40
1739990545421 0.062084504713614784 41
1739990545898 0.05059419913838307 42
1739990546379 0.0375565600891908 43
1739990546858 0.0455377739854157 44
1739990547336 0.04562385923539599 45
1739990547816 0.04462301544845104 46
1739990548295 0.06490825520207484 47
1739990548774 0.04417568910866976 48
1739990549258 0.02686185933028658 49
1739990549739 0.06692374233777325 50
1739990550221 0.062219489055375256 51
1739990550703 0.04076688767721256 52
1739990551182 0.04335440446933111 53
1739990551663 0.0391921012972792 54
1739990552142 0.046784061938524246 55
1739990552621 0.02962185846020778 56
1739990553099 0.026492376656581957 57
1739990553577 0.04211890138685703 58
1739990554054 0.027401860958586138 59
1739990554532 0.028392653291424114 60
1739990555011 0.029331149533391 61
1739990555493 0.022063999048744638 62
1739990555973 0.03402769200814267 63
1739990556454 0.028749472927302122 64
1739990556936 0.03584872341404358 65
1739990557416 0.03587645540634791 66
1739990557891 0.028574864224841196 67
1739990558367 0.03103765348593394 68
1739990558853 0.03523753699846566 69
1739990559334 0.02885681747769316 70
1739990559812 0.04078778950497508 71
1739990560293 0.030253332884361345 72
1739990560772 0.0308524570427835 73
1739990561253 0.038373698169986405 74
1739990561733 0.021935512234146397 75
1739990562216 0.025540784855062764 76
1739990562693 0.029941363725811243 77
1739990563173 0.02674868827064832 78
1739990563657 0.020072564327468474 79
1739990564136 0.021628356305882335 80
1739990564619 0.023677275128041703 81
1739990565099 0.021299822682825226 82
1739990565579 0.02059402992017567 83
1739990566058 0.02873769006691873 84
1739990566546 0.030438607985464234 85
1739990567025 0.026817312619338434 86
1739990567508 0.021657654860367376 87
1739990567985 0.022909883487348754 88
1739990568467 0.03380204807035625 89
1739990568947 0.02627360518090427 90
1739990569430 0.031981810461729765 91
1739990569914 0.027868751746912796 92
1739990570394 0.026647514120365184 93
1739990570877 0.040955911041237414 94
1739990571357 0.027945955749601126 95
1739990571839 0.02692404529079795 96
1739990572320 0.017559850006364286 97
1739990572798 0.018243705892624956 98
1739990573279 0.027211163270597655 99
