1739989446132 0.7015807032585144 0
1739989446532 0.692449152469635 1
1739989446921 0.6857620278994242 2
1739989447311 0.6787464221318563 3
1739989447704 0.6728244225184122 4
1739989448097 0.6640158295631409 5
1739989448486 0.6573106646537781 6
1739989448880 0.6434375445048014 7
1739989449268 0.6326162417729696 8
1739989449658 0.6151037414868673 9
1739989450047 0.5894574721654257 10
1739989450435 0.5698834657669067 11
1739989450823 0.5454039176305135 12
1739989451212 0.5289164781570435 13
1739989451598 0.4827234943707784 14
1739989451987 0.467459241549174 15
1739989452374 0.451203316450119 16
1739989452765 0.4261072774728139 17
1739989453156 0.3869916299978892 18
1739989453542 0.3661274512608846 19
1739989453929 0.3493446509043376 20
1739989454319 0.32149216532707214 21
1739989454704 0.31274797519048053 22
1739989455105 0.28455116351445514 23
1739989455493 0.26621787746747333 24
1739989455882 0.24943656225999197 25
1739989456264 0.22943373521169028 26
1739989456647 0.2085127905011177 27
1739989457032 0.19963493943214417 28
1739989457417 0.18728409707546234 29
1739989457803 0.1825243184963862 30
1739989458189 0.16729519267876944 31
1739989458579 0.17112799485524496 32
1739989458967 0.1477204809586207 33
1739989459355 0.12821903576453528 34
1739989459737 0.14839245130618414 35
1739989460126 0.13444590071837106 36
1739989460514 0.124327485760053 37
1739989460903 0.11544477194547653 38
1739989461286 0.10326371838649114 39
1739989461675 0.11883560568094254 40
1739989462060 0.09482171386480331 41
1739989462447 0.08404019971688588 42
1739989462836 0.08725635583202045 43
1739989463228 0.07452527061104774 44
1739989463619 0.09735349317391713 45
1739989464007 0.10216020047664642 46
1739989464395 0.07474541415770848 47
1739989464786 0.07296091814835866 48
1739989465176 0.081852987408638 49
1739989465562 0.06985686595241229 50
1739989465949 0.05990648145476977 51
1739989466336 0.05960222457846006 52
1739989466721 0.07831491033236186 53
1739989467113 0.059914824863274894 54
1739989467502 0.056632486482461296 55
1739989467885 0.04984386016925176 56
1739989468275 0.06236967071890831 57
1739989468660 0.06656868134935696 58
1739989469049 0.06510125597318013 59
1739989469434 0.046621772150198616 60
1739989469822 0.06549016137917836 61
1739989470212 0.04251375359793504 62
1739989470597 0.05748773738741875 63
1739989470987 0.0499697836736838 64
1739989471376 0.05216349537173907 65
1739989471763 0.050426509231328964 66
1739989472149 0.03623985623319944 67
1739989472534 0.04199801261226336 68
1739989472925 0.033514520774284996 69
1739989473314 0.04615742961565653 70
1739989473703 0.04342968141039213 71
1739989474089 0.04087144136428833 72
1739989474478 0.0297477791706721 73
1739989474866 0.045121921226382256 74
1739989475265 0.03867889506121477 75
1739989475648 0.03317703430851301 76
1739989476034 0.03183976840227842 77
1739989476423 0.032532104601462684 78
1739989476813 0.03558171105881532 79
1739989477202 0.031403200390438236 80
1739989477584 0.034320566803216934 81
1739989477968 0.026209878424803417 82
1739989478353 0.038192798693974815 83
1739989478735 0.028072863196333248 84
1739989479120 0.028749100243051846 85
1739989479507 0.026378406211733818 86
1739989479890 0.026531123866637547 87
1739989480276 0.02907382883131504 88
1739989480656 0.02451925165951252 89
1739989481040 0.021419144701212645 90
1739989481423 0.02484162213901679 91
1739989481808 0.027018022413055103 92
1739989482192 0.03159040088454882 93
1739989482578 0.028049676368633907 94
1739989482962 0.03364768624305725 95
1739989483352 0.025184395412604015 96
1739989483737 0.023099437976876896 97
1739989484123 0.021110973320901394 98
1739989484510 0.022542038311560948 99
