1739989897966 0.48696768283843994 0
1739989899665 0.6270967721939087 1
1739989901355 0.6964001655578613 2
1739989903051 0.7156736254692078 3
1739989904752 0.766107439994812 4
1739989906448 0.7800952196121216 5
1739989908146 0.8122475147247314 6
1739989909838 0.8424794673919678 7
1739989911539 0.8562647104263306 8
1739989913243 0.8665167093276978 9
1739989914939 0.8846654295921326 10
1739989916634 0.8959485292434692 11
1739989918330 0.9164304137229919 12
1739989920020 0.9078453183174133 13
1739989921717 0.9301453828811646 14
1739989923413 0.9269353747367859 15
1739989925111 0.9377063512802124 16
1739989926802 0.9409685730934143 17
1739989928492 0.9505137205123901 18
1739989930187 0.9476844072341919 19
1739989931887 0.9500950574874878 20
1739989933581 0.9607349038124084 21
1739989935273 0.9632757902145386 22
1739989936959 0.9529316425323486 23
1739989938655 0.9625171422958374 24
1739989940346 0.9661571383476257 25
1739989942042 0.9613770246505737 26
1739989943741 0.9778021574020386 27
1739989945428 0.9744152426719666 28
1739989947124 0.9718582630157471 29
1739989948821 0.9702123999595642 30
1739989950516 0.9746819138526917 31
1739989952215 0.9696123003959656 32
1739989953901 0.9784612059593201 33
1739989955594 0.9807482957839966 34
1739989957291 0.9802623987197876 35
1739989958986 0.9819234609603882 36
1739989960689 0.9837521910667419 37
1739989962382 0.9780306220054626 38
1739989964066 0.9783341884613037 39
1739989965764 0.9807976484298706 40
1739989967459 0.9850265979766846 41
1739989969155 0.9867473244667053 42
1739989970850 0.98549485206604 43
1739989972526 0.9886225461959839 44
1739989974224 0.9842497110366821 45
1739989975927 0.9894620180130005 46
1739989977625 0.9907183051109314 47
1739989979321 0.9899517297744751 48
1739989981002 0.9861156940460205 49
1739989982693 0.9880022406578064 50
1739989984390 0.990686297416687 51
1739989986088 0.9861987829208374 52
1739989987781 0.9895991086959839 53
1739989989471 0.9897710084915161 54
1739989991153 0.9917765259742737 55
1739989992848 0.9922419786453247 56
1739989994545 0.992428183555603 57
1739989996242 0.9924506545066833 58
1739989997936 0.9913984537124634 59
1739989999622 0.9921411871910095 60
1739990001323 0.9924649000167847 61
1739990003021 0.9928338527679443 62
1739990004719 0.9913700222969055 63
1739990006407 0.9922749996185303 64
1739990008102 0.9952613115310669 65
1739990009791 0.9927473664283752 66
1739990011484 0.9940851926803589 67
1739990013180 0.9934580326080322 68
1739990014864 0.9930621385574341 69
1739990016563 0.9921419620513916 70
1739990018252 0.9938896298408508 71
1739990019951 0.9902288317680359 72
1739990021641 0.9908543229103088 73
1739990023336 0.9927652478218079 74
1739990025038 0.9924985766410828 75
1739990026732 0.9964035153388977 76
1739990028424 0.9963129758834839 77
1739990030124 0.9956590533256531 78
1739990031820 0.9956615567207336 79
1739990033519 0.9958984851837158 80
1739990035214 0.9933533668518066 81
1739990036903 0.9947689175605774 82
1739990038594 0.99320387840271 83
1739990040290 0.9945623278617859 84
1739990041993 0.9960319399833679 85
1739990043690 0.9975017309188843 86
1739990045374 0.9937624931335449 87
1739990047070 0.9956068992614746 88
1739990048768 0.9939822554588318 89
1739990050463 0.9968283176422119 90
1739990052162 0.9969637393951416 91
1739990053852 0.9945927262306213 92
1739990055546 0.9947934150695801 93
1739990057245 0.9951673746109009 94
1739990058943 0.9973412156105042 95
1739990060639 0.9988430142402649 96
1739990062334 0.9951868653297424 97
1739990064033 0.9939834475517273 98
1739990065730 0.994523823261261 99
