1739989897966 0.5328858494758606 0
1739989899665 0.6016843914985657 1
1739989901355 0.6683949828147888 2
1739989903051 0.7108816504478455 3
1739989904752 0.733248233795166 4
1739989906448 0.7575657963752747 5
1739989908146 0.7940830588340759 6
1739989909838 0.8251815438270569 7
1739989911539 0.8441124558448792 8
1739989913243 0.8616078495979309 9
1739989914939 0.8824854493141174 10
1739989916634 0.8947664499282837 11
1739989918330 0.9152032136917114 12
1739989920020 0.9083516597747803 13
1739989921717 0.929927408695221 14
1739989923413 0.9253878593444824 15
1739989925111 0.9372556209564209 16
1739989926802 0.9393486976623535 17
1739989928492 0.9487423896789551 18
1739989930187 0.948549211025238 19
1739989931887 0.9509895443916321 20
1739989933581 0.9602576494216919 21
1739989935273 0.9629190564155579 22
1739989936959 0.954943835735321 23
1739989938655 0.9612955451011658 24
1739989940346 0.966102659702301 25
1739989942042 0.9609615802764893 26
1739989943741 0.9775175452232361 27
1739989945428 0.973132848739624 28
1739989947124 0.9719070196151733 29
1739989948821 0.9701974391937256 30
1739989950516 0.9760541319847107 31
1739989952215 0.9700850248336792 32
1739989953901 0.9782389402389526 33
1739989955594 0.9812043905258179 34
1739989957291 0.9793117642402649 35
1739989958986 0.9820574522018433 36
1739989960689 0.9830553531646729 37
1739989962382 0.9779452085494995 38
1739989964066 0.9779652953147888 39
1739989965764 0.9805448055267334 40
1739989967459 0.9858108162879944 41
1739989969155 0.9857164025306702 42
1739989970850 0.9863419532775879 43
1739989972526 0.9882608652114868 44
1739989974224 0.9830159544944763 45
1739989975927 0.9894105792045593 46
1739989977625 0.9911310076713562 47
1739989979321 0.9896620512008667 48
1739989981002 0.9880454540252686 49
1739989982693 0.9879632592201233 50
1739989984390 0.9907423257827759 51
1739989986088 0.9872411489486694 52
1739989987781 0.989974856376648 53
1739989989471 0.9896295070648193 54
1739989991153 0.9912399649620056 55
1739989992848 0.9922569990158081 56
1739989994545 0.9920042157173157 57
1739989996242 0.9931928515434265 58
1739989997936 0.9911046028137207 59
1739989999622 0.9921554327011108 60
1739990001323 0.9931843280792236 61
1739990003021 0.9926097989082336 62
1739990004719 0.9917140007019043 63
1739990006407 0.9926519989967346 64
1739990008102 0.9950525164604187 65
1739990009791 0.9927049875259399 66
1739990011484 0.9937774538993835 67
1739990013180 0.9934247732162476 68
1739990014864 0.9931377172470093 69
1739990016563 0.9921523332595825 70
1739990018252 0.994043231010437 71
1739990019951 0.989957332611084 72
1739990021641 0.9910155534744263 73
1739990023336 0.9927486181259155 74
1739990025038 0.992493748664856 75
1739990026732 0.9963847398757935 76
1739990028424 0.9964234828948975 77
1739990030124 0.9958958029747009 78
1739990031820 0.9958796501159668 79
1739990033519 0.9956619143486023 80
1739990035214 0.992821216583252 81
1739990036903 0.9943198561668396 82
1739990038594 0.9939953088760376 83
1739990040290 0.9947512149810791 84
1739990041993 0.9954464435577393 85
1739990043690 0.9976721405982971 86
1739990045374 0.9936546683311462 87
1739990047070 0.9959377646446228 88
1739990048768 0.9939213991165161 89
1739990050463 0.9971072673797607 90
1739990052162 0.9969928860664368 91
1739990053852 0.9945419430732727 92
1739990055546 0.9949520230293274 93
1739990057245 0.9950731992721558 94
1739990058943 0.9973320960998535 95
1739990060639 0.9987489581108093 96
1739990062334 0.9951521158218384 97
1739990064033 0.9939836263656616 98
1739990065730 0.9945731163024902 99
