1739991827804 0.6724211914198739 0
1739991830602 0.5764274622712816 1
1739991833392 0.40563928399767196 2
1739991836188 0.272157056416784 3
1739991838983 0.24467495041234152 4
1739991841777 0.20301357869591033 5
1739991844569 0.1819867178797722 6
1739991847364 0.15975467158215387 7
1739991850159 0.13965517899819782 8
1739991852956 0.12694971476282393 9
1739991855755 0.11312366564358983 10
1739991858546 0.10426737442612648 11
1739991861337 0.10115410041596208 12
1739991864120 0.09587149673274585 13
1739991866904 0.08710506302969796 14
1739991869693 0.07019115702382156 15
1739991872485 0.07016319217426437 16
1739991875276 0.059793785799826894 17
1739991878050 0.053294065222144124 18
1739991880844 0.04780726384903703 19
1739991883636 0.047626388072967527 20
1739991886431 0.04804359019867011 21
1739991889221 0.047124618039067305 22
1739991892023 0.044673395848699976 23
1739991894829 0.036806373417909655 24
1739991897656 0.03241773432652865 25
1739991900455 0.03662919971559729 26
1739991903250 0.03570060080715588 27
1739991906057 0.03271414846447962 28
1739991908846 0.027573257125914095 29
1739991911658 0.03213100346869656 30
1739991914447 0.02624176122647311 31
1739991917245 0.027505188322226915 32
1739991920039 0.02308545672733869 33
1739991922847 0.02630954676174692 34
1739991925649 0.02381917194995497 35
1739991928452 0.023326952396226782 36
1739991931247 0.025506178622267076 37
1739991934042 0.023676461360550353 38
1739991936837 0.020574280287006072 39
1739991939626 0.022321216382884552 40
1739991942409 0.023796732031873293 41
1739991945194 0.02024251592478582 42
1739991947978 0.015660680870392494 43
1739991950755 0.018118924893704907 44
1739991953544 0.013607119575941138 45
1739991956336 0.016192404892561692 46
1739991959133 0.014077558408358268 47
1739991961929 0.01278894721929516 48
1739991964721 0.016296982226361122 49
1739991967511 0.0173551160443042 50
1739991970294 0.018580801505595445 51
1739991973090 0.01485044725372323 52
1739991975884 0.01819526158007128 53
1739991978673 0.01493169702922127 54
1739991981463 0.01314204264698284 55
1739991984255 0.014818297595983104 56
1739991987042 0.016242579966118293 57
1739991989830 0.013762404470305358 58
1739991992613 0.010774245049937495 59
1739991995400 0.010101126244158617 60
1739991998191 0.009212245532710637 61
1739992000982 0.008431998437403568 62
1739992003772 0.01059377154867564 63
1739992006556 0.009001229370811156 64
1739992009346 0.017116768129302986 65
1739992012133 0.02041101697832346 66
1739992014919 0.010738724975713662 67
1739992017708 0.00934506340418011 68
1739992020496 0.008466329778145466 69
1739992023284 0.016745251304070865 70
1739992026073 0.008334172546996602 71
1739992028856 0.012124268111905881 72
1739992031647 0.01608235539668905 73
1739992034435 0.009887773876211472 74
1739992037223 0.008712353334496064 75
1739992040010 0.008599679261845137 76
1739992042796 0.008993663402673388 77
1739992045589 0.006332349976790803 78
1739992048384 0.011302343842440417 79
1739992051169 0.00903767991944083 80
1739992053946 0.007301311677188746 81
1739992056731 0.006907740385005517 82
1739992059517 0.012171342499953296 83
1739992062299 0.010427217997078384 84
1739992065089 0.007478399168966072 85
1739992067876 0.00540609134560717 86
1739992070665 0.007391605852171778 87
1739992073454 0.007949668115803174 88
1739992076242 0.007123142454241003 89
1739992079037 0.007388695409255368 90
1739992081832 0.007870746141166559 91
1739992084627 0.009493576088321529 92
1739992087435 0.006996048431444381 93
1739992090228 0.008804258684228574 94
1739992093022 0.00848372429442991 95
1739992095818 0.009471278524558459 96
1739992098615 0.009277878126262554 97
1739992101418 0.014515328818067377 98
1739992104212 0.011376516757133815 99
