1739981028230 0.454489529132843 0
1739981046160 0.2201721966266632 1
1739981064016 0.48216480016708374 2
1739981081884 0.4372693598270416 3
1739981099815 0.3991389870643616 4
1739981117478 0.3284132778644562 5
1739981135791 0.3222632110118866 6
1739981154078 0.29581794142723083 7
1739981171999 0.32103320956230164 8
1739981189815 0.4637146294116974 9
1739981207758 0.2773677706718445 10
1739981225649 0.43665435910224915 11
1739981244017 0.4071340560913086 12
1739981262528 0.43665435910224915 13
1739981280764 0.42804425954818726 14
1739981299132 0.3499384820461273 15
1739981317401 0.20541204512119293 16
1739981335824 0.31549814343452454 17
1739981353775 0.20479704439640045 18
1739981371928 0.26445263624191284 19
1739981390455 0.26691266894340515 20
1739981408271 0.34563344717025757 21
1739981426454 0.48954489827156067 22
1739981444897 0.15621155500411987 23
1739981463276 0.32349324226379395 24
1739981481655 0.2995079755783081 25
1739981499177 0.14083640277385712 26
1739981517146 0.3247232437133789 27
1739981534771 0.39975398778915405 28
1739981552580 0.4827798306941986 29
1739981570578 0.3505535125732422 30
1739981588434 0.2890528738498688 31
1739981606392 0.3419434130191803 32
1739981624171 0.07503075152635574 33
1739981642153 0.3185731768608093 34
1739981660014 0.1439114362001419 35
1739981677910 0.33210331201553345 36
1739981695943 0.14083640277385712 37
1739981713674 0.19618695974349976 38
1739981731645 0.38560885190963745 39
1739981749635 0.42435422539711 40
1739981767601 0.11377613246440887 41
1739981785526 0.32103320956230164 42
1739981803360 0.21648216247558594 43
1739981821346 0.3284132778644562 44
1739981839307 0.21832717955112457 45
1739981857188 0.24169741570949554 46
1739981875094 0.30319803953170776 47
1739981893014 0.14760147035121918 48
1739981911306 0.5744157433509827 49
1739981929790 0.3105781078338623 50
1739981947813 0.4102090895175934 51
1739981965685 0.27306273579597473 52
1739981983617 0.043665435165166855 53
1739982001867 0.570725679397583 54
1739982020163 0.6371463537216187 55
1739982038326 0.31242311000823975 56
1739982056459 0.22509224712848663 57
1739982074951 0.35485854744911194 58
1739982093110 0.44464942812919617 59
1739982111276 0.3960639536380768 60
1739982129480 0.4723247289657593 61
1739982147382 0.1666666567325592 62
1739982165019 0.19003689289093018 63
1739982182825 0.48523983359336853 64
1739982200479 0.4188191890716553 65
1739982218519 0.19864697754383087 66
1739982236305 0.6715866923332214 67
1739982254284 0.3837638199329376 68
1739982272582 0.4944649338722229 69
1739982290390 0.32964327931404114 70
1739982308199 0.3111931085586548 71
1739982325906 0.16051660478115082 72
1739982343774 0.1414514183998108 73
1739982361526 0.5461254715919495 74
1739982379452 0.2687576711177826 75
1739982397226 0.2749077379703522 76
1739982414790 0.49815496802330017 77
1739982433756 0.3554735481739044 78
1739982451776 0.3610086143016815 79
1739982470194 0.6353013515472412 80
1739982488652 0.12177121639251709 81
1739982507079 0.5436654090881348 82
1739982524825 0.23923738300800323 83
1739982542659 0.5448954105377197 84
1739982560589 0.4741697311401367 85
1739982578691 0.4883148670196533 86
1739982596499 0.16605165600776672 87
1739982614342 0.40282902121543884 88
1739982632391 0.2656826376914978 89
1739982650554 0.3763837516307831 90
1739982668309 0.41635915637016296 91
1739982686123 0.3339483439922333 92
1739982704049 0.2564575672149658 93
1739982721844 0.4206641912460327 94
1739982739650 0.33210331201553345 95
1739982757483 0.5135301351547241 96
1739982775280 0.31734317541122437 97
1739982793099 0.5873308777809143 98
1739982810864 0.5571955442428589 99
