1739981028230 0.30811807513237 0
1739981046160 0.554735541343689 1
1739981064016 0.2915129065513611 2
1739981081884 0.2939729392528534 3
1739981099815 0.3499384820461273 4
1739981117478 0.41143912076950073 5
1739981135791 0.4188191890716553 6
1739981154078 0.43665435910224915 7
1739981171999 0.43972939252853394 8
1739981189815 0.27798277139663696 9
1739981207758 0.4692496955394745 10
1739981225649 0.3099631071090698 11
1739981244017 0.3450184464454651 12
1739981262528 0.3216482102870941 13
1739981280764 0.276752769947052 14
1739981299132 0.3905288875102997 15
1739981317401 0.5412054061889648 16
1739981335824 0.45387452840805054 17
1739981353775 0.5375153422355652 18
1739981371928 0.4600245952606201 19
1739981390455 0.48708486557006836 20
1739981408271 0.38868388533592224 21
1739981426454 0.24784746766090393 22
1739981444897 0.5836408138275146 23
1739981463276 0.4120541214942932 24
1739981481655 0.4575645625591278 25
1739981499177 0.5713406801223755 26
1739981517146 0.41635915637016296 27
1739981534771 0.3450184464454651 28
1739981552580 0.25030750036239624 29
1739981570578 0.41082409024238586 30
1739981588434 0.446494460105896 31
1739981606392 0.400983989238739 32
1739981624171 0.6666666269302368 33
1739981642153 0.446494460105896 34
1739981660014 0.5861008763313293 35
1739981677910 0.41697415709495544 36
1739981695943 0.5805658102035522 37
1739981713674 0.5362853407859802 38
1739981731645 0.3610086143016815 39
1739981749635 0.33148831129074097 40
1739981767601 0.6045510172843933 41
1739981785526 0.40282902121543884 42
1739981803360 0.5307502746582031 43
1739981821346 0.43603935837745667 44
1739981839307 0.5252152681350708 45
1739981857188 0.4741697311401367 46
1739981875094 0.42189422249794006 47
1739981893014 0.5977859497070312 48
1739981911306 0.17589175701141357 49
1739981929790 0.4268142580986023 50
1739981947813 0.3247232437133789 51
1739981965685 0.4833948314189911 52
1739981983617 0.6820418238639832 53
1739982001867 0.17281672358512878 54
1739982020163 0.12054120004177094 55
1739982038326 0.4298892915248871 56
1739982056459 0.5061500668525696 57
1739982074951 0.3936039209365845 58
1739982093110 0.2878228724002838 59
1739982111276 0.34317341446876526 60
1739982129480 0.2718327045440674 61
1739982147382 0.5904058814048767 62
1739982165019 0.5541205406188965 63
1739982182825 0.26137760281562805 64
1739982200479 0.31180810928344727 65
1739982218519 0.5621156096458435 66
1739982236305 0.07564575225114822 67
1739982254284 0.3474784791469574 68
1739982272582 0.24661746621131897 69
1739982290390 0.4071340560913086 70
1739982308199 0.43050429224967957 71
1739982325906 0.5731857419013977 72
1739982343774 0.6088560819625854 73
1739982361526 0.2312423139810562 74
1739982379452 0.4864698648452759 75
1739982397226 0.45018449425697327 76
1739982414790 0.23062729835510254 77
1739982433756 0.3948339521884918 78
1739982451776 0.36285361647605896 79
1739982470194 0.09778597950935364 80
1739982488652 0.6396063566207886 81
1739982507079 0.2004919946193695 82
1739982524825 0.509225070476532 83
1739982542659 0.2115621119737625 84
1739982560589 0.26076260209083557 85
1739982578691 0.26199260354042053 86
1739982596499 0.5830258131027222 87
1739982614342 0.3327183127403259 88
1739982632391 0.4471094608306885 89
1739982650554 0.37392371892929077 90
1739982668309 0.3271832764148712 91
1739982686123 0.4071340560913086 92
1739982704049 0.4969249665737152 93
1739982721844 0.3198031783103943 94
1739982739650 0.41389912366867065 95
1739982757483 0.23493234813213348 96
1739982775280 0.4102090895175934 97
1739982793099 0.17650675773620605 98
1739982810864 0.17712177336215973 99
