1739986411446 0.5740740895271301 0
1739986411718 0.6666666865348816 1
1739986411984 0.4079602360725403 2
1739986412246 0.9459594488143921 3
1739986412511 0.005464480724185705 4
1739986412777 0.3333333432674408 5
1739986413045 1.0 6
1739986413315 0.8924731612205505 7
1739986413580 0.0 8
1739986413844 0.0 9
1739986414110 0.8645833730697632 10
1739986414370 1.0 11
1739986414636 0.9245283007621765 12
1739986414902 0.0 13
1739986415165 0.0 14
1739986415434 0.4954051971435547 15
1739986415697 1.0 16
1739986415962 1.0 17
1739986416227 0.3035714328289032 18
1739986416492 0.6274510025978088 19
1739986416757 1.0 20
1739986417019 0.38272255659103394 21
1739986417284 0.0 22
1739986417548 0.0 23
1739986417815 0.859375 24
1739986418079 1.0 25
1739986418345 1.0 26
1739986418612 0.20903955399990082 27
1739986418874 0.0 28
1739986419143 0.6618024110794067 29
1739986419416 1.0 30
1739986419682 1.0 31
1739986419944 1.0 32
1739986420204 0.08470728993415833 33
1739986420462 0.0 34
1739986420724 0.08717949688434601 35
1739986420989 0.33862435817718506 36
1739986421251 0.5925925970077515 37
1739986421509 0.0 38
1739986421774 1.0 39
1739986422043 1.0 40
1739986422305 0.3333333432674408 41
1739986422565 0.3333333432674408 42
1739986422831 1.0 43
1739986423097 0.5761904716491699 44
1739986423363 0.0 45
1739986423626 0.3333333432674408 46
1739986423883 1.0 47
1739986424148 1.0 48
1739986424414 0.07511622458696365 49
1739986424675 0.6602563858032227 50
1739986424936 0.26436781883239746 51
1739986425194 0.0 52
1739986425460 0.6666666865348816 53
1739986425722 1.0 54
1739986425988 0.6619718074798584 55
1739986426254 0.0 56
1739986426522 0.0 57
1739986426786 0.3333333432674408 58
1739986427054 1.0 59
1739986427321 1.0 60
1739986427579 1.0 61
1739986427844 0.6521090269088745 62
1739986428113 0.0 63
1739986428378 0.0 64
1739986428644 0.0 65
1739986428909 0.5822222232818604 66
1739986429173 1.0 67
1739986429439 0.6733333468437195 68
1739986429707 0.0 69
1739986429974 0.0 70
1739986430239 0.0 71
1739986430505 0.9378530979156494 72
1739986430765 1.0 73
1739986431027 1.0 74
1739986431288 0.2916666865348816 75
1739986431552 0.0 76
1739986431816 0.0 77
1739986432074 0.6714975833892822 78
1739986432337 0.3333333432674408 79
1739986432597 0.3333333432674408 80
1739986432859 0.7437810897827148 81
1739986433121 0.7922705411911011 82
1739986433386 0.5297619104385376 83
1739986433652 0.3125 84
1739986433917 0.9761905074119568 85
1739986434181 0.3333333432674408 86
1739986434445 0.0 87
1739986434705 0.9900497794151306 88
1739986434967 0.6458333730697632 89
1739986435236 0.9950248599052429 90
1739986435499 0.6892656087875366 91
1739986435762 0.005649717524647713 92
1739986436027 0.1568627506494522 93
1739986436291 1.0 94
1739986436552 1.0 95
1739986436815 0.3385416865348816 96
1739986437078 0.0 97
1739986437341 0.0 98
1739986437603 0.3333333432674408 99
