1739986411446 0.4523809850215912 0
1739986411718 0.3333333432674408 1
1739986411984 0.6065573692321777 2
1739986412246 0.06432748585939407 3
1739986412511 1.0 4
1739986412777 0.6800000071525574 5
1739986413045 0.0 6
1739986413315 0.1746031939983368 7
1739986413580 1.0 8
1739986413844 1.0 9
1739986414110 0.1510416716337204 10
1739986414370 0.0 11
1739986414636 0.13071896135807037 12
1739986414902 1.0 13
1739986415165 1.0 14
1739986415434 0.4658646583557129 15
1739986415697 0.0052910055965185165 16
1739986415962 0.007092198356986046 17
1739986416227 0.680555522441864 18
1739986416492 0.37222224473953247 19
1739986416757 0.0 20
1739986417019 0.7248803973197937 21
1739986417284 1.0 22
1739986417548 0.993827223777771 23
1739986417815 0.1458333432674408 24
1739986418079 0.0 25
1739986418345 0.0 26
1739986418612 0.7922705411911011 27
1739986418874 1.0 28
1739986419143 0.34366747736930847 29
1739986419416 0.0 30
1739986419682 0.0 31
1739986419944 0.0 32
1739986420204 0.9539462924003601 33
1739986420462 1.0 34
1739986420724 0.8974359035491943 35
1739986420989 0.6666666865348816 36
1739986421251 0.40000003576278687 37
1739986421509 1.0 38
1739986421774 0.0 39
1739986422043 0.0 40
1739986422305 0.6666666865348816 41
1739986422565 0.6666666865348816 42
1739986422831 0.0 43
1739986423097 0.4482758939266205 44
1739986423363 1.0 45
1739986423626 0.6666666865348816 46
1739986423883 0.0 47
1739986424148 0.0 48
1739986424414 0.9617486000061035 49
1739986424675 0.3333333432674408 50
1739986424936 0.75 51
1739986425194 0.9949495196342468 52
1739986425460 0.32777780294418335 53
1739986425722 0.0 54
1739986425988 0.34502923488616943 55
1739986426254 1.0 56
1739986426522 1.0 57
1739986426786 0.6614583730697632 58
1739986427054 0.0 59
1739986427321 0.0 60
1739986427579 0.0 61
1739986427844 0.3545830249786377 62
1739986428113 1.0 63
1739986428378 1.0 64
1739986428644 1.0 65
1739986428909 0.42138367891311646 66
1739986429173 0.0 67
1739986429439 0.327160507440567 68
1739986429707 1.0 69
1739986429974 1.0 70
1739986430239 1.0 71
1739986430505 0.04830917716026306 72
1739986430765 0.0 73
1739986431027 0.0 74
1739986431288 0.6944445371627808 75
1739986431552 1.0 76
1739986431816 0.9951691031455994 77
1739986432074 0.3333333432674408 78
1739986432337 0.6666666865348816 79
1739986432597 0.6666666865348816 80
1739986432859 0.23865070939064026 81
1739986433121 0.20903955399990082 82
1739986433386 0.4867725074291229 83
1739986433652 0.6726190447807312 84
1739986433917 0.04597701132297516 85
1739986434181 0.6666666865348816 86
1739986434445 0.9880952835083008 87
1739986434705 0.021368568763136864 88
1739986434967 0.3697916865348816 89
1739986435236 0.027322404086589813 90
1739986435499 0.2814815044403076 91
1739986435762 1.0 92
1739986436027 0.8364779949188232 93
1739986436291 0.0 94
1739986436552 0.0 95
1739986436815 0.6614583730697632 96
1739986437078 1.0 97
1739986437341 1.0 98
1739986437603 0.6666666865348816 99
