1739986365819 0.8350541194279989 0
1739986366093 0.6933483680089315 1
1739986366359 0.6930151581764221 2
1739986366620 0.6951058308283488 3
1739986366879 0.6969204743703207 4
1739986367146 0.6918331384658813 5
1739986367414 0.7003230253855387 6
1739986367687 0.7015462517738342 7
1739986367954 0.6912758350372314 8
1739986368222 0.693657120068868 9
1739986368491 0.6843769947687784 10
1739986368754 0.6199682156244913 11
1739986369022 0.5692945520083109 12
1739986369292 0.5648271838823954 13
1739986369557 0.6005136966705322 14
1739986369823 0.5386507312456766 15
1739986370089 0.46930983662605286 16
1739986370354 0.5182136297225952 17
1739986370622 0.47935272256533307 18
1739986370889 0.48840264479319256 19
1739986371155 0.46869368354479474 20
1739986371422 0.43890348076820374 21
1739986371689 0.49152909715970355 22
1739986371952 0.4552699029445648 23
1739986372217 0.46613553166389465 24
1739986372484 0.4489242136478424 25
1739986372752 0.4478089412053426 26
1739986373017 0.46466906865437824 27
1739986373282 0.5612731575965881 28
1739986373551 0.4819934566815694 29
1739986373818 0.4516166051228841 30
1739986374086 0.4487176736195882 31
1739986374352 0.5865315794944763 32
1739986374618 0.6666919589042664 33
1739986374885 0.7137481768925985 34
1739986375152 0.7026142875353495 35
1739986375418 0.7001088261604309 36
1739986375685 0.6992061535517374 37
1739986375954 0.6938047011693319 38
1739986376222 0.6947978734970093 39
1739986376488 0.6938734849294027 40
1739986376754 0.6930753588676453 41
1739986377022 0.6927066047986349 42
1739986377291 0.6928227543830872 43
1739986377560 0.6927584807078043 44
1739986377832 0.6924294034639994 45
1739986378102 0.696103592713674 46
1739986378368 0.690889040629069 47
1739986378637 0.6870442628860474 48
1739986378902 0.67872287829717 49
1739986379168 0.6647715369860331 50
1739986379433 0.6976694067319235 51
1739986379699 0.6782978971799215 52
1739986379967 0.5973243912061056 53
1739986380233 0.5971537530422211 54
1739986380500 0.5671102404594421 55
1739986380766 0.6113287607828776 56
1739986381036 0.6431443492571512 57
1739986381302 0.47989436984062195 58
1739986381562 0.9098839362462362 59
1739986381826 0.5840630531311035 60
1739986382093 0.69718070824941 61
1739986382359 0.7079370021820068 62
1739986382625 0.69927579164505 63
1739986382889 0.6988672614097595 64
1739986383156 0.695276657740275 65
1739986383424 0.694316546122233 66
1739986383689 0.6956983804702759 67
1739986383955 0.6945414741834005 68
1739986384218 0.6936011711756388 69
1739986384482 0.6931804219881693 70
1739986384748 0.6935526927312216 71
1739986385010 0.6939341028531393 72
1739986385274 0.6940409342447916 73
1739986385536 0.6939085721969604 74
1739986385803 0.6933839122454325 75
1739986386070 0.6932113766670227 76
1739986386335 0.6933850844701132 77
1739986386599 0.6929736932118734 78
1739986386861 0.6933270494143168 79
1739986387127 0.6932651003201803 80
1739986387393 0.6930814186731974 81
1739986387653 0.693058709303538 82
1739986387919 0.6930737694104513 83
1739986388183 0.6931246916453043 84
1739986388450 0.6929418047269186 85
1739986388715 0.6928149859110514 86
1739986388983 0.6928575237592062 87
1739986389250 0.6930276950200399 88
1739986389515 0.6931677063306173 89
1739986389776 0.6930696566899618 90
1739986390041 0.6923522154490153 91
1739986390308 0.6926391124725342 92
1739986390575 0.69224613904953 93
1739986390842 0.6922869682312012 94
1739986391100 0.6928852200508118 95
1739986391368 0.6923379898071289 96
1739986391633 0.6922547817230225 97
1739986391899 0.6924467086791992 98
1739986392163 0.6915762027104696 99
