1739982846183 0.701823134593858 0
1739982863715 0.6951540118727151 1
1739982881069 0.6957230367783691 2
1739982898762 0.6943543864938753 3
1739982916412 0.6940396511686684 4
1739982933948 0.6941038201875792 5
1739982951374 0.6940397337940493 6
1739982968789 0.6938226833701281 7
1739982986591 0.6943093299279207 8
1739983004299 0.6941698279328012 9
1739983022226 0.6937919682095705 10
1739983040024 0.6942777923259055 11
1739983057837 0.6938394832655073 12
1739983075594 0.6935239577938563 13
1739983093245 0.6944089943192542 14
1739983110815 0.6935259584717791 15
1739983128609 0.693795830048025 16
1739983146473 0.6942138582431375 17
1739983164381 0.6937868737353317 18
1739983182323 0.6938450253610975 19
1739983200325 0.6936683643054845 20
1739983218148 0.6944554577161172 21
1739983235938 0.6937226037257712 22
1739983254078 0.693664970726398 23
1739983272265 0.6938666518763862 24
1739983290024 0.6935753244608824 25
1739983307545 0.6935379439907614 26
1739983324960 0.6936499518222035 27
1739983342592 0.6939128920307606 28
1739983360285 0.6937520997404025 29
1739983377995 0.693692774716925 30
1739983395801 0.6935408043538805 31
1739983413642 0.6943445338387624 32
1739983431441 0.6934790324607605 33
1739983448896 0.6935835411041279 34
1739983466003 0.6935620873176743 35
1739983483109 0.6941087959290724 36
1739983500255 0.6942848407767649 37
1739983518047 0.693365433632521 38
1739983535950 0.6935193210217052 39
1739983554129 0.6940154337208503 40
1739983571891 0.6938823207864608 41
1739983589306 0.6936079436709227 42
1739983606821 0.6940218098049235 43
1739983624289 0.693356052169354 44
1739983642278 0.6934311652388813 45
1739983660497 0.6941533986786048 46
1739983678590 0.6936727751225124 47
1739983696568 0.6939711482029266 48
1739983714257 0.6934369686638151 49
1739983731631 0.6936143947556743 50
1739983749137 0.6936628246659282 51
1739983766642 0.6939535896130007 52
1739983784150 0.6940233306397958 53
1739983801709 0.6936208603566864 54
1739983819256 0.693757436665515 55
1739983837381 0.6939737348832181 56
1739983855467 0.6938366284376287 57
1739983872587 0.6939098980887203 58
1739983890174 0.6934020910755735 59
1739983908032 0.6937098393874268 60
1739983925947 0.6935997894915854 61
1739983944107 0.693713613761747 62
1739983962396 0.6938231712044531 63
1739983980517 0.6935094577359977 64
1739983998400 0.693827592358818 65
1739984016349 0.693602674891588 66
1739984034343 0.6937177197373074 67
1739984052301 0.694020407079624 68
1739984070584 0.6941589270277363 69
1739984088564 0.693587917976567 70
1739984106698 0.6936838873931256 71
1739984124542 0.693688895209689 72
1739984142448 0.693694414614458 73
1739984160453 0.693682405781482 74
1739984178725 0.6938701017609675 75
1739984196903 0.6935490704843772 76
1739984215065 0.6935442997667329 77
1739984233240 0.693810728936471 78
1739984251403 0.693649159806241 79
1739984269581 0.6938419872104462 80
1739984287819 0.6938615057887773 81
1739984305887 0.694071608129316 82
1739984324113 0.6937304669933859 83
1739984342180 0.6935978912339439 84
1739984360339 0.6935199914090014 85
1739984378349 0.694085037503002 86
1739984396043 0.694095724843085 87
1739984413932 0.6934763399144087 88
1739984431796 0.693880472749215 89
1739984449356 0.6931597638100863 90
1739984466796 0.693740794212909 91
1739984484890 0.6941610931030499 92
1739984503151 0.6939981669224203 93
1739984521342 0.6937386747655834 94
1739984539423 0.693485344687951 95
1739984557621 0.693633381584327 96
1739984575841 0.6937852083243714 97
1739984593679 0.6936061572178117 98
1739984611566 0.694152883131419 99
