1739993212456 0.12010576279242469 0
1739994546469 0.08475998046762366 1
1739995894916 0.07592400154451379 2
1739997249808 0.07041605472148285 3
1739998605651 0.06664437181774666 4
1739999962106 0.0636380414606995 5
1740001313661 0.06151164995758256 6
1740002659525 0.059364063594583724 7
1740003986391 0.0579409655954013 8
1740005333669 0.05657729518433596 9
1740006686926 0.055380472904365395 10
1740008039998 0.05443874818637975 11
1740009394254 0.053475445168677346 12
1740010746181 0.05273623196587111 13
1740012076010 0.052162494967566586 14
1740013412396 0.05162366879732799 15
1740014764904 0.05086940552107478 16
1740016117407 0.050618363722776796 17
1740017471398 0.050156055321567444 18
1740018824215 0.04979314591385282 19
1740020157041 0.049401167475156604 20
1740021482505 0.0493528118660765 21
1740022827630 0.048821070240886194 22
1740024171316 0.04860648819195296 23
1740025523871 0.048405286971493426 24
1740026874989 0.04822165391045381 25
1740028228025 0.04791665154330089 26
1740029565556 0.04779971208108677 27
1740030896378 0.04763636030483362 28
1740032248708 0.04739293568518616 29
1740033601259 0.047132113792203126 30
1740034953424 0.04713067861607817 31
1740036305175 0.04696656018701831 32
1740037657517 0.046740591857346074 33
1740038998076 0.04690095940754033 34
1740040348691 0.046639433686907476 35
1740041697422 0.046545641549277164 36
1740043047512 0.0463461836919133 37
1740044402574 0.04636675259454051 38
1740045756523 0.04624023804466743 39
1740047093334 0.04607011372875855 40
1740048439099 0.046107234449606564 41
1740049785676 0.04599584667840168 42
1740051134220 0.045912193283539966 43
1740052487585 0.04575014820448377 44
1740053839928 0.04576907981579277 45
1740055184390 0.04564786578462349 46
1740056510292 0.04561566006436738 47
1740057862878 0.045635194765759675 48
1740059214851 0.04559402802776627 49
1740060555166 0.04539067272508761 50
1740061896437 0.0453844493245175 51
