1739963805582 0.3444444537162781 0
1739963809483 0.14444445073604584 1
1739963813454 0.0972222238779068 2
1739963817386 0.2916666865348816 3
1739963821323 0.0 4
1739963825194 0.1527777761220932 5
1739963829106 0.21388889849185944 6
1739963832955 0.14722222089767456 7
1739963836806 0.20277778804302216 8
1739963840633 0.16944444179534912 9
1739963844502 0.13055555522441864 10
1739963848393 0.06666667014360428 11
1739963852265 0.04444444552063942 12
1739963856139 0.07222222536802292 13
1739963860105 0.14444445073604584 14
1739963864053 0.21944445371627808 15
1739963867971 0.20000000298023224 16
1739963871873 0.3055555522441864 17
1739963875756 0.236111119389534 18
1739963879601 0.4583333432674408 19
1739963883429 0.17777778208255768 20
1739963887254 0.22500000894069672 21
1739963891113 0.24722222983837128 22
1739963894947 0.49722224473953247 23
1739963898794 0.4583333432674408 24
1739963902615 0.4694444537162781 25
1739963906440 0.42500001192092896 26
1739963910251 0.03333333507180214 27
1739963914063 0.4055555760860443 28
1739963917929 0.236111119389534 29
1739963921781 0.14722222089767456 30
1739963925691 0.3194444477558136 31
1739963929542 0.38333335518836975 32
1739963933381 0.21944445371627808 33
1739963937233 0.14444445073604584 34
1739963941067 0.36666667461395264 35
1739963944950 0.4888888895511627 36
1739963948830 0.16388888657093048 37
1739963952690 0.0833333358168602 38
1739963956577 0.42777779698371887 39
1739963960446 0.47777777910232544 40
1739963964298 0.15555556118488312 41
1739963968164 0.3861111104488373 42
1739963972005 0.4333333373069763 43
1739963975899 0.32777777314186096 44
1739963979729 0.08888889104127884 45
1739963983555 0.4694444537162781 46
1739963987397 0.2527777850627899 47
1739963991210 0.4888888895511627 48
1739963995031 0.12777778506278992 49
1739963998857 0.16944444179534912 50
1739964002671 0.18611112236976624 51
1739964006481 0.11666666716337204 52
1739964010295 0.14722222089767456 53
1739964014103 0.14166666567325592 54
1739964017915 0.125 55
1739964021723 0.09166666865348816 56
1739964025530 0.10277777910232544 57
1739964029340 0.2750000059604645 58
1739964033154 0.11944444477558136 59
1739964036979 0.21111111342906952 60
1739964040828 0.2805555760860443 61
1739964044737 0.15000000596046448 62
1739964048595 0.10277777910232544 63
1739964052440 0.06666667014360428 64
1739964056283 0.0 65
1739964060130 0.2083333432674408 66
1739964063980 0.3055555522441864 67
1739964067870 0.12777778506278992 68
1739964071771 0.0 69
1739964075633 0.0 70
1739964079471 0.02222222276031971 71
1739964083321 0.07777778059244156 72
1739964087181 0.26944446563720703 73
1739964091046 0.011111111380159855 74
1739964094892 0.23888888955116272 75
1739964098785 0.23888888955116272 76
1739964102679 0.0 77
1739964106548 0.18888889253139496 78
1739964110392 0.13333334028720856 79
1739964114234 0.32777777314186096 80
1739964118085 0.05000000074505806 81
1739964121939 0.28333333134651184 82
1739964125823 0.08611111342906952 83
1739964129753 0.35555556416511536 84
1739964133574 0.36666667461395264 85
1739964137451 0.17499999701976776 86
1739964141276 0.5 87
1739964145185 0.2638888955116272 88
1739964149064 0.13055555522441864 89
1739964152961 0.5 90
1739964156845 0.10277777910232544 91
1739964160912 0.2750000059604645 92
1739964164797 0.5 93
1739964168671 0.43611112236976624 94
1739964172560 0.2666666805744171 95
1739964176433 0.16944444179534912 96
1739964180301 0.23333333432674408 97
1739964184197 0.5 98
1739964188027 0.4750000238418579 99
