1739963805582 0.18888889253139496 0
1739963809483 0.32500001788139343 1
1739963813454 0.39444446563720703 2
1739963817386 0.20000000298023224 3
1739963821323 0.4888888895511627 4
1739963825194 0.32500001788139343 5
1739963829106 0.24722222983837128 6
1739963832955 0.37222224473953247 7
1739963836806 0.3305555582046509 8
1739963840633 0.32500001788139343 9
1739963844502 0.347222238779068 10
1739963848393 0.4305555522441864 11
1739963852265 0.42777779698371887 12
1739963856139 0.4000000059604645 13
1739963860105 0.31111112236976624 14
1739963864053 0.2750000059604645 15
1739963867971 0.2805555760860443 16
1739963871873 0.15555556118488312 17
1739963875756 0.25555557012557983 18
1739963879601 0.04722222313284874 19
1739963883429 0.30277779698371887 20
1739963887254 0.2666666805744171 21
1739963891113 0.236111119389534 22
1739963894947 0.0 23
1739963898794 0.02500000037252903 24
1739963902615 0.01666666753590107 25
1739963906440 0.08055555820465088 26
1739963910251 0.472222238779068 27
1739963914063 0.07222222536802292 28
1739963917929 0.236111119389534 29
1739963921781 0.3638888895511627 30
1739963925691 0.13611111044883728 31
1739963929542 0.08888889104127884 32
1739963933381 0.24722222983837128 33
1739963937233 0.35555556416511536 34
1739963941067 0.15555556118488312 35
1739963944950 0.013888888992369175 36
1739963948830 0.30277779698371887 37
1739963952690 0.41111111640930176 38
1739963956577 0.1111111119389534 39
1739963960446 0.03333333507180214 40
1739963964298 0.3361111283302307 41
1739963968164 0.08055555820465088 42
1739963972005 0.08055555820465088 43
1739963975899 0.13611111044883728 44
1739963979729 0.4138889014720917 45
1739963983555 0.04444444552063942 46
1739963987397 0.26944446563720703 47
1739963991210 0.01666666753590107 48
1739963995031 0.3583333492279053 49
1739963998857 0.3333333432674408 50
1739964002671 0.3194444477558136 51
1739964006481 0.3361111283302307 52
1739964010295 0.3194444477558136 53
1739964014103 0.37222224473953247 54
1739964017915 0.35277777910232544 55
1739964021723 0.38055557012557983 56
1739964025530 0.3583333492279053 57
1739964029340 0.18888889253139496 58
1739964033154 0.3444444537162781 59
1739964036979 0.26944446563720703 60
1739964040828 0.22500000894069672 61
1739964044737 0.32500001788139343 62
1739964048595 0.35555556416511536 63
1739964052440 0.4166666865348816 64
1739964056283 0.49722224473953247 65
1739964060130 0.2805555760860443 66
1739964063980 0.21944445371627808 67
1739964067870 0.3611111342906952 68
1739964071771 0.5 69
1739964075633 0.5 70
1739964079471 0.47777777910232544 71
1739964083321 0.41111111640930176 72
1739964087181 0.18888889253139496 73
1739964091046 0.46666666865348816 74
1739964094892 0.2527777850627899 75
1739964098785 0.24444444477558136 76
1739964102679 0.5 77
1739964106548 0.3222222328186035 78
1739964110392 0.38333335518836975 79
1739964114234 0.15000000596046448 80
1739964118085 0.4194444417953491 81
1739964121939 0.1944444477558136 82
1739964125823 0.4000000059604645 83
1739964129753 0.0972222238779068 84
1739964133574 0.12222222238779068 85
1739964137451 0.3361111283302307 86
1739964141276 0.0 87
1739964145185 0.22777777910232544 88
1739964149064 0.375 89
1739964152961 0.0 90
1739964156845 0.3916666805744171 91
1739964160912 0.24166667461395264 92
1739964164797 0.0 93
1739964168671 0.08055555820465088 94
1739964172560 0.21666666865348816 95
1739964176433 0.3083333373069763 96
1739964180301 0.23888888955116272 97
1739964184197 0.0 98
1739964188027 0.011111111380159855 99
