1739986853848 0.4152986705303192 0
1739986854945 0.6652853488922119 1
1739986856036 0.8413050770759583 2
1739986857126 0.8216617703437805 3
1739986858218 0.798707127571106 4
1739986859308 0.9134777188301086 5
1739986860390 0.9308308362960815 6
1739986861468 0.8576595783233643 7
1739986862559 0.8106032609939575 8
1739986863648 0.9740318059921265 9
1739986864736 0.584023118019104 10
1739986865827 0.7012255787849426 11
1739986866916 0.24355651438236237 12
1739986868005 0.6430838108062744 13
1739986869090 0.11449076235294342 14
1739986870176 0.1433154046535492 15
1739986871266 0.7839816212654114 16
1739986872351 0.9005039930343628 17
1739986873440 0.8960213661193848 18
1739986874533 0.8741776943206787 19
1739986875622 0.9040148854255676 20
1739986876714 0.9127284288406372 21
1739986877804 0.9152503609657288 22
1739986878893 0.9057499170303345 23
1739986879989 0.9049115180969238 24
1739986881083 0.9148390293121338 25
1739986882175 0.7142377495765686 26
1739986883271 0.7203806638717651 27
1739986884363 0.23841384053230286 28
1739986885457 0.7563220262527466 29
1739986886545 0.21979877352714539 30
1739986887640 0.2281765639781952 31
1739986888747 0.22581376135349274 32
1739986889838 0.21811680495738983 33
1739986890932 0.2244797945022583 34
1739986892028 0.22739939391613007 35
1739986893127 0.22388143837451935 36
1739986894222 0.21923744678497314 37
1739986895313 0.21873119473457336 38
1739986896402 0.2193276435136795 39
1739986897497 0.22494615614414215 40
1739986898589 0.22076068818569183 41
1739986899676 0.22666950523853302 42
1739986900769 0.2162446677684784 43
1739986901859 0.21574600040912628 44
1739986902949 0.21598726511001587 45
1739986904037 0.23548153042793274 46
1739986905125 0.21101559698581696 47
1739986906215 0.2184952348470688 48
1739986907303 0.22895605862140656 49
1739986908397 0.22404725849628448 50
1739986909487 0.21671658754348755 51
1739986910583 0.21274127066135406 52
1739986911672 0.20486335456371307 53
1739986912761 0.21264424920082092 54
1739986913858 0.1980227828025818 55
1739986914954 0.20760630071163177 56
1739986916047 0.22844432294368744 57
1739986917143 0.2198554277420044 58
1739986918237 0.2152736932039261 59
1739986919329 0.21831773221492767 60
1739986920418 0.2171369343996048 61
1739986921512 0.21684320271015167 62
1739986922605 0.2520967125892639 63
1739986923696 0.18802210688591003 64
1739986924788 0.19638749957084656 65
1739986925879 0.18884703516960144 66
1739986926966 0.3504299819469452 67
1739986928061 0.3347553312778473 68
1739986929155 0.17769619822502136 69
1739986930245 0.17838381230831146 70
1739986931338 0.23935829102993011 71
1739986932430 0.17505811154842377 72
1739986933519 0.42002037167549133 73
1739986934614 0.17611390352249146 74
1739986935704 0.1751788854598999 75
1739986936796 0.251836359500885 76
1739986937888 0.17549137771129608 77
1739986938985 0.28235867619514465 78
1739986940084 0.18395757675170898 79
1739986941180 0.17379580438137054 80
1739986942272 0.5260729789733887 81
1739986943370 0.1772422194480896 82
1739986944466 0.17733247578144073 83
1739986945563 0.1921624094247818 84
1739986946657 0.18816784024238586 85
1739986947750 0.18109683692455292 86
1739986948849 0.6060987710952759 87
1739986949939 0.2548212707042694 88
1739986951033 0.27808788418769836 89
1739986952131 0.23639889061450958 90
1739986953227 0.3943958878517151 91
1739986954321 0.1873946636915207 92
1739986955411 0.18179357051849365 93
1739986956506 0.18406032025814056 94
1739986957597 0.18864701688289642 95
1739986958693 0.17607606947422028 96
1739986959781 0.4383900463581085 97
1739986960870 0.18038253486156464 98
1739986961964 0.17955298721790314 99
