1739986853848 0.5950131416320801 0
1739986854945 0.4632181227207184 1
1739986856036 0.4770186245441437 2
1739986857126 0.5120693445205688 3
1739986858218 0.5793337225914001 4
1739986859308 0.5673560500144958 5
1739986860390 0.5812079310417175 6
1739986861468 0.5878410339355469 7
1739986862559 0.5970349907875061 8
1739986863648 0.32436567544937134 9
1739986864736 0.6684925556182861 10
1739986865827 0.37942007184028625 11
1739986866916 0.7794527411460876 12
1739986868005 0.38161593675613403 13
1739986869090 0.9370423555374146 14
1739986870176 0.9250197410583496 15
1739986871266 0.6041378974914551 16
1739986872351 0.5390118360519409 17
1739986873440 0.5383309721946716 18
1739986874533 0.554183304309845 19
1739986875622 0.5309172868728638 20
1739986876714 0.5327068567276001 21
1739986877804 0.5353620648384094 22
1739986878893 0.5348197817802429 23
1739986879989 0.5346053242683411 24
1739986881083 0.5350005030632019 25
1739986882175 0.6211790442466736 26
1739986883271 0.34868142008781433 27
1739986884363 0.8414645791053772 28
1739986885457 0.26584574580192566 29
1739986886545 0.8492617011070251 30
1739986887640 0.8507952690124512 31
1739986888747 0.8476868867874146 32
1739986889838 0.8541134595870972 33
1739986890932 0.8558998703956604 34
1739986892028 0.8489115238189697 35
1739986893127 0.8564954400062561 36
1739986894222 0.8471731543540955 37
1739986895313 0.8481860756874084 38
1739986896402 0.8545048236846924 39
1739986897497 0.8497112989425659 40
1739986898589 0.8546535968780518 41
1739986899676 0.8392238020896912 42
1739986900769 0.8532494902610779 43
1739986901859 0.8416930437088013 44
1739986902949 0.8584040403366089 45
1739986904037 0.8397901058197021 46
1739986905125 0.8667328357696533 47
1739986906215 0.8526282906532288 48
1739986907303 0.8435589075088501 49
1739986908397 0.8576710224151611 50
1739986909487 0.8571798801422119 51
1739986910583 0.8730853199958801 52
1739986911672 0.8709743618965149 53
1739986912761 0.8752076625823975 54
1739986913858 0.8707373738288879 55
1739986914954 0.8609662055969238 56
1739986916047 0.8549966216087341 57
1739986917143 0.8554003834724426 58
1739986918237 0.8463441133499146 59
1739986919329 0.8505111336708069 60
1739986920418 0.853264570236206 61
1739986921512 0.8533892631530762 62
1739986922605 0.8102638125419617 63
1739986923696 0.8760280013084412 64
1739986924788 0.8734240531921387 65
1739986925879 0.8736572861671448 66
1739986926966 0.7374066710472107 67
1739986928061 0.7308756113052368 68
1739986929155 0.8839236497879028 69
1739986930245 0.8799130916595459 70
1739986931338 0.7996129989624023 71
1739986932430 0.8831566572189331 72
1739986933519 0.6538493037223816 73
1739986934614 0.8836981058120728 74
1739986935704 0.8876856565475464 75
1739986936796 0.8174582719802856 76
1739986937888 0.885206401348114 77
1739986938985 0.7729415893554688 78
1739986940084 0.8867803812026978 79
1739986941180 0.8904250264167786 80
1739986942272 0.5450746417045593 81
1739986943370 0.89243084192276 82
1739986944466 0.8897885084152222 83
1739986945563 0.875565767288208 84
1739986946657 0.8855252861976624 85
1739986947750 0.8834258317947388 86
1739986948849 0.4155176877975464 87
1739986949939 0.803866982460022 88
1739986951033 0.795503556728363 89
1739986952131 0.8284322023391724 90
1739986953227 0.6829975843429565 91
1739986954321 0.8844961524009705 92
1739986955411 0.8935400247573853 93
1739986956506 0.8759928941726685 94
1739986957597 0.8891229033470154 95
1739986958693 0.8903771042823792 96
1739986959781 0.5970893502235413 97
1739986960870 0.8908042311668396 98
1739986961964 0.8908512592315674 99
