1739982846183 0.2712177038192749 0
1739982863715 0.1445264369249344 1
1739982881069 0.16482163965702057 2
1739982898762 0.07995079457759857 3
1739982916412 0.2177121788263321 4
1739982933948 0.1439114362001419 5
1739982951374 0.3536285161972046 6
1739982968789 0.10270602256059647 7
1739982986591 0.212177112698555 8
1739983004299 0.2066420614719391 9
1739983022226 0.19065190851688385 10
1739983040024 0.20787207782268524 11
1739983057837 0.12669126689434052 12
1739983075594 0.09348092973232269 13
1739983093245 0.30381304025650024 14
1739983110815 0.084870845079422 15
1739983128609 0.37084871530532837 16
1739983146473 0.30381304025650024 17
1739983164381 0.19126690924167633 18
1739983182323 0.36900368332862854 19
1739983200325 0.3105781078338623 20
1739983218148 0.3308733105659485 21
1739983235938 0.36900368332862854 22
1739983254078 0.1752767562866211 23
1739983272265 0.14760147035121918 24
1739983290024 0.26998770236968994 25
1739983307545 0.2718327045440674 26
1739983324960 0.41635915637016296 27
1739983342592 0.09348092973232269 28
1739983360285 0.2035670280456543 29
1739983377995 0.11931119114160538 30
1739983395801 0.2521525025367737 31
1739983413642 0.11992619931697845 32
1739983431441 0.030135300010442734 33
1739983448896 0.2091020941734314 34
1739983466003 0.3277982771396637 35
1739983483109 0.14083640277385712 36
1739983500255 0.1635916382074356 37
1739983518047 0.15067650377750397 38
1739983535950 0.11623615771532059 39
1739983554129 0.29520294070243835 40
1739983571891 0.12792128324508667 41
1739983589306 0.3733087182044983 42
1739983606821 0.3437884449958801 43
1739983624289 0.15744157135486603 44
1739983642278 0.38007378578186035 45
1739983660497 0.29212790727615356 46
1739983678590 0.22693726420402527 47
1739983696568 0.2564575672149658 48
1739983714257 0.09471094608306885 49
1739983731631 0.27798277139663696 50
1739983749137 0.1642066389322281 51
1739983766642 0.2964329719543457 52
1739983784150 0.169741690158844 53
1739983801709 0.26137760281562805 54
1739983819256 0.3419434130191803 55
1739983837381 0.22386223077774048 56
1739983855467 0.22693726420402527 57
1739983872587 0.31795817613601685 58
1739983890174 0.25522753596305847 59
1739983908032 0.24415743350982666 60
1739983925947 0.25891757011413574 61
1739983944107 0.24354243278503418 62
1739983962396 0.2773677706718445 63
1739983980517 0.32349324226379395 64
1739983998400 0.20787207782268524 65
1739984016349 0.1555965542793274 66
1739984034343 0.2970479726791382 67
1739984052301 0.415129154920578 68
1739984070584 0.1752767562866211 69
1739984088564 0.2373923659324646 70
1739984106698 0.3247232437133789 71
1739984124542 0.3198031783103943 72
1739984142448 0.3960639536380768 73
1739984160453 0.3087330758571625 74
1739984178725 0.2576875686645508 75
1739984196903 0.3425584137439728 76
1739984215065 0.29827797412872314 77
1739984233240 0.3357933461666107 78
1739984251403 0.284747838973999 79
1739984269581 0.26383763551712036 80
1739984287819 0.30688807368278503 81
1739984305887 0.1611316055059433 82
1739984324113 0.17712177336215973 83
1739984342180 0.29212790727615356 84
1739984360339 0.31734317541122437 85
1739984378349 0.1156211569905281 86
1739984396043 0.26691266894340515 87
1739984413932 0.04120540991425514 88
1739984431796 0.254612535238266 89
1739984449356 0.11808118224143982 90
1739984466796 0.3044280409812927 91
1739984484890 0.18819187581539154 92
1739984503151 0.15867158770561218 93
1739984521342 0.13899138569831848 94
1739984539423 0.3198031783103943 95
1739984557621 0.16236162185668945 96
1739984575841 0.2945879399776459 97
1739984593679 0.08979089558124542 98
1739984611566 0.2742927372455597 99
