1739982846183 0.23554734885692596 0
1739982863715 0.34624844789505005 1
1739982881069 0.34686344861984253 2
1739982898762 0.4132841229438782 3
1739982916412 0.2853628396987915 4
1739982933948 0.35731858015060425 5
1739982951374 0.17466174066066742 6
1739982968789 0.3868388533592224 7
1739982986591 0.2964329719543457 8
1739983004299 0.2970479726791382 9
1739983022226 0.3056580424308777 10
1739983040024 0.2822878062725067 11
1739983057837 0.3788437843322754 12
1739983075594 0.4188191890716553 13
1739983093245 0.19926199316978455 14
1739983110815 0.41143912076950073 15
1739983128609 0.138376384973526 16
1739983146473 0.20110701024532318 17
1739983164381 0.3222632110118866 18
1739983182323 0.12607625126838684 19
1739983200325 0.17896679043769836 20
1739983218148 0.17097170650959015 21
1739983235938 0.13161131739616394 22
1739983254078 0.32964327931404114 23
1739983272265 0.34870848059654236 24
1739983290024 0.22140221297740936 25
1739983307545 0.2207871973514557 26
1739983324960 0.08118081092834473 27
1739983342592 0.40036898851394653 28
1739983360285 0.2945879399776459 29
1739983377995 0.3843788504600525 30
1739983395801 0.2484624832868576 31
1739983413642 0.3782287836074829 32
1739983431441 0.46740466356277466 33
1739983448896 0.284747838973999 34
1739983466003 0.17035670578479767 35
1739983483109 0.3640836477279663 36
1739983500255 0.33456334471702576 37
1739983518047 0.3357933461666107 38
1739983535950 0.3788437843322754 39
1739983554129 0.212177112698555 40
1739983571891 0.37146371603012085 41
1739983589306 0.12115620821714401 42
1739983606821 0.15744157135486603 43
1739983624289 0.3437884449958801 44
1739983642278 0.1100860983133316 45
1739983660497 0.21525214612483978 46
1739983678590 0.28659287095069885 47
1739983696568 0.2404673993587494 48
1739983714257 0.4102090895175934 49
1739983731631 0.21709716320037842 50
1739983749137 0.3388683795928955 51
1739983766642 0.212177112698555 52
1739983784150 0.32902827858924866 53
1739983801709 0.23923738300800323 54
1739983819256 0.16174662113189697 55
1739983837381 0.2718327045440674 56
1739983855467 0.2749077379703522 57
1739983872587 0.19065190851688385 58
1739983890174 0.23370233178138733 59
1739983908032 0.24108240008354187 60
1739983925947 0.24231241643428802 61
1739983944107 0.25030750036239624 62
1739983962396 0.23800738155841827 63
1739983980517 0.16851168870925903 64
1739983998400 0.2804428040981293 65
1739984016349 0.36039358377456665 66
1739984034343 0.21894218027591705 67
1739984052301 0.10147601366043091 68
1739984070584 0.316113144159317 69
1739984088564 0.2681426703929901 70
1739984106698 0.17896679043769836 71
1739984124542 0.18880689144134521 72
1739984142448 0.10824108123779297 73
1739984160453 0.19557195901870728 74
1739984178725 0.23554734885692596 75
1739984196903 0.15682657063007355 76
1739984215065 0.19372692704200745 77
1739984233240 0.16297662258148193 78
1739984251403 0.22263222932815552 79
1739984269581 0.23554734885692596 80
1739984287819 0.20971709489822388 81
1739984305887 0.3228782117366791 82
1739984324113 0.3111931085586548 83
1739984342180 0.19680196046829224 84
1739984360339 0.1642066389322281 85
1739984378349 0.38314881920814514 86
1739984396043 0.2257072478532791 87
1739984413932 0.4655596613883972 88
1739984431796 0.23062729835510254 89
1739984449356 0.39729395508766174 90
1739984466796 0.2207871973514557 91
1739984484890 0.3271832764148712 92
1739984503151 0.338253378868103 93
1739984521342 0.3646986484527588 94
1739984539423 0.19003689289093018 95
1739984557621 0.33763837814331055 96
1739984575841 0.21033209562301636 97
1739984593679 0.4077490568161011 98
1739984611566 0.23616236448287964 99
