1739990085396 0.6937574148178101 0
1739990087113 0.6710202235441941 1
1739990088833 0.644889982847067 2
1739990090544 0.6068361951754644 3
1739990092243 0.5630941574390118 4
1739990093946 0.5002283041293805 5
1739990095657 0.44932758578887355 6
1739990097365 0.39363900973246646 7
1739990099078 0.35140787867399365 8
1739990100773 0.314257318010697 9
1739990102483 0.2906750291585922 10
1739990104198 0.27778119765795195 11
1739990105913 0.2459959490941121 12
1739990107621 0.22276668365185076 13
1739990109328 0.20778860954137948 14
1739990111038 0.1925386774998445 15
1739990112749 0.18265714782934922 16
1739990114459 0.16812530446511048 17
1739990116166 0.16404903794710451 18
1739990117876 0.15611479947200188 19
1739990119577 0.14194350976210374 20
1739990121291 0.13604764468394792 21
1739990123002 0.12550442952376145 22
1739990124709 0.1152678315456097 23
1739990126415 0.106440197962981 24
1739990128125 0.09935411495658067 25
1739990129830 0.10726511478424072 26
1739990131545 0.09222293186646241 27
1739990133254 0.07694481055323894 28
1739990134961 0.08098869183315681 29
1739990136667 0.07020666306981674 30
1739990138375 0.08123077022341582 31
1739990140081 0.06692972535697314 32
1739990141789 0.07119530124159959 33
1739990143496 0.0539873859916742 34
1739990145204 0.05613671744672152 35
1739990146912 0.06483146404990783 36
1739990148620 0.05130010785964819 37
1739990150331 0.05177691192007982 38
1739990152037 0.047432118167097755 39
1739990153752 0.043397937184916094 40
1739990155454 0.05338035824780281 41
1739990157167 0.04691472663902319 42
1739990158879 0.04499186496608532 43
1739990160582 0.038852748389427476 44
1739990162292 0.03957283941025917 45
1739990164002 0.03437076838543782 46
1739990165712 0.03321562535487688 47
1739990167429 0.030351001411103286 48
1739990169140 0.03900989030416195 49
1739990170846 0.03120079242552702 50
1739990172549 0.022629372847194854 51
1739990174257 0.03943307210619633 52
1739990175964 0.03191335585254889 53
1739990177677 0.035538212539484866 54
1739990179388 0.028852255835842628 55
1739990181097 0.02515196965004389 56
1739990182807 0.020346271089063242 57
1739990184523 0.027657149717784844 58
1739990186237 0.02046750930066292 59
1739990187950 0.02448268188163638 60
1739990189659 0.020144106569485024 61
1739990191371 0.02621990521080219 62
1739990193088 0.021960995016762845 63
1739990194806 0.014719224714029294 64
1739990196516 0.03144830345319441 65
1739990198222 0.018069126428319857 66
1739990199928 0.019215329030815225 67
1739990201635 0.026406483653073128 68
1739990203345 0.016595333957901366 69
1739990205051 0.017048115931594603 70
1739990206752 0.012392386614989776 71
1739990208456 0.019163447396399882 72
1739990210156 0.02165753200936776 73
1739990211865 0.02021637960122182 74
1739990213580 0.014493863098323345 75
1739990215287 0.02062785870825442 76
1739990216992 0.01721867507037062 77
1739990218700 0.016484006236378964 78
1739990220410 0.019849718602087636 79
1739990222118 0.013706865845821224 80
1739990223827 0.011620159153468333 81
1739990225525 0.016779690246599224 82
1739990227227 0.020662081356231984 83
1739990228939 0.014384038638896667 84
1739990230641 0.012147169309453322 85
1739990232349 0.013615458755968856 86
1739990234051 0.014810423312995296 87
1739990235754 0.0173092616829448 88
1739990237462 0.013196519432732692 89
1739990239165 0.012602995096061092 90
1739990240876 0.012975514938051883 91
1739990242580 0.009405287806517802 92
1739990244274 0.02506130117063339 93
1739990245984 0.01725571256918976 94
1739990247687 0.012055696919560432 95
1739990249393 0.016363442284413256 96
1739990251100 0.014481195857605109 97
1739990252794 0.011821606196463108 98
1739990254505 0.008115924823169526 99
