1739963805582 0.3944444954395294 0
1739963809483 0.16851851344108582 1
1739963813454 0.1111111119389534 2
1739963817386 0.337037056684494 3
1739963821323 0.0 4
1739963825194 0.1814814656972885 5
1739963829106 0.25 6
1739963832955 0.16851851344108582 7
1739963836806 0.23148149251937866 8
1739963840633 0.20000000298023224 9
1739963844502 0.1518518477678299 10
1739963848393 0.07222222536802292 11
1739963852265 0.053703706711530685 12
1739963856139 0.08888889104127884 13
1739963860105 0.1666666716337204 14
1739963864053 0.25925928354263306 15
1739963867971 0.23333333432674408 16
1739963871873 0.35555556416511536 17
1739963875756 0.28518521785736084 18
1739963879601 0.5333333015441895 19
1739963883429 0.20370370149612427 20
1739963887254 0.2648148238658905 21
1739963891113 0.2907407581806183 22
1739963894947 0.5814814567565918 23
1739963898794 0.5351851582527161 24
1739963902615 0.5518518090248108 25
1739963906440 0.4962962865829468 26
1739963910251 0.03518518805503845 27
1739963914063 0.45370370149612427 28
1739963917929 0.27407410740852356 29
1739963921781 0.17037035524845123 30
1739963925691 0.37962964177131653 31
1739963929542 0.45185184478759766 32
1739963933381 0.24814818799495697 33
1739963937233 0.17407406866550446 34
1739963941067 0.4074074327945709 35
1739963944950 0.5629628896713257 36
1739963948830 0.1925925761461258 37
1739963952690 0.09259260445833206 38
1739963956577 0.4870370030403137 39
1739963960446 0.5555554628372192 40
1739963964298 0.1814814954996109 41
1739963968164 0.4555555582046509 42
1739963972005 0.5037036538124084 43
1739963975899 0.38518524169921875 44
1739963979729 0.10000000149011612 45
1739963983555 0.5555554628372192 46
1739963987397 0.2925926148891449 47
1739963991210 0.5777776837348938 48
1739963995031 0.14629629254341125 49
1739963998857 0.20370371639728546 50
1739964002671 0.21851851046085358 51
1739964006481 0.13518518209457397 52
1739964010295 0.17592591047286987 53
1739964014103 0.15740741789340973 54
1739964017915 0.15000000596046448 55
1739964021723 0.10000000149011612 56
1739964025530 0.1259259134531021 57
1739964029340 0.3111111521720886 58
1739964033154 0.1388888955116272 59
1739964036979 0.24629631638526917 60
1739964040828 0.3203704059123993 61
1739964044737 0.17777776718139648 62
1739964048595 0.11296296119689941 63
1739964052440 0.07962963730096817 64
1739964056283 0.0 65
1739964060130 0.24259260296821594 66
1739964063980 0.3462963402271271 67
1739964067870 0.14999999105930328 68
1739964071771 0.0 69
1739964075633 0.0 70
1739964079471 0.025925928726792336 71
1739964083321 0.09074074774980545 72
1739964087181 0.31481486558914185 73
1739964091046 0.014814815483987331 74
1739964094892 0.2777777910232544 75
1739964098785 0.27592596411705017 76
1739964102679 0.0 77
1739964106548 0.21851851046085358 78
1739964110392 0.16111111640930176 79
1739964114234 0.3907407522201538 80
1739964118085 0.0555555559694767 81
1739964121939 0.3333333730697632 82
1739964125823 0.10000000149011612 83
1739964129753 0.41481485962867737 84
1739964133574 0.4314814805984497 85
1739964137451 0.20185184478759766 86
1739964141276 0.5962962508201599 87
1739964145185 0.31481486558914185 88
1739964149064 0.1518518477678299 89
1739964152961 0.5833331942558289 90
1739964156845 0.12222222238779068 91
1739964160912 0.3185185492038727 92
1739964164797 0.5777777433395386 93
1739964168671 0.5 94
1739964172560 0.3074074387550354 95
1739964176433 0.19814813137054443 96
1739964180301 0.27407410740852356 97
1739964184197 0.5703702569007874 98
1739964188027 0.5574073791503906 99
