1739963805582 0.2222222238779068 0
1739963809483 0.3759259283542633 1
1739963813454 0.45370370149612427 2
1739963817386 0.2351851910352707 3
1739963821323 0.5685184597969055 4
1739963825194 0.3777777850627899 5
1739963829106 0.2925926148891449 6
1739963832955 0.4388888478279114 7
1739963836806 0.3777777850627899 8
1739963840633 0.3777777850627899 9
1739963844502 0.4000000059604645 10
1739963848393 0.5074073672294617 11
1739963852265 0.5018518567085266 12
1739963856139 0.46296295523643494 13
1739963860105 0.35555556416511536 14
1739963864053 0.31481483578681946 15
1739963867971 0.3314814865589142 16
1739963871873 0.1814814656972885 17
1739963875756 0.2944444715976715 18
1739963879601 0.059259261935949326 19
1739963883429 0.3500000238418579 20
1739963887254 0.3055556118488312 21
1739963891113 0.27407410740852356 22
1739963894947 0.0 23
1739963898794 0.02777777798473835 24
1739963902615 0.018518520519137383 25
1739963906440 0.09629630297422409 26
1739963910251 0.5425925254821777 27
1739963914063 0.08518519252538681 28
1739963917929 0.2796296775341034 29
1739963921781 0.4166666865348816 30
1739963925691 0.1537037044763565 31
1739963929542 0.10555555671453476 32
1739963933381 0.28518521785736084 33
1739963937233 0.41111111640930176 34
1739963941067 0.1666666716337204 35
1739963944950 0.012962964363396168 36
1739963948830 0.34629637002944946 37
1739963952690 0.46666666865348816 38
1739963956577 0.12222223728895187 39
1739963960446 0.037037041038274765 40
1739963964298 0.3907407522201538 41
1739963968164 0.09444444626569748 42
1739963972005 0.09259260445833206 43
1739963975899 0.1648148149251938 44
1739963979729 0.47962960600852966 45
1739963983555 0.05000000074505806 46
1739963987397 0.31481486558914185 47
1739963991210 0.020370373502373695 48
1739963995031 0.4185185432434082 49
1739963998857 0.38333338499069214 50
1739964002671 0.37962964177131653 51
1739964006481 0.3925926387310028 52
1739964010295 0.3759259581565857 53
1739964014103 0.4333333373069763 54
1739964017915 0.4185185134410858 55
1739964021723 0.4407407343387604 56
1739964025530 0.41296297311782837 57
1739964029340 0.21666666865348816 58
1739964033154 0.4055555760860443 59
1739964036979 0.31481486558914185 60
1739964040828 0.25740742683410645 61
1739964044737 0.37962961196899414 62
1739964048595 0.41296297311782837 63
1739964052440 0.4870370030403137 64
1739964056283 0.581481397151947 65
1739964060130 0.31481483578681946 66
1739964063980 0.25740742683410645 67
1739964067870 0.42407411336898804 68
1739964071771 0.5870369672775269 69
1739964075633 0.5870369672775269 70
1739964079471 0.555555522441864 71
1739964083321 0.4851851761341095 72
1739964087181 0.22592593729496002 73
1739964091046 0.5518518090248108 74
1739964094892 0.2925926148891449 75
1739964098785 0.28333333134651184 76
1739964102679 0.5777776837348938 77
1739964106548 0.37407413125038147 78
1739964110392 0.4444444477558136 79
1739964114234 0.1796296238899231 80
1739964118085 0.4944444000720978 81
1739964121939 0.22777777910232544 82
1739964125823 0.46296295523643494 83
1739964129753 0.11481481045484543 84
1739964133574 0.14629629254341125 85
1739964137451 0.38333335518836975 86
1739964141276 0.0 87
1739964145185 0.27407410740852356 88
1739964149064 0.43518516421318054 89
1739964152961 0.0 90
1739964156845 0.4592592418193817 91
1739964160912 0.2777777910232544 92
1739964164797 0.0 93
1739964168671 0.09629630297422409 94
1739964172560 0.2518518567085266 95
1739964176433 0.35925930738449097 96
1739964180301 0.2814815044403076 97
1739964184197 0.0 98
1739964188027 0.012962964363396168 99
