1739991419607 0.6881162799321688 0
1739991421767 0.649394881266814 1
1739991423922 0.589374826504634 2
1739991426088 0.4925814259510774 3
1739991428239 0.4259200978737611 4
1739991430392 0.34827746737461823 5
1739991432539 0.31491141938246214 6
1739991434696 0.27452426231824434 7
1739991436852 0.24158075279914415 8
1739991438996 0.20991225769886604 9
1739991441156 0.20342585501762536 10
1739991443301 0.18952518988114136 11
1739991445450 0.1829035015633473 12
1739991447596 0.16100478114990088 13
1739991449747 0.13808154715941504 14
1739991451891 0.13399517378554895 15
1739991454050 0.13123587891459465 16
1739991456192 0.11405115015804768 17
1739991458342 0.11181153056140129 18
1739991460487 0.09437834070279048 19
1739991462631 0.08785882950402223 20
1739991464781 0.08421533497480246 21
1739991466935 0.08712425605895427 22
1739991469084 0.0722258068764439 23
1739991471239 0.06296112388372421 24
1739991473389 0.07198902477438633 25
1739991475536 0.06050495287546745 26
1739991477685 0.05446313013537572 27
1739991479836 0.05200041662185238 28
1739991481972 0.04811680843480504 29
1739991484134 0.040498242570230596 30
1739991486285 0.04948811422890195 31
1739991488434 0.04578526275089154 32
1739991490586 0.04629685281990813 33
1739991492741 0.028987692203372717 34
1739991494885 0.03799752934047809 35
1739991497033 0.03822594318682185 36
1739991499192 0.03589329059020831 37
1739991501330 0.0365135887852655 38
1739991503477 0.030766834003420975 39
1739991505626 0.029408438507324226 40
1739991507775 0.03159942143023587 41
1739991509919 0.024278063667364992 42
1739991512076 0.023583925758989956 43
1739991514225 0.019483559317170426 44
1739991516373 0.02938292811338145 45
1739991518541 0.016020494907234725 46
1739991520694 0.02260558187173536 47
1739991522834 0.020976084230754238 48
1739991524992 0.01867703697644174 49
1739991527139 0.019992227343699105 50
1739991529293 0.0181678557374443 51
1739991531444 0.019471029124151055 52
1739991533594 0.02599278378049628 53
1739991535738 0.012340824477947675 54
1739991537886 0.02111295924987644 55
1739991540039 0.024531837615471046 56
1739991542185 0.01754007689977208 57
1739991544339 0.01705178467091173 58
1739991546483 0.014023568346881522 59
1739991548631 0.014827924565627025 60
1739991550783 0.010792830658969112 61
1739991552939 0.011917472575218059 62
1739991555080 0.01609952653794048 63
1739991557243 0.014232483298446123 64
1739991559395 0.013430333960478982 65
1739991561541 0.018413182862926848 66
1739991563691 0.02322278024467568 67
1739991565844 0.019621870041681595 68
1739991567987 0.015012123827965787 69
1739991570158 0.011246340640354902 70
1739991572318 0.014974557208076406 71
1739991574457 0.012852285048351265 72
1739991576619 0.015316317986267118 73
1739991578772 0.010486513026989996 74
1739991580921 0.015535600107306471 75
1739991583079 0.007478683869032046 76
1739991585229 0.014345638982306879 77
1739991587368 0.0106220254719329 78
1739991589534 0.010600343068989996 79
1739991591688 0.015756238999669082 80
1739991593837 0.00977896166463884 81
1739991595981 0.011598514554162439 82
1739991598134 0.005345198263127644 83
1739991600284 0.008909553732687177 84
1739991602439 0.00865039089246868 85
1739991604605 0.01514161342325119 86
1739991606746 0.012335777000631563 87
1739991608896 0.017552371938318875 88
1739991611044 0.011092735902191354 89
1739991613185 0.007094912772747473 90
1739991615326 0.007328078182091793 91
1739991617474 0.010022077467650749 92
1739991619623 0.016403374418867037 93
1739991621780 0.00736935078076875 94
1739991623945 0.017285850628888093 95
1739991626087 0.009463279127465704 96
1739991628232 0.011676618695044173 97
1739991630383 0.014303517684591217 98
1739991632526 0.015684207570022687 99
