1739993212456 0.9586150646209717 0
1739994546469 0.9737614989280701 1
1739995894916 0.976617693901062 2
1739997249808 0.9788026809692383 3
1739998605651 0.9801145792007446 4
1739999962106 0.9812157154083252 5
1740001313661 0.9822152853012085 6
1740002659525 0.9826725125312805 7
1740003986391 0.9832721948623657 8
1740005333669 0.9839292168617249 9
1740006686926 0.9839950203895569 10
1740008039998 0.9843124151229858 11
1740009394254 0.9847772717475891 12
1740010746181 0.9850741624832153 13
1740012076010 0.9852306842803955 14
1740013412396 0.9854315519332886 15
1740014764904 0.985655665397644 16
1740016117407 0.9856118559837341 17
1740017471398 0.9857714176177979 18
1740018824215 0.9859318137168884 19
1740020157041 0.9861215353012085 20
1740021482505 0.9860121607780457 21
1740022827630 0.9861791729927063 22
1740024171316 0.9862449169158936 23
1740025523871 0.9862419366836548 24
1740026874989 0.9862197041511536 25
1740028228025 0.9866036772727966 26
1740029565556 0.9863781332969666 27
1740030896378 0.9865677952766418 28
1740032248708 0.9864826798439026 29
1740033601259 0.9866516590118408 30
1740034953424 0.9865853190422058 31
1740036305175 0.9867164492607117 32
1740037657517 0.9867409467697144 33
1740038998076 0.9867965579032898 34
1740040348691 0.9868236184120178 35
1740041697422 0.986599326133728 36
1740043047512 0.9868559837341309 37
1740044402574 0.9867015480995178 38
1740045756523 0.9867876768112183 39
1740047093334 0.9868150949478149 40
