1739993212456 0.9539607167243958 0
1739994546469 0.9662917256355286 1
1739995894916 0.9696410298347473 2
1739997249808 0.9714988470077515 3
1739998605651 0.9729667901992798 4
1739999962106 0.9740778207778931 5
1740001313661 0.974581778049469 6
1740002659525 0.9755580425262451 7
1740003986391 0.975809633731842 8
1740005333669 0.976222038269043 9
1740006686926 0.9767186045646667 10
1740008039998 0.9772469997406006 11
1740009394254 0.9774392247200012 12
1740010746181 0.977611243724823 13
1740012076010 0.9776841998100281 14
1740013412396 0.9779675602912903 15
1740014764904 0.9781800508499146 16
1740016117407 0.9782952666282654 17
1740017471398 0.9783638119697571 18
1740018824215 0.978549063205719 19
1740020157041 0.9786713719367981 20
1740021482505 0.9786150455474854 21
1740022827630 0.9789069294929504 22
1740024171316 0.9787957072257996 23
1740025523871 0.9790422916412354 24
1740026874989 0.979083776473999 25
1740028228025 0.978975772857666 26
1740029565556 0.9789280295372009 27
1740030896378 0.9790486097335815 28
1740032248708 0.9791915416717529 29
1740033601259 0.979232907295227 30
1740034953424 0.9792200326919556 31
1740036305175 0.9792811870574951 32
1740037657517 0.9792879223823547 33
1740038998076 0.9790798425674438 34
1740040348691 0.9794253706932068 35
1740041697422 0.9795360565185547 36
1740043047512 0.9794914126396179 37
1740044402574 0.9794621467590332 38
1740045756523 0.9795608520507812 39
1740047093334 0.9794436693191528 40
1740048439099 0.9794813394546509 41
1740049785676 0.9795571565628052 42
1740051134220 0.9794939160346985 43
1740052487585 0.9796536564826965 44
1740053839928 0.9796652793884277 45
1740055184390 0.979733407497406 46
1740056510292 0.9797033071517944 47
1740057862878 0.9797171950340271 48
1740059214851 0.9797848463058472 49
1740060555166 0.9798791408538818 50
1740061896437 0.9797776937484741 51
1740063245862 0.9798151850700378 52
1740064564473 0.9798114895820618 53
1740065891151 0.9798084497451782 54
1740067239327 0.979767918586731 55
1740068586480 0.9796974062919617 56
1740069928335 0.9797840714454651 57
1740071269599 0.9798842668533325 58
1740072618241 0.9798856973648071 59
1740073932672 0.9797910451889038 60
1740075269053 0.9799292683601379 61
1740076616938 0.9797078967094421 62
1740077960126 0.9798675775527954 63
