1739986457914 1.30776451031367 0
1739986458189 0.697442094484965 1
1739986458453 0.6948375304539999 2
1739986458718 0.6945799390474955 3
1739986458985 0.6987453897794088 4
1739986459250 0.6934713125228882 5
1739986459516 0.6931342283884684 6
1739986459795 0.6950310071309408 7
1739986460064 0.688076118628184 8
1739986460329 0.7046054601669312 9
1739986460595 0.6952077945073446 10
1739986460862 0.6959579785664877 11
1739986461131 0.6951048374176025 12
1739986461397 0.6939578652381897 13
1739986461664 0.6942352652549744 14
1739986461931 0.6949442028999329 15
1739986462196 0.6933292547861735 16
1739986462466 0.6939466198285421 17
1739986462733 0.6941963036855062 18
1739986463003 0.6939901312192281 19
1739986463270 0.6931071877479553 20
1739986463536 0.693509062131246 21
1739986463801 0.693181037902832 22
1739986464065 0.693903644879659 23
1739986464328 0.6938438415527344 24
1739986464593 0.6931936144828796 25
1739986464855 0.6931892037391663 26
1739986465120 0.6939649184544882 27
1739986465386 0.6931869983673096 28
1739986465649 0.6945578654607137 29
1739986465913 0.693789561589559 30
1739986466182 0.6929825941721598 31
1739986466446 0.6932005087534586 32
1739986466717 0.6933155655860901 33
1739986466980 0.693338950475057 34
1739986467245 0.6932184298833212 35
1739986467513 0.6934669017791748 36
1739986467778 0.6939374009768168 37
1739986468044 0.6934168537457784 38
1739986468313 0.6950279672940572 39
1739986468580 0.693636397520701 40
1739986468850 0.6930155158042908 41
1739986469117 0.6936320861180624 42
1739986469382 0.6934098998705546 43
1739986469648 0.6934270262718201 44
1739986469915 0.6933629115422567 45
1739986470182 0.6934394240379333 46
1739986470450 0.6933921178181967 47
1739986470716 0.693527082602183 48
1739986470981 0.6935033003489176 49
1739986471250 0.6932238737742106 50
1739986471518 0.6936803460121155 51
1739986471785 0.6936135689417521 52
1739986472051 0.6935409704844157 53
1739986472315 0.6932855447133383 54
1739986472579 0.6937610904375712 55
1739986472844 0.6935680905977885 56
1739986473112 0.6930410067240397 57
1739986473389 0.6938095291455587 58
1739986473657 0.6932837963104248 59
1739986473919 0.6932280460993449 60
1739986474187 0.6931219895680746 61
1739986474455 0.693691631158193 62
1739986474720 0.6937970717748007 63
1739986474987 0.6936548352241516 64
1739986475255 0.6933851440747579 65
1739986475522 0.6938445766766866 66
1739986475791 0.6933327714602152 67
1739986476059 0.6936743458112081 68
1739986476326 0.6933202743530273 69
1739986476594 0.6932431856791178 70
1739986476861 0.6932986179987589 71
1739986477130 0.6930585900942484 72
1739986477394 0.694044828414917 73
1739986477663 0.693151851495107 74
1739986477931 0.6931161483128866 75
1739986478194 0.6934390465418497 76
1739986478460 0.6931184927622477 77
1739986478729 0.6934287150700887 78
1739986478993 0.6932517886161804 79
1739986479258 0.6952964266141256 80
1739986479522 0.6927104393641154 81
1739986479785 0.6915600498517355 82
1739986480046 0.6814666191736857 83
1739986480308 0.6992964744567871 84
1739986480568 0.6958097418149313 85
1739986480832 0.6955750385920206 86
1739986481098 0.6961398124694824 87
1739986481363 0.6959128181139628 88
1739986481625 0.6931706269582113 89
1739986481891 0.6929953893025717 90
1739986482160 0.6938051780064901 91
1739986482426 0.6943546136220297 92
1739986482689 0.6932368079821268 93
1739986482954 0.6930613319079081 94
1739986483220 0.6942840417226156 95
1739986483489 0.6933159033457438 96
1739986483751 0.6933223605155945 97
1739986484018 0.6933518846829733 98
1739986484280 0.6940924326578776 99
