1739990525766 0.5253210067749023 0
1739990526256 0.497802197933197 1
1739990526734 0.5127191543579102 2
1739990527217 0.6323196887969971 3
1739990527696 0.6937655210494995 4
1739990528175 0.7423884868621826 5
1739990528656 0.7503830790519714 6
1739990529142 0.7800707817077637 7
1739990529622 0.7859728336334229 8
1739990530101 0.7892920970916748 9
1739990530579 0.805888295173645 10
1739990531062 0.8421616554260254 11
1739990531541 0.8670461177825928 12
1739990532021 0.8780326247215271 13
1739990532496 0.8906158804893494 14
1739990532979 0.9078974723815918 15
1739990533461 0.9188427925109863 16
1739990533935 0.9298011660575867 17
1739990534415 0.9376334547996521 18
1739990534891 0.9375901222229004 19
1739990535371 0.9296858310699463 20
1739990535847 0.9633411765098572 21
1739990536329 0.9611548185348511 22
1739990536807 0.9634217619895935 23
1739990537289 0.9554213285446167 24
1739990537766 0.9565141201019287 25
1739990538244 0.9714773893356323 26
1739990538724 0.9686909914016724 27
1739990539206 0.9602505564689636 28
1739990539682 0.9640549421310425 29
1739990540161 0.9660351276397705 30
1739990540637 0.9720114469528198 31
1739990541115 0.9849604368209839 32
1739990541594 0.9763885736465454 33
1739990542075 0.9740010499954224 34
1739990542553 0.9750800132751465 35
1739990543032 0.978618323802948 36
1739990543510 0.9776580333709717 37
1739990543988 0.9856831431388855 38
1739990544466 0.9793410301208496 39
1739990544943 0.9660198092460632 40
1739990545421 0.9766818284988403 41
1739990545898 0.9820632338523865 42
1739990546379 0.9920274615287781 43
1739990546858 0.9850788116455078 44
1739990547336 0.9868777990341187 45
1739990547816 0.9849292635917664 46
1739990548295 0.9735503196716309 47
1739990548774 0.9847046732902527 48
1739990549258 0.994482159614563 49
1739990549739 0.982803463935852 50
1739990550221 0.9771498441696167 51
1739990550703 0.9863735437393188 52
1739990551182 0.9799689054489136 53
1739990551663 0.982647180557251 54
1739990552142 0.9794042110443115 55
1739990552621 0.9907392263412476 56
1739990553099 0.9917974472045898 57
1739990553577 0.9792343378067017 58
1739990554054 0.9874448776245117 59
1739990554532 0.9897545576095581 60
1739990555011 0.9871003031730652 61
1739990555493 0.9928828477859497 62
1739990555973 0.9860820770263672 63
1739990556454 0.9927372932434082 64
1739990556936 0.9835543632507324 65
1739990557416 0.9841876029968262 66
1739990557891 0.9879676103591919 67
1739990558367 0.9911065101623535 68
1739990558853 0.9821172952651978 69
1739990559334 0.9872688055038452 70
1739990559812 0.9796934127807617 71
1739990560293 0.9878219962120056 72
1739990560772 0.9838244915008545 73
1739990561253 0.9796974658966064 74
1739990561733 0.9947037100791931 75
1739990562216 0.9913430213928223 76
1739990562693 0.9840302467346191 77
1739990563173 0.9857551455497742 78
1739990563657 0.9929943084716797 79
1739990564136 0.9952293634414673 80
1739990564619 0.9894140958786011 81
1739990565099 0.9946222305297852 82
1739990565579 0.9900805950164795 83
1739990566058 0.9886235594749451 84
1739990566546 0.9856575727462769 85
1739990567025 0.9903936386108398 86
1739990567508 0.9894469976425171 87
1739990567985 0.9847287535667419 88
1739990568467 0.9857611656188965 89
1739990568947 0.9871364831924438 90
1739990569430 0.9888221621513367 91
1739990569914 0.9820162653923035 92
1739990570394 0.9843648672103882 93
1739990570877 0.9878612756729126 94
1739990571357 0.9865414500236511 95
1739990571839 0.9852115511894226 96
1739990572320 0.9935897588729858 97
1739990572798 0.9935897588729858 98
1739990573279 0.9920672178268433 99
