1739990525766 0.3951317071914673 0
1739990526256 0.5741502642631531 1
1739990526734 0.6413158178329468 2
1739990527217 0.695704460144043 3
1739990527696 0.6879221200942993 4
1739990528175 0.7370661497116089 5
1739990528656 0.7314594984054565 6
1739990529142 0.7619175910949707 7
1739990529622 0.7485741376876831 8
1739990530101 0.7534381151199341 9
1739990530579 0.8149167895317078 10
1739990531062 0.8437877893447876 11
1739990531541 0.8560842871665955 12
1739990532021 0.8764580488204956 13
1739990532496 0.8934277296066284 14
1739990532979 0.9072495698928833 15
1739990533461 0.9222617149353027 16
1739990533935 0.9302999973297119 17
1739990534415 0.9350277185440063 18
1739990534891 0.9418169856071472 19
1739990535371 0.9404284954071045 20
1739990535847 0.9614297747612 21
1739990536329 0.9623719453811646 22
1739990536807 0.9611958265304565 23
1739990537289 0.9606075286865234 24
1739990537766 0.960629940032959 25
1739990538244 0.9726371169090271 26
1739990538724 0.9703580737113953 27
1739990539206 0.9697040915489197 28
1739990539682 0.9607305526733398 29
1739990540161 0.9669841527938843 30
1739990540637 0.9723230600357056 31
1739990541115 0.983648955821991 32
1739990541594 0.9766332507133484 33
1739990542075 0.9760288000106812 34
1739990542553 0.9759513735771179 35
1739990543032 0.9762594103813171 36
1739990543510 0.9749109148979187 37
1739990543988 0.9847471117973328 38
1739990544466 0.9788463115692139 39
1739990544943 0.9694981575012207 40
1739990545421 0.9773022532463074 41
1739990545898 0.9830683469772339 42
1739990546379 0.9922720789909363 43
1739990546858 0.9834105372428894 44
1739990547336 0.9869639873504639 45
1739990547816 0.9851028323173523 46
1739990548295 0.977337121963501 47
1739990548774 0.9857442378997803 48
1739990549258 0.9949846267700195 49
1739990549739 0.9805964827537537 50
1739990550221 0.9794248938560486 51
1739990550703 0.987446665763855 52
1739990551182 0.9801796674728394 53
1739990551663 0.9824339747428894 54
1739990552142 0.9807882308959961 55
1739990552621 0.9903351068496704 56
1739990553099 0.9925328493118286 57
1739990553577 0.978786826133728 58
1739990554054 0.9863762855529785 59
1739990554532 0.9890841841697693 60
1739990555011 0.9883279800415039 61
1739990555493 0.9913153648376465 62
1739990555973 0.9843876361846924 63
1739990556454 0.9914993643760681 64
1739990556936 0.9848461151123047 65
1739990557416 0.9859775900840759 66
1739990557891 0.9877383708953857 67
1739990558367 0.993014931678772 68
1739990558853 0.9812042117118835 69
1739990559334 0.9883897304534912 70
1739990559812 0.9793530702590942 71
1739990560293 0.9881080389022827 72
1739990560772 0.9848102331161499 73
1739990561253 0.9772545695304871 74
1739990561733 0.9948669672012329 75
1739990562216 0.9927746057510376 76
1739990562693 0.9846839308738708 77
1739990563173 0.9850577712059021 78
1739990563657 0.990845799446106 79
1739990564136 0.9942374229431152 80
1739990564619 0.9897398948669434 81
1739990565099 0.9949483275413513 82
1739990565579 0.9889135360717773 83
1739990566058 0.9898496866226196 84
1739990566546 0.9826664924621582 85
1739990567025 0.9885825514793396 86
1739990567508 0.9894648790359497 87
1739990567985 0.9839060306549072 88
1739990568467 0.982624888420105 89
1739990568947 0.9862155914306641 90
1739990569430 0.990153968334198 91
1739990569914 0.9827820062637329 92
1739990570394 0.9843648672103882 93
1739990570877 0.9879956245422363 94
1739990571357 0.9872888922691345 95
1739990571839 0.985583484172821 96
1739990572320 0.9956140518188477 97
1739990572798 0.9956140518188477 98
1739990573279 0.9921388030052185 99
