1739979190971 0.23055556416511536 0
1739979194911 0.19722223281860352 1
1739979198900 0.38055557012557983 2
1739979202812 0.18611112236976624 3
1739979206726 0.2916666865348816 4
1739979210695 0.0555555559694767 5
1739979214599 0.39444446563720703 6
1739979218561 0.04444444552063942 7
1739979222480 0.02222222276031971 8
1739979226378 0.2944444417953491 9
1739979230374 0.1111111119389534 10
1739979234287 0.1666666716337204 11
1739979238162 0.34166666865348816 12
1739979242128 0.31388890743255615 13
1739979246036 0.2083333432674408 14
1739979249951 0.3166666626930237 15
1739979253925 0.21111111342906952 16
1739979257863 0.23333333432674408 17
1739979261762 0.21666666865348816 18
1739979265647 0.32500001788139343 19
1739979269521 0.28333333134651184 20
1739979273501 0.02222222276031971 21
1739979277400 0.04444444552063942 22
1739979281313 0.08611111342906952 23
1739979285203 0.27222222089767456 24
1739979289089 0.1666666716337204 25
1739979293023 0.45000001788139343 26
1739979296946 0.38055557012557983 27
1739979300878 0.38333335518836975 28
1739979304879 0.2083333432674408 29
1739979308801 0.46666666865348816 30
1739979312705 0.5 31
1739979316622 0.2777777910232544 32
1739979320563 0.3083333373069763 33
1739979324482 0.3777777850627899 34
1739979328390 0.3166666626930237 35
1739979332287 0.3888888955116272 36
1739979336141 0.5 37
1739979340057 0.29722222685813904 38
1739979344010 0.4861111342906952 39
1739979347905 0.24722222983837128 40
1739979351838 0.30000001192092896 41
1739979355761 0.39444446563720703 42
1739979359673 0.3194444477558136 43
1739979363575 0.28333333134651184 44
1739979367482 0.24722222983837128 45
1739979371396 0.14722222089767456 46
1739979375353 0.4416666626930237 47
1739979379229 0.17222222685813904 48
1739979383125 0.30277779698371887 49
1739979387055 0.4166666865348816 50
1739979390961 0.07777778059244156 51
1739979394873 0.3305555582046509 52
1739979398757 0.22500000894069672 53
1739979402642 0.43611112236976624 54
1739979406564 0.39444446563720703 55
1739979410451 0.42500001192092896 56
1739979414394 0.05277777835726738 57
1739979418316 0.347222238779068 58
1739979422258 0.5083333253860474 59
1739979426188 0.2777777910232544 60
1739979430117 0.16944444179534912 61
1739979434099 0.19166667759418488 62
1739979438054 0.125 63
1739979442085 0.0972222238779068 64
1739979446021 0.16388888657093048 65
1739979449945 0.3083333373069763 66
1739979453853 0.07222222536802292 67
1739979457869 0.17499999701976776 68
1739979461811 0.3583333492279053 69
1739979465850 0.24722222983837128 70
1739979469778 0.06388889253139496 71
1739979473727 0.10833333432674408 72
1739979477645 0.39722222089767456 73
1739979481556 0.32500001788139343 74
1739979485571 0.22500000894069672 75
1739979489477 0.0 76
1739979493384 0.0 77
1739979497281 0.05000000074505806 78
1739979501254 0.3861111104488373 79
1739979505136 0.15833333134651184 80
1739979509028 0.20277778804302216 81
1739979512990 0.1805555671453476 82
1739979516926 0.28333333134651184 83
1739979520792 0.08611111342906952 84
1739979524765 0.13333334028720856 85
1739979528639 0.15833333134651184 86
1739979532549 0.20277778804302216 87
1739979536449 0.375 88
1739979540364 0.3194444477558136 89
1739979544251 0.24166667461395264 90
1739979548139 0.11388888955116272 91
1739979552056 0.24722222983837128 92
1739979555938 0.05277777835726738 93
1739979559791 0.08888889104127884 94
1739979563656 0.23333333432674408 95
1739979567530 0.15000000596046448 96
1739979571408 0.20555555820465088 97
1739979575265 0.19722223281860352 98
1739979579147 0.31388890743255615 99
