1739979190971 0.25 0
1739979194911 0.25833332538604736 1
1739979198900 0.10833333432674408 2
1739979202812 0.3083333373069763 3
1739979206726 0.16111111640930176 4
1739979210695 0.4333333373069763 5
1739979214599 0.13055555522441864 6
1739979218561 0.43611112236976624 7
1739979222480 0.4888888895511627 8
1739979226378 0.17777778208255768 9
1739979230374 0.42222222685813904 10
1739979234287 0.2916666865348816 11
1739979238162 0.14444445073604584 12
1739979242128 0.20277778804302216 13
1739979246036 0.24722222983837128 14
1739979249951 0.1527777761220932 15
1739979253925 0.30000001192092896 16
1739979257863 0.2805555760860443 17
1739979261762 0.2805555760860443 18
1739979265647 0.16944444179534912 19
1739979269521 0.25 20
1739979273501 0.4555555582046509 21
1739979277400 0.4305555522441864 22
1739979281313 0.35277777910232544 23
1739979285203 0.23333333432674408 24
1739979289089 0.3166666626930237 25
1739979293023 0.0416666679084301 26
1739979296946 0.0833333358168602 27
1739979300878 0.0833333358168602 28
1739979304879 0.3083333373069763 29
1739979308801 0.01666666753590107 30
1739979312705 0.0 31
1739979316622 0.18888889253139496 32
1739979320563 0.18888889253139496 33
1739979324482 0.09444444626569748 34
1739979328390 0.21666666865348816 35
1739979332287 0.10000000149011612 36
1739979336141 0.0 37
1739979340057 0.15833333134651184 38
1739979344010 0.011111111380159855 39
1739979347905 0.23888888955116272 40
1739979351838 0.18888889253139496 41
1739979355761 0.10000000149011612 42
1739979359673 0.1527777761220932 43
1739979363575 0.21111111342906952 44
1739979367482 0.2083333432674408 45
1739979371396 0.35277777910232544 46
1739979375353 0.05277777835726738 47
1739979379229 0.32777777314186096 48
1739979383125 0.14166666567325592 49
1739979387055 0.05833333358168602 50
1739979390961 0.4055555760860443 51
1739979394873 0.14166666567325592 52
1739979398757 0.2222222238779068 53
1739979402642 0.05000000074505806 54
1739979406564 0.08888889104127884 55
1739979410451 0.07500000298023224 56
1739979414394 0.4333333373069763 57
1739979418316 0.12777778506278992 58
1739979422258 0.04444444552063942 59
1739979426188 0.20555555820465088 60
1739979430117 0.32500001788139343 61
1739979434099 0.28611111640930176 62
1739979438054 0.34166666865348816 63
1739979442085 0.3777777850627899 64
1739979446021 0.32500001788139343 65
1739979449945 0.1944444477558136 66
1739979453853 0.4333333373069763 67
1739979457869 0.30277779698371887 68
1739979461811 0.12777778506278992 69
1739979465850 0.2083333432674408 70
1739979469778 0.39444446563720703 71
1739979473727 0.3777777850627899 72
1739979477645 0.0694444477558136 73
1739979481556 0.17777778208255768 74
1739979485571 0.22500000894069672 75
1739979489477 0.5 76
1739979493384 0.5 77
1739979497281 0.43611112236976624 78
1739979501254 0.10277777910232544 79
1739979505136 0.3194444477558136 80
1739979509028 0.2944444417953491 81
1739979512990 0.2916666865348816 82
1739979516926 0.19166667759418488 83
1739979520792 0.4027777910232544 84
1739979524765 0.347222238779068 85
1739979528639 0.29722222685813904 86
1739979532549 0.2916666865348816 87
1739979536449 0.10555555671453476 88
1739979540364 0.14722222089767456 89
1739979544251 0.23055556416511536 90
1739979548139 0.37222224473953247 91
1739979552056 0.2611111104488373 92
1739979555938 0.4194444417953491 93
1739979559791 0.39722222089767456 94
1739979563656 0.24166667461395264 95
1739979567530 0.3222222328186035 96
1739979571408 0.2611111104488373 97
1739979575265 0.2805555760860443 98
1739979579147 0.1527777761220932 99
