1739987382939 0.4468194246292114 0
1739987384495 0.4408574104309082 1
1739987386058 0.7096434235572815 2
1739987387608 0.4295138716697693 3
1739987389149 0.49033817648887634 4
1739987390701 0.44353368878364563 5
1739987392244 0.6622520685195923 6
1739987393801 0.5531719326972961 7
1739987395346 0.4534640908241272 8
1739987396893 0.7433098554611206 9
1739987398453 0.5066197514533997 10
1739987400013 0.8888888955116272 11
1739987401558 0.22897620499134064 12
1739987403098 0.5722188949584961 13
1739987404634 0.17452344298362732 14
1739987406174 0.42895692586898804 15
1739987407719 0.5471842885017395 16
1739987409263 0.7087294459342957 17
1739987410805 0.1650683432817459 18
1739987412345 0.9417562484741211 19
1739987413879 0.0 20
1739987415419 0.6561049222946167 21
1739987416970 0.744752049446106 22
1739987418524 1.0 23
1739987420076 0.9992283582687378 24
1739987421624 0.044238682836294174 25
1739987423169 0.7151889801025391 26
1739987424699 0.16474641859531403 27
1739987426252 0.44093698263168335 28
1739987427801 0.7157756686210632 29
1739987429347 0.0 30
1739987430892 0.944444477558136 31
1739987432426 0.24769605696201324 32
1739987433969 0.624248743057251 33
1739987435516 0.7670062184333801 34
1739987437066 0.3889729082584381 35
1739987438611 0.16682125627994537 36
1739987440153 1.0 37
1739987441700 0.37931033968925476 38
1739987443259 0.1944444477558136 39
1739987444802 1.0 40
1739987446348 0.497596800327301 41
1739987447894 0.03333333507180214 42
1739987449436 0.379136323928833 43
1739987450977 0.016969086602330208 44
1739987452522 0.906494140625 45
1739987454076 0.5390484929084778 46
1739987455622 0.0 47
1739987457170 0.09157196432352066 48
1739987458715 0.9930555820465088 49
1739987460254 1.0 50
1739987461805 1.0 51
1739987463343 0.3967544436454773 52
1739987464880 0.02408234216272831 53
1739987466415 1.0 54
1739987467958 1.0 55
1739987469493 0.22447088360786438 56
1739987471036 0.0 57
1739987472579 0.29992973804473877 58
1739987474124 1.0 59
1739987475658 0.9983945488929749 60
1739987477199 0.9977777600288391 61
1739987478741 0.17412173748016357 62
1739987480286 0.9499089121818542 63
1739987481849 0.3380952477455139 64
1739987483398 0.0019162786193192005 65
1739987484943 0.0 66
1739987486488 0.13778144121170044 67
1739987488044 0.9141148328781128 68
1739987489595 0.2687930166721344 69
1739987491146 0.28888553380966187 70
1739987492680 1.0 71
1739987494227 0.9948973059654236 72
1739987495757 1.0 73
1739987497299 1.0 74
1739987498848 1.0 75
1739987500388 1.0 76
1739987501922 1.0 77
1739987503465 1.0 78
1739987505003 1.0 79
1739987506545 1.0 80
1739987508083 1.0 81
1739987509622 1.0 82
1739987511162 0.2886327803134918 83
1739987512699 0.9572067260742188 84
1739987514246 0.9801912307739258 85
1739987515789 0.13375824689865112 86
1739987517333 0.6583995819091797 87
1739987518868 0.1342206597328186 88
1739987520404 0.9730640053749084 89
1739987521940 0.05726495757699013 90
1739987523484 0.3936372995376587 91
1739987525022 0.029178883880376816 92
1739987526568 0.7523889541625977 93
1739987528105 0.9272816777229309 94
1739987529645 0.3626640737056732 95
1739987531191 1.0 96
1739987532732 0.9820202589035034 97
1739987534272 0.043933648616075516 98
1739987535814 0.3460223376750946 99
