1739987382939 0.5498600006103516 0
1739987384495 0.5706270337104797 1
1739987386058 0.3146979510784149 2
1739987387608 0.5725592374801636 3
1739987389149 0.5112994313240051 4
1739987390701 0.5580431222915649 5
1739987392244 0.3386515974998474 6
1739987393801 0.4606455862522125 7
1739987395346 0.5777846574783325 8
1739987396893 0.38519373536109924 9
1739987398453 0.538706362247467 10
1739987400013 0.1111111119389534 11
1739987401558 0.7725269198417664 12
1739987403098 0.42666715383529663 13
1739987404634 0.8323827385902405 14
1739987406174 0.5860573053359985 15
1739987407719 0.44922658801078796 16
1739987409263 0.29832735657691956 17
1739987410805 0.8361111283302307 18
1739987412345 0.06060606241226196 19
1739987413879 1.0 20
1739987415419 0.34173423051834106 21
1739987416970 0.2603070139884949 22
1739987418524 0.0 23
1739987420076 0.0 24
1739987421624 0.9557056427001953 25
1739987423169 0.2779991328716278 26
1739987424699 0.8305611610412598 27
1739987426252 0.5515783429145813 28
1739987427801 0.2839304506778717 29
1739987429347 1.0 30
1739987430892 0.0555555559694767 31
1739987432426 0.7461084723472595 32
1739987433969 0.3858201205730438 33
1739987435516 0.226423978805542 34
1739987437066 0.6094539761543274 35
1739987438611 0.8322774171829224 36
1739987440153 0.0 37
1739987441700 0.6230158805847168 38
1739987443259 0.8089225888252258 39
1739987444802 0.0 40
1739987446348 0.5037844777107239 41
1739987447894 0.9623907804489136 42
1739987449436 0.6282609105110168 43
1739987450977 0.9759246110916138 44
1739987452522 0.09319844841957092 45
1739987454076 0.4627836048603058 46
1739987455622 1.0 47
1739987457170 0.9084141850471497 48
1739987458715 0.0069444444961845875 49
1739987460254 0.0 50
1739987461805 0.0 51
1739987463343 0.5988495945930481 52
1739987464880 0.9771049618721008 53
1739987466415 0.0 54
1739987467958 0.0 55
1739987469493 0.7729885578155518 56
1739987471036 1.0 57
1739987472579 0.7106741070747375 58
1739987474124 0.0 59
1739987475658 0.0 60
1739987477199 0.002096436219289899 61
1739987478741 0.8288328051567078 62
1739987480286 0.04726368188858032 63
1739987481849 0.6619805097579956 64
1739987483398 0.9991582036018372 65
1739987484943 0.9983660578727722 66
1739987486488 0.8563442230224609 67
1739987488044 0.09206350147724152 68
1739987489595 0.7261427044868469 69
1739987491146 0.7346234917640686 70
1739987492680 0.0 71
1739987494227 0.011904762126505375 72
1739987495757 0.0 73
1739987497299 0.0 74
1739987498848 0.0 75
1739987500388 0.0 76
1739987501922 0.0 77
1739987503465 0.0 78
1739987505003 0.0 79
1739987506545 0.0 80
1739987508083 0.0 81
1739987509622 0.0 82
1739987511162 0.7008023858070374 83
1739987512699 0.04498162865638733 84
1739987514246 0.02085578255355358 85
1739987515789 0.868809700012207 86
1739987517333 0.3379528224468231 87
1739987518868 0.8664955496788025 88
1739987520404 0.0197132620960474 89
1739987521940 0.9373897910118103 90
1739987523484 0.6067480444908142 91
1739987525022 0.9687294363975525 92
1739987526568 0.2537840008735657 93
1739987528105 0.0695696547627449 94
1739987529645 0.6445253491401672 95
1739987531191 0.000974658876657486 96
1739987532732 0.012579699046909809 97
1739987534272 0.9484074711799622 98
1739987535814 0.6515472531318665 99
