1739986853848 0.7405373591643113 0
1739986854945 0.6824820866951575 1
1739986856036 0.6108209078128521 2
1739986857126 0.6124692788490882 3
1739986858218 0.5987385327999408 4
1739986859308 0.538379974090136 5
1739986860390 0.5370490207121923 6
1739986861468 0.5952524840831757 7
1739986862559 0.6082008618574876 8
1739986863648 0.6134102069414579 9
1739986864736 0.6857825059157151 10
1739986865827 0.6879177414453946 11
1739986866916 0.6930259191072904 12
1739986868005 0.6934441648996793 13
1739986869090 0.6903988718986511 14
1739986870176 0.6882989773383508 15
1739986871266 0.6293041660235479 16
1739986872351 0.5749790783111866 17
1739986873440 0.5744212980453784 18
1739986874533 0.5791745690199045 19
1739986875622 0.5794180356539212 20
1739986876714 0.5721249993030841 21
1739986877804 0.5656528289501483 22
1739986878893 0.5726239956342257 23
1739986879989 0.5738169871843778 24
1739986881083 0.5662719790752118 25
1739986882175 0.6375582539118253 26
1739986883271 0.690557640332442 27
1739986884363 0.6904659454639142 28
1739986885457 0.6919032106032739 29
1739986886545 0.691069286603194 30
1739986887640 0.6886009252988375 31
1739986888747 0.6896449144069965 32
1739986889838 0.6897473793763381 33
1739986890932 0.6886318922042847 34
1739986892028 0.6895865935545701 35
1739986893127 0.6889129281044006 36
1739986894222 0.6903513440719018 37
1739986895313 0.689915771667774 38
1739986896402 0.6897292458094083 39
1739986897497 0.6899206775885361 40
1739986898589 0.6889952925535349 41
1739986899676 0.6901237827080947 42
1739986900769 0.689875813630911 43
1739986901859 0.691436597934136 44
1739986902949 0.6892292316143329 45
1739986904037 0.6884820919770461 46
1739986905125 0.6892251555736248 47
1739986906215 0.689361897798685 48
1739986907303 0.6893575833393977 49
1739986908397 0.6878888010978699 50
1739986909487 0.6886337124384366 51
1739986910583 0.6871048441300025 52
1739986911672 0.688085478085738 53
1739986912761 0.6879299603975736 54
1739986913858 0.6888951109005854 55
1739986914954 0.6895791888237 56
1739986916047 0.6877447825211745 57
1739986917143 0.6908350174243634 58
1739986918237 0.6888892925702609 59
1739986919329 0.6895837187767029 60
1739986920418 0.6889941417253934 61
1739986921512 0.6892516888104953 62
1739986922605 0.6884932793103732 63
1739986923696 0.6901362263239347 64
1739986924788 0.6882544664236215 65
1739986925879 0.6906499174924997 66
1739986926966 0.6886792412170997 67
1739986928061 0.6901143055695754 68
1739986929155 0.6902731611178472 69
1739986930245 0.6896052635633029 70
1739986931338 0.6906805130151602 71
1739986932430 0.6894970398682815 72
1739986933519 0.6886201179944552 73
1739986934614 0.6896825707875766 74
1739986935704 0.6884593963623047 75
1739986936796 0.6886014892504766 76
1739986937888 0.6897749946667597 77
1739986938985 0.6893720810229962 78
1739986940084 0.6878772515517014 79
1739986941180 0.6892372644864596 80
1739986942272 0.6887220694468572 81
1739986943370 0.6883410628025348 82
1739986944466 0.6883548635702866 83
1739986945563 0.6886619283602788 84
1739986946657 0.6875351346456088 85
1739986947750 0.6890010833740234 86
1739986948849 0.6886537304291358 87
1739986949939 0.691131917329935 88
1739986951033 0.687606903222891 89
1739986952131 0.6891989020200876 90
1739986953227 0.6886638219539936 91
1739986954321 0.6874488958945641 92
1739986955411 0.6874918387486384 93
1739986956506 0.6889325013527503 94
1739986957597 0.6864328246850234 95
1739986958693 0.6878986771290119 96
1739986959781 0.6897814044585595 97
1739986960870 0.6877926312960111 98
1739986961964 0.6882183735187237 99
