1739992482462 0.6725520440510341 0
1739992485255 0.5824535744530814 1
1739992488043 0.41069936752319336 2
1739992490828 0.2892328134604863 3
1739992493609 0.2348520483289446 4
1739992496394 0.20591454058885575 5
1739992499168 0.1772643736430577 6
1739992501963 0.15389453364270075 7
1739992504739 0.14163739489657537 8
1739992507525 0.12698064574173518 9
1739992510306 0.11411149714674268 10
1739992513090 0.10714868913803782 11
1739992515871 0.095917561011655 12
1739992518647 0.08847503592925413 13
1739992521437 0.07566793513085161 14
1739992524215 0.06764788382819721 15
1739992527004 0.05893476844898292 16
1739992529801 0.05886784956923553 17
1739992532585 0.05386598203331232 18
1739992535371 0.05653183343155044 19
1739992538160 0.05386278996510165 20
1739992540955 0.045231959489839414 21
1739992543747 0.04743037795914071 22
1739992546539 0.03392406494489738 23
1739992549329 0.039430014682667595 24
1739992552107 0.03948758098163775 25
1739992554892 0.03381475093109267 26
1739992557671 0.03609869456184762 27
1739992560448 0.036490556850497215 28
1739992563230 0.046673533280513116 29
1739992566012 0.028738619121057647 30
1739992568796 0.028907464457941907 31
1739992571571 0.030450555668877704 32
1739992574355 0.028464989603630135 33
1739992577134 0.029681767470070293 34
1739992579915 0.0193325194463666 35
1739992582702 0.023641570610925554 36
1739992585493 0.026576222239860465 37
1739992588279 0.021995632144223367 38
1739992591062 0.02259116681026561 39
1739992593849 0.020073244008900863 40
1739992596633 0.018115605440522944 41
1739992599424 0.018799361253955534 42
1739992602214 0.01771486872541053 43
1739992604993 0.016287461907735893 44
1739992607785 0.015817283666027443 45
1739992610571 0.02069786419160664 46
1739992613357 0.016719676514289208 47
1739992616173 0.02105951037790094 48
1739992619004 0.01832440592614668 49
1739992621827 0.012432103344638432 50
1739992624654 0.015038453494863852 51
1739992627499 0.01496433034938361 52
1739992630326 0.018776727966698152 53
1739992633159 0.020682920535494174 54
1739992635990 0.01658424009302897 55
1739992638806 0.014792119092973215 56
1739992641595 0.015327021749024944 57
1739992644389 0.01120510567644877 58
1739992647169 0.008284509009016412 59
1739992649949 0.011145738282773111 60
1739992652740 0.0107331694270085 61
1739992655524 0.01385589073012982 62
1739992658313 0.01677040329668671 63
1739992661096 0.01681447942142508 64
1739992663881 0.011317552509717643 65
1739992666671 0.012316736203086162 66
1739992669459 0.010539656465074846 67
1739992672246 0.008930179982313088 68
1739992675030 0.007384803082926997 69
1739992677814 0.011980946119209485 70
1739992680601 0.01211775058348264 71
1739992683396 0.008911562125597681 72
1739992686178 0.010049562106308129 73
1739992688957 0.0059753774765080635 74
1739992691729 0.02063364469712334 75
1739992694494 0.011287858011201024 76
1739992697276 0.008788751188798674 77
1739992700042 0.0077677156244005474 78
1739992702827 0.008284183741281075 79
1739992705603 0.008924281084910035 80
1739992708380 0.006772586101266955 81
1739992711173 0.011433206175986145 82
1739992713956 0.011843409149774484 83
1739992716735 0.0063395134772041015 84
1739992719517 0.009909215243533253 85
1739992722305 0.006682858666005944 86
1739992725083 0.00608823143744043 87
1739992727862 0.009238977457529732 88
1739992730634 0.010541999200358986 89
1739992733409 0.0076867207951311555 90
1739992736190 0.008336293225043586 91
1739992738968 0.010004040256275663 92
1739992741745 0.010857897504631961 93
1739992744522 0.008886566176079214 94
1739992747299 0.008628360451465207 95
1739992750081 0.006986557519329446 96
1739992752857 0.009608759860774236 97
1739992755641 0.005425380626028138 98
1739992758412 0.00576231363894684 99
