1739990595877 0.7836207151412964 0
1739990596366 0.6170023679733276 1
1739990596850 0.4557090997695923 2
1739990597330 0.5115340948104858 3
1739990597808 0.6197868585586548 4
1739990598285 0.7183847427368164 5
1739990598765 0.7711271643638611 6
1739990599247 0.8059751987457275 7
1739990599727 0.7932397723197937 8
1739990600213 0.853748083114624 9
1739990600695 0.8398569822311401 10
1739990601176 0.8410696983337402 11
1739990601658 0.8394114375114441 12
1739990602139 0.9011836051940918 13
1739990602622 0.9156641364097595 14
1739990603103 0.8659170866012573 15
1739990603586 0.9170083999633789 16
1739990604069 0.8915572166442871 17
1739990604554 0.9075565338134766 18
1739990605034 0.9235299825668335 19
1739990605516 0.8997520208358765 20
1739990605993 0.9379854202270508 21
1739990606471 0.9341404438018799 22
1739990606952 0.949548602104187 23
1739990607434 0.9341537952423096 24
1739990607913 0.9319183826446533 25
1739990608391 0.9548980593681335 26
1739990608865 0.9565161466598511 27
1739990609344 0.963380753993988 28
1739990609822 0.9632532596588135 29
1739990610299 0.9595887064933777 30
1739990610776 0.9618396162986755 31
1739990611254 0.9693440794944763 32
1739990611740 0.9576002359390259 33
1739990612222 0.9711995124816895 34
1739990612699 0.9686754941940308 35
1739990613181 0.9632056951522827 36
1739990613664 0.9575053453445435 37
1739990614145 0.9601444602012634 38
1739990614625 0.9687663912773132 39
1739990615105 0.9794451594352722 40
1739990615587 0.9718141555786133 41
1739990616068 0.9770424365997314 42
1739990616552 0.9806398153305054 43
1739990617033 0.9687468409538269 44
1739990617518 0.9787271022796631 45
1739990617999 0.9747588038444519 46
1739990618480 0.9659048318862915 47
1739990618960 0.9740004539489746 48
1739990619441 0.979769229888916 49
1739990619924 0.9710680842399597 50
1739990620402 0.9759507179260254 51
1739990620873 0.9808527231216431 52
1739990621356 0.956264853477478 53
1739990621833 0.9746168851852417 54
1739990622312 0.9795801043510437 55
1739990622788 0.984818160533905 56
1739990623263 0.9806382656097412 57
1739990623741 0.9804624319076538 58
1739990624220 0.9846405386924744 59
1739990624697 0.9900861978530884 60
1739990625174 0.9732751250267029 61
1739990625651 0.9828924536705017 62
1739990626126 0.989393949508667 63
1739990626601 0.980672299861908 64
1739990627079 0.9716981649398804 65
1739990627557 0.9782546758651733 66
1739990628035 1.0 67
1739990628512 0.9810482263565063 68
1739990628990 0.9814924001693726 69
1739990629468 0.9837517738342285 70
1739990629947 0.9879917502403259 71
1739990630422 0.9888889193534851 72
1739990630899 0.9909844398498535 73
1739990631379 0.9884313941001892 74
1739990631858 0.984441876411438 75
1739990632340 0.9854938387870789 76
1739990632823 0.977547824382782 77
1739990633306 0.9800547957420349 78
1739990633788 0.9879197478294373 79
1739990634268 0.9829502105712891 80
1739990634753 0.9789912104606628 81
1739990635236 0.9734106063842773 82
1739990635714 0.9797453880310059 83
1739990636196 1.0 84
1739990636675 0.9793650507926941 85
1739990637154 0.987522304058075 86
1739990637636 0.9709619283676147 87
1739990638117 0.9785009622573853 88
1739990638601 0.9886713027954102 89
1739990639078 0.9904762506484985 90
1739990639555 0.9878748655319214 91
1739990640035 0.9920635223388672 92
1739990640520 0.978929877281189 93
1739990641003 0.9867236018180847 94
1739990641483 0.9803379774093628 95
1739990641963 0.9839892387390137 96
1739990642446 0.9893226623535156 97
1739990642924 0.9758736491203308 98
1739990643406 0.9952380657196045 99
