1739990595877 0.2122369259595871 0
1739990596366 0.44571155309677124 1
1739990596850 0.8012570142745972 2
1739990597330 0.79100102186203 3
1739990597808 0.8062156438827515 4
1739990598285 0.7665378451347351 5
1739990598765 0.7089575529098511 6
1739990599247 0.7036057710647583 7
1739990599727 0.7088660001754761 8
1739990600213 0.6559337973594666 9
1739990600695 0.7880620956420898 10
1739990601176 0.8222676515579224 11
1739990601658 0.8948840498924255 12
1739990602139 0.8944281339645386 13
1739990602622 0.8902425765991211 14
1739990603103 0.9533671140670776 15
1739990603586 0.9266536235809326 16
1739990604069 0.9464341998100281 17
1739990604554 0.9412543177604675 18
1739990605034 0.9618203639984131 19
1739990605516 0.9829453229904175 20
1739990605993 0.9760100841522217 21
1739990606471 1.0 22
1739990606952 0.9607672095298767 23
1739990607434 0.9779967665672302 24
1739990607913 0.9797385931015015 25
1739990608391 0.9780240058898926 26
1739990608865 0.9950980544090271 27
1739990609344 1.0 28
1739990609822 1.0 29
1739990610299 0.9910330176353455 30
1739990610776 1.0 31
1739990611254 0.9845134019851685 32
1739990611740 0.9912281036376953 33
1739990612222 0.9947916865348816 34
1739990612699 1.0 35
1739990613181 0.9885392189025879 36
1739990613664 1.0 37
1739990614145 0.9682873487472534 38
1739990614625 0.9946236610412598 39
1739990615105 0.9822579622268677 40
1739990615587 1.0 41
1739990616068 0.9861111640930176 42
1739990616552 0.9957265257835388 43
1739990617033 0.986842155456543 44
1739990617518 0.9947916865348816 45
1739990617999 0.9947916865348816 46
1739990618480 0.9942528605461121 47
1739990618960 0.9946236610412598 48
1739990619441 1.0 49
1739990619924 1.0 50
1739990620402 0.9826578497886658 51
1739990620873 0.9896232485771179 52
1739990621356 1.0 53
1739990621833 0.9947916865348816 54
1739990622312 0.9873737692832947 55
1739990622788 0.9894412755966187 56
1739990623263 1.0 57
1739990623741 1.0 58
1739990624220 0.9833986163139343 59
1739990624697 0.9942528605461121 60
1739990625174 1.0 61
1739990625651 0.9954954981803894 62
1739990626126 1.0 63
1739990626601 0.9927536845207214 64
1739990627079 0.995238184928894 65
1739990627557 1.0 66
1739990628035 0.9899826049804688 67
1739990628512 0.9812169075012207 68
1739990628990 0.9949495196342468 69
1739990629468 0.989661693572998 70
1739990629947 0.9940476417541504 71
1739990630422 0.9846813678741455 72
1739990630899 1.0 73
1739990631379 0.9954954981803894 74
1739990631858 0.9888765215873718 75
1739990632340 0.9850788116455078 76
1739990632823 0.984259307384491 77
1739990633306 0.9796767234802246 78
1739990633788 0.9898589849472046 79
1739990634268 0.9901961088180542 80
1739990634753 1.0 81
1739990635236 1.0 82
1739990635714 0.9901961088180542 83
1739990636196 0.9831932783126831 84
1739990636675 0.9886972904205322 85
1739990637154 0.9944444894790649 86
1739990637636 0.9947916865348816 87
1739990638117 0.9896825551986694 88
1739990638601 0.984723687171936 89
1739990639078 0.9851455688476562 90
1739990639555 0.9781362414360046 91
1739990640035 0.9815642237663269 92
1739990640520 0.9897217154502869 93
1739990641003 0.9944444894790649 94
1739990641483 0.9909313917160034 95
1739990641963 0.9798704981803894 96
1739990642446 0.9850788116455078 97
1739990642924 0.9864583015441895 98
1739990643406 0.9745769500732422 99
