1739986411446 0.3558238446712494 0
1739986411718 0.3235176205635071 1
1739986411984 0.348557710647583 2
1739986412246 0.5003567934036255 3
1739986412511 0.3333333432674408 4
1739986412777 0.17647060751914978 5
1739986413045 0.4975961446762085 6
1739986413315 0.5330981612205505 7
1739986413580 0.0 8
1739986413844 0.0 9
1739986414110 0.5062483549118042 10
1739986414370 0.496995210647583 11
1739986414636 0.5205439925193787 12
1739986414902 0.0 13
1739986415165 0.0 14
1739986415434 0.31614255905151367 15
1739986415697 0.5019338130950928 16
1739986415962 0.5047785639762878 17
1739986416227 0.14166668057441711 18
1739986416492 0.3116065263748169 19
1739986416757 0.496995210647583 20
1739986417019 0.5833156108856201 21
1739986417284 0.0 22
1739986417548 0.0 23
1739986417815 0.5013123750686646 24
1739986418079 0.5 25
1739986418345 0.496995210647583 26
1739986418612 0.15416666865348816 27
1739986418874 0.0 28
1739986419143 0.6137236952781677 29
1739986419416 0.5024038553237915 30
1739986419682 0.49879807233810425 31
1739986419944 0.49819713830947876 32
1739986420204 0.4285714626312256 33
1739986420462 0.0 34
1739986420724 0.4761905074119568 35
1739986420989 0.4871794879436493 36
1739986421251 0.32057034969329834 37
1739986421509 0.0 38
1739986421774 0.5012019872665405 39
1739986422043 0.4993990361690521 40
1739986422305 0.1614583432674408 41
1739986422565 0.1666666716337204 42
1739986422831 0.49579328298568726 43
1739986423097 0.3576779067516327 44
1739986423363 0.0 45
1739986423626 0.1538461595773697 46
1739986423883 0.5036057829856873 47
1739986424148 0.49819713830947876 48
1739986424414 0.5555555820465088 49
1739986424675 0.3082777261734009 50
1739986424936 0.1597222238779068 51
1739986425194 0.0 52
1739986425460 0.3181089758872986 53
1739986425722 0.49819713830947876 54
1739986425988 0.34031248092651367 55
1739986426254 0.0 56
1739986426522 0.0 57
1739986426786 0.16346153616905212 58
1739986427054 0.5024038553237915 59
1739986427321 0.496995210647583 60
1739986427579 0.4993990361690521 61
1739986427844 0.6718482971191406 62
1739986428113 0.0 63
1739986428378 0.0 64
1739986428644 0.0 65
1739986428909 0.33110660314559937 66
1739986429173 0.4975961446762085 67
1739986429439 0.5052083730697632 68
1739986429707 0.0 69
1739986429974 0.0 70
1739986430239 0.0 71
1739986430505 0.49708884954452515 72
1739986430765 0.49879807233810425 73
1739986431027 0.5036057829856873 74
1739986431288 0.14202898740768433 75
1739986431552 0.0 76
1739986431816 0.0 77
1739986432074 0.6542468070983887 78
1739986432337 0.140625 79
1739986432597 0.15064102411270142 80
1739986432859 0.4954555034637451 81
1739986433121 0.49966615438461304 82
1739986433386 0.3212886154651642 83
1739986433652 0.15000000596046448 84
1739986433917 0.5025084018707275 85
1739986434181 0.1354166716337204 86
1739986434445 0.0 87
1739986434705 0.5029234290122986 88
1739986434967 0.31677353382110596 89
1739986435236 0.502843976020813 90
1739986435499 0.4363163113594055 91
1739986435762 0.3333333432674408 92
1739986436027 0.1599999964237213 93
1739986436291 0.49579328298568726 94
1739986436552 0.49399039149284363 95
1739986436815 0.3359375 96
1739986437078 0.0 97
1739986437341 0.0 98
1739986437603 0.16346153616905212 99
