1739986411446 0.3493589758872986 0
1739986411718 0.15625 1
1739986411984 0.326860249042511 2
1739986412246 0.1746031939983368 3
1739986412511 0.4983690679073334 4
1739986412777 0.671875 5
1739986413045 0.0 6
1739986413315 0.1746031939983368 7
1739986413580 0.4945913553237915 8
1739986413844 0.4975961446762085 9
1739986414110 0.17575757205486298 10
1739986414370 0.0 11
1739986414636 0.2083333432674408 12
1739986414902 0.49879807233810425 13
1739986415165 0.501802921295166 14
1739986415434 0.44464311003685 15
1739986415697 0.3333333432674408 16
1739986415962 0.3333333432674408 17
1739986416227 0.4350961446762085 18
1739986416492 0.3065972328186035 19
1739986416757 0.0 20
1739986417019 0.547658383846283 21
1739986417284 0.49819713830947876 22
1739986417548 0.49964603781700134 23
1739986417815 0.5 24
1739986418079 0.0 25
1739986418345 0.0 26
1739986418612 0.4972623288631439 27
1739986418874 0.4993990361690521 28
1739986419143 0.2887067496776581 29
1739986419416 0.0 30
1739986419682 0.0 31
1739986419944 0.0 32
1739986420204 0.5153336524963379 33
1739986420462 0.49879807233810425 34
1739986420724 0.49383223056793213 35
1739986420989 0.3242495059967041 36
1739986421251 0.3143399953842163 37
1739986421509 0.496995210647583 38
1739986421774 0.0 39
1739986422043 0.0 40
1739986422305 0.325120210647583 41
1739986422565 0.3333333432674408 42
1739986422831 0.0 43
1739986423097 0.35683760046958923 44
1739986423363 0.49819713830947876 45
1739986423626 0.3229166865348816 46
1739986423883 0.0 47
1739986424148 0.0 48
1739986424414 0.5107439756393433 49
1739986424675 0.1432291716337204 50
1739986424936 0.5254289507865906 51
1739986425194 0.49812769889831543 52
1739986425460 0.1548556387424469 53
1739986425722 0.0 54
1739986425988 0.39529916644096375 55
1739986426254 0.503004789352417 56
1739986426522 0.496995210647583 57
1739986426786 0.32941684126853943 58
1739986427054 0.0 59
1739986427321 0.0 60
1739986427579 0.0 61
1739986427844 0.5303128957748413 62
1739986428113 0.5006009936332703 63
1739986428378 0.5006009936332703 64
1739986428644 0.49579328298568726 65
1739986428909 0.3106849789619446 66
1739986429173 0.0 67
1739986429439 0.17320261895656586 68
1739986429707 0.5 69
1739986429974 0.4993990361690521 70
1739986430239 0.49579328298568726 71
1739986430505 0.1587301641702652 72
1739986430765 0.0 73
1739986431027 0.0 74
1739986431288 0.466947078704834 75
1739986431552 0.5 76
1739986431816 0.49518442153930664 77
1739986432074 0.1548556387424469 78
1739986432337 0.3048878312110901 79
1739986432597 0.3203125 80
1739986432859 0.3031446635723114 81
1739986433121 0.15416666865348816 82
1739986433386 0.671503484249115 83
1739986433652 0.40625 84
1739986433917 0.20512822270393372 85
1739986434181 0.2990785241127014 86
1739986434445 0.499387264251709 87
1739986434705 0.5333333611488342 88
1739986434967 0.35314688086509705 89
1739986435236 0.2777777910232544 90
1739986435499 0.13620072603225708 91
1739986435762 0.49780911207199097 92
1739986436027 0.4973958432674408 93
1739986436291 0.0 94
1739986436552 0.0 95
1739986436815 0.33653849363327026 96
1739986437078 0.4993990361690521 97
1739986437341 0.5 98
1739986437603 0.3307291865348816 99
