1739985381669 0.7458557189028296 0
1739985385874 0.6964023156298531 1
1739985389807 0.6943807628419664 2
1739985393731 0.6945103539360894 3
1739985397677 0.6939170327451494 4
1739985401682 0.6938506229056253 5
1739985405598 0.6959980501068963 6
1739985409486 0.6944741828574075 7
1739985413413 0.6946071866485808 8
1739985417345 0.6948996918068991 9
1739985421198 0.6976441303888957 10
1739985425080 0.6944133344623777 11
1739985429094 0.6937716722488403 12
1739985433009 0.6955243289470673 13
1739985437024 0.6954864786730872 14
1739985440934 0.693392241663403 15
1739985444869 0.6934265083736844 16
1739985448799 0.6953758683469561 17
1739985452725 0.6936440252595477 18
1739985456680 0.6944231496916877 19
1739985460624 0.7058884423640039 20
1739985464527 0.6972213847769632 21
1739985468456 0.6937007496754328 22
1739985472368 0.6934576716687945 23
1739985476333 0.6948402004109488 24
1739985480276 0.6952032294538286 25
1739985484213 0.693398830625746 26
1739985488163 0.6934034864107768 27
1739985492120 0.6935352083709505 28
1739985496038 0.6942550268438127 29
1739985499946 0.6933705886205037 30
1739985503884 0.6933008740345638 31
1739985507700 0.6939842260546154 32
1739985511504 0.6938800106445948 33
1739985515302 0.6942421462800767 34
1739985519110 0.6946749473611514 35
1739985522909 0.6943430331018235 36
1739985526711 0.6943358202775319 37
1739985530510 0.6935373269849353 38
1739985534319 0.6933206849628024 39
1739985538217 0.6933681388696035 40
1739985542128 0.6940317650636038 41
1739985546078 0.6941369122929043 42
1739985550023 0.6939052654637231 43
1739985553946 0.6940495000945197 44
1739985557940 0.694128750430213 45
1739985561792 0.694892300830947 46
1739985565602 0.6939233478572634 47
1739985569413 0.6949101696411769 48
1739985573213 0.69373529487186 49
1739985577019 0.6934173934989505 50
1739985580821 0.6953743341896269 51
1739985584627 0.6939206371704737 52
1739985588450 0.6936206390460332 53
1739985592264 0.6936664193868637 54
1739985596077 0.6934266908301248 55
1739985599897 0.6935970452096727 56
1739985603709 0.6932713111241658 57
1739985607527 0.6942754775285721 58
1739985611344 0.6940995011064741 59
1739985615164 0.6935332576433818 60
1739985618973 0.6933922919962141 61
1739985622778 0.6969248692194621 62
1739985626592 0.6940568847788705 63
1739985630401 0.693390738301807 64
1739985634217 0.6935688237349192 65
1739985638025 0.6945709149042766 66
1739985641838 0.6937748895751106 67
1739985645650 0.6943546328279707 68
1739985649460 0.6939786199066375 69
1739985653277 0.6933345291349623 70
1739985657092 0.6934755093521542 71
1739985660903 0.693610680103302 72
1739985664722 0.6955457111199697 73
1739985668536 0.6941324743959639 74
1739985672343 0.6940139419502682 75
1739985676156 0.6934201581610574 76
1739985679987 0.6933646933899985 77
1739985683964 0.6933028313848707 78
1739985687925 0.6934514413277308 79
1739985691882 0.693801650736067 80
1739985695745 0.6936325798432033 81
1739985699701 0.693356254696846 82
1739985703656 0.6939745896392399 83
1739985707608 0.693421584698889 84
1739985711509 0.6935837457577387 85
1739985715385 0.693494564294815 86
1739985719302 0.6936976810296377 87
1739985723194 0.6932980593707826 88
1739985727104 0.6935252742634879 89
1739985731003 0.6948733720514509 90
1739985735035 0.6938464283943176 91
1739985739155 0.6951942678954867 92
1739985743163 0.693296437131034 93
1739985747300 0.6934824917051527 94
1739985751309 0.6935047431124581 95
1739985755311 0.6933182852135764 96
1739985759332 0.6933368901411693 97
1739985763167 0.6933994432290395 98
1739985766967 0.6933240466647678 99
