1739989897966 0.6925011368898245 0
1739989899665 0.6688658457535964 1
1739989901355 0.641747887317951 2
1739989903051 0.6064960222977859 3
1739989904752 0.5583863441760724 4
1739989906448 0.5023904855434711 5
1739989908146 0.43933895459541905 6
1739989909838 0.38573774236899155 7
1739989911539 0.34692977712704587 8
1739989913243 0.31707790150092197 9
1739989914939 0.2843201687702766 10
1739989916634 0.2657876370044855 11
1739989918330 0.23515120263283068 12
1739989920020 0.22828331589698792 13
1739989921717 0.19271791783662942 14
1739989923413 0.19683711975812912 15
1739989925111 0.17785027623176575 16
1739989926802 0.16130571239269698 17
1739989928492 0.14507717753832156 18
1739989930187 0.14704118038599306 19
1739989931887 0.14286017475219873 20
1739989933581 0.11896041092964318 21
1739989935273 0.11744039734968773 22
1739989936959 0.13132378745537537 23
1739989938655 0.10946124734786841 24
1739989940346 0.10463184777360696 25
1739989942042 0.10220089812691395 26
1739989943741 0.0885899210205445 27
1739989945428 0.08742280247119757 28
1739989947124 0.07518906547473027 29
1739989948821 0.0800739056788958 30
1739989950516 0.07261219477424255 31
1739989952215 0.07733562646003869 32
1739989953901 0.06423666858329223 33
1739989955594 0.06384653626726224 34
1739989957291 0.054093937461192794 35
1739989958986 0.055863075818006806 36
1739989960689 0.05180158509084812 37
1739989962382 0.055313747662764326 38
1739989964066 0.058897038062031455 39
1739989965764 0.04939712727299103 40
1739989967459 0.04273726246677912 41
1739989969155 0.040438021891392194 42
1739989970850 0.04416371416300535 43
1739989972526 0.037860653578088835 44
1739989974224 0.043625097148693524 45
1739989975927 0.03346187621355057 46
1739989977625 0.024343536235392094 47
1739989979321 0.0341085886511092 48
1739989981002 0.030158714606211737 49
1739989982693 0.028502898792234752 50
1739989984390 0.030814387907202426 51
1739989986088 0.03636776849340934 52
1739989987781 0.029005415809269134 53
1739989989471 0.027176270691248085 54
1739989991153 0.027013299592698995 55
1739989992848 0.021654892569551103 56
1739989994545 0.022657459171918724 57
1739989996242 0.027963719653108947 58
1739989997936 0.02228437614842103 59
1739989999622 0.021036475610274535 60
1739990001323 0.02663346645064079 61
1739990003021 0.02029790202728831 62
1739990004719 0.024736647959798574 63
1739990006407 0.024272590732345216 64
1739990008102 0.01756439762763106 65
1739990009791 0.021783224378640834 66
1739990011484 0.02279408317274199 67
1739990013180 0.020820538513362408 68
1739990014864 0.021005499713982526 69
1739990016563 0.02110598995708502 70
1739990018252 0.024025992776911993 71
1739990019951 0.024835372558579996 72
1739990021641 0.025037451647222042 73
1739990023336 0.016098368518914167 74
1739990025038 0.02289756745673143 75
1739990026732 0.013508867723150896 76
1739990028424 0.012442716146604372 77
1739990030124 0.016078964359341905 78
1739990031820 0.013663309751651607 79
1739990033519 0.01511948716898377 80
1739990035214 0.019861744412292655 81
1739990036903 0.02057208797822778 82
1739990038594 0.018632479692594364 83
1739990040290 0.017255850637761447 84
1739990041993 0.014883864688901948 85
1739990043690 0.010256059951363848 86
1739990045374 0.017215972461809333 87
1739990047070 0.011361912752573308 88
1739990048768 0.017179295868397906 89
1739990050463 0.010805342024048934 90
1739990052162 0.013375869414840754 91
1739990053852 0.01473257404107314 92
1739990055546 0.01588551621310986 93
1739990057245 0.01136225315097433 94
1739990058943 0.007650815702688236 95
1739990060639 0.005527843542110462 96
1739990062334 0.01772276831504244 97
1739990064033 0.013682228405601703 98
1739990065730 0.012633300135628535 99
