1739990274040 0.5068142414093018 0
1739990275752 0.6228818893432617 1
1739990277455 0.6812149286270142 2
1739990279148 0.716340959072113 3
1739990280838 0.7229856848716736 4
1739990282536 0.750752866268158 5
1739990284238 0.7717332243919373 6
1739990285940 0.7978155612945557 7
1739990287640 0.8269006013870239 8
1739990289329 0.8517369627952576 9
1739990291028 0.8651041388511658 10
1739990292731 0.876424252986908 11
1739990294429 0.9059050679206848 12
1739990296131 0.9246578812599182 13
1739990297809 0.9084792137145996 14
1739990299505 0.9313520789146423 15
1739990301206 0.9272889494895935 16
1739990302910 0.9243410229682922 17
1739990304609 0.942431628704071 18
1739990306304 0.9431566596031189 19
1739990307990 0.9519352316856384 20
1739990309694 0.9585672616958618 21
1739990311395 0.9592734575271606 22
1739990313094 0.9563167691230774 23
1739990314789 0.9669575095176697 24
1739990316466 0.9563403129577637 25
1739990318171 0.9556125402450562 26
1739990319867 0.9591237902641296 27
1739990321563 0.9710497260093689 28
1739990323265 0.9752545356750488 29
1739990324953 0.9728040099143982 30
1739990326646 0.9812533855438232 31
1739990328352 0.9756312966346741 32
1739990330049 0.974077582359314 33
1739990331748 0.9810230731964111 34
1739990333442 0.9833308458328247 35
1739990335140 0.9794630408287048 36
1739990336844 0.9797273874282837 37
1739990338549 0.9742293953895569 38
1739990340254 0.9850780367851257 39
1739990341953 0.9842405915260315 40
1739990343648 0.977832555770874 41
1739990345350 0.9868118166923523 42
1739990347053 0.9849153757095337 43
1739990348753 0.9795053601264954 44
1739990350449 0.9934207201004028 45
1739990352145 0.9877569675445557 46
1739990353843 0.9825682640075684 47
1739990355541 0.9881938695907593 48
1739990357240 0.9902142882347107 49
1739990358939 0.9845847487449646 50
1739990360632 0.9908044934272766 51
1739990362322 0.9915788173675537 52
1739990364020 0.9899805784225464 53
1739990365722 0.9949224591255188 54
1739990367424 0.9832867980003357 55
1739990369120 0.9989165663719177 56
1739990370820 0.9899742007255554 57
1739990372519 0.9910733699798584 58
1739990374223 0.9964432120323181 59
1739990375925 0.9853457808494568 60
1739990377621 0.9963427782058716 61
1739990379321 0.991737425327301 62
1739990381011 0.9917136430740356 63
1739990382718 0.9922515153884888 64
1739990384418 0.9914251565933228 65
1739990386120 0.9905393719673157 66
1739990387821 0.9987180233001709 67
1739990389514 0.9900872707366943 68
1739990391212 0.9951097369194031 69
1739990392913 0.9948108196258545 70
1739990394613 0.9988688230514526 71
1739990396312 0.9936221837997437 72
1739990398006 0.9961997270584106 73
1739990399703 0.9914994239807129 74
1739990401402 0.9952686429023743 75
1739990403108 0.994755208492279 76
1739990404802 0.9965255856513977 77
1739990406502 0.9953693151473999 78
1739990408192 0.9972826242446899 79
1739990409890 0.9864385724067688 80
1739990411592 0.9964190125465393 81
1739990413287 0.9893836379051208 82
1739990414990 0.9937615394592285 83
1739990416683 0.9919188022613525 84
1739990418377 0.9954705834388733 85
1739990420075 0.9940345287322998 86
1739990421766 0.995340883731842 87
1739990423465 0.998798131942749 88
1739990425157 0.9952085018157959 89
1739990426849 0.9964626431465149 90
1739990428552 0.9937156438827515 91
1739990430253 0.9969897866249084 92
1739990431947 0.9953672289848328 93
1739990433647 0.9963327646255493 94
1739990435335 0.9932958483695984 95
1739990437034 0.996921956539154 96
1739990438730 0.9958125352859497 97
1739990440425 0.9952988624572754 98
1739990442123 0.9924594163894653 99
