1739990274040 0.5129535794258118 0
1739990275752 0.62446528673172 1
1739990277455 0.674771785736084 2
1739990279148 0.7243273854255676 3
1739990280838 0.7858185172080994 4
1739990282536 0.8106495141983032 5
1739990284238 0.8469363451004028 6
1739990285940 0.8570631742477417 7
1739990287640 0.8770655393600464 8
1739990289329 0.863479495048523 9
1739990291028 0.9102946519851685 10
1739990292731 0.9112103581428528 11
1739990294429 0.9163950085639954 12
1739990296131 0.9226576089859009 13
1739990297809 0.923576831817627 14
1739990299505 0.9256001114845276 15
1739990301206 0.9296994805335999 16
1739990302910 0.9369648694992065 17
1739990304609 0.931115984916687 18
1739990306304 0.9448622465133667 19
1739990307990 0.9477620720863342 20
1739990309694 0.9558183550834656 21
1739990311395 0.954614520072937 22
1739990313094 0.9452095627784729 23
1739990314789 0.9666063189506531 24
1739990316466 0.9640386700630188 25
1739990318171 0.9649214148521423 26
1739990319867 0.9795516729354858 27
1739990321563 0.9630081057548523 28
1739990323265 0.9760442972183228 29
1739990324953 0.9782001376152039 30
1739990326646 0.9729450345039368 31
1739990328352 0.9742988348007202 32
1739990330049 0.9774168729782104 33
1739990331748 0.9773679375648499 34
1739990333442 0.9829148054122925 35
1739990335140 0.9814225435256958 36
1739990336844 0.9841882586479187 37
1739990338549 0.9837896227836609 38
1739990340254 0.9751013517379761 39
1739990341953 0.9802934527397156 40
1739990343648 0.9834705591201782 41
1739990345350 0.9897323250770569 42
1739990347053 0.9843959212303162 43
1739990348753 0.9915212988853455 44
1739990350449 0.9838279485702515 45
1739990352145 0.9927875995635986 46
1739990353843 0.9857063889503479 47
1739990355541 0.9832178354263306 48
1739990357240 0.9850914478302002 49
1739990358939 0.9915651679039001 50
1739990360632 0.9897000789642334 51
1739990362322 0.9951583743095398 52
1739990364020 0.9893982410430908 53
1739990365722 0.9952564835548401 54
1739990367424 0.9902917742729187 55
1739990369120 0.9912634491920471 56
1739990370820 0.995063841342926 57
1739990372519 0.9881415963172913 58
1739990374223 0.9901031255722046 59
1739990375925 0.9950741529464722 60
1739990377621 0.9949910640716553 61
1739990379321 0.9865450263023376 62
1739990381011 0.9884904623031616 63
1739990382718 0.9952890276908875 64
1739990384418 0.9893213510513306 65
1739990386120 0.9942618012428284 66
1739990387821 0.9939060807228088 67
1739990389514 0.9965992569923401 68
1739990391212 0.9941044449806213 69
1739990392913 0.9940115213394165 70
1739990394613 0.9963427782058716 71
1739990396312 0.9910489320755005 72
1739990398006 0.9989879131317139 73
1739990399703 0.9950035810470581 74
1739990401402 0.995901882648468 75
1739990403108 0.9916664361953735 76
1739990404802 0.9951676726341248 77
1739990406502 0.9945012927055359 78
1739990408192 0.993010938167572 79
1739990409890 0.9940505623817444 80
1739990411592 0.9924588799476624 81
1739990413287 0.9914140105247498 82
1739990414990 0.9940000176429749 83
1739990416683 0.9956164956092834 84
1739990418377 0.9934667944908142 85
1739990420075 0.9953965544700623 86
1739990421766 0.9950915575027466 87
1739990423465 0.9988519549369812 88
1739990425157 0.9926753640174866 89
1739990426849 0.9964789748191833 90
1739990428552 0.9975734353065491 91
1739990430253 0.9936801195144653 92
1739990431947 0.9957774877548218 93
1739990433647 0.997495174407959 94
1739990435335 0.9975734353065491 95
1739990437034 0.9928440451622009 96
1739990438730 0.9925578832626343 97
1739990440425 0.9929851293563843 98
1739990442123 0.997873067855835 99
