1739991169047 0.6302556991577148 0
1739991171204 0.6022049188613892 1
1739991173346 0.8005779385566711 2
1739991175502 0.8355422019958496 3
1739991177647 0.8550252318382263 4
1739991179806 0.8808748126029968 5
1739991181958 0.8888922929763794 6
1739991184103 0.9003108143806458 7
1739991186262 0.9133738279342651 8
1739991188406 0.9266777634620667 9
1739991190562 0.9369184374809265 10
1739991192718 0.9294369220733643 11
1739991194873 0.9502151012420654 12
1739991197020 0.9450086951255798 13
1739991199175 0.9478161334991455 14
1739991201321 0.9554258584976196 15
1739991203467 0.959187924861908 16
1739991205622 0.963925302028656 17
1739991207771 0.961381196975708 18
1739991209926 0.9718490242958069 19
1739991212078 0.961300253868103 20
1739991214223 0.9625440239906311 21
1739991216379 0.9776813983917236 22
1739991218535 0.972332239151001 23
1739991220688 0.9794784188270569 24
1739991222848 0.9807714819908142 25
1739991224991 0.9777575731277466 26
1739991227134 0.9809304475784302 27
1739991229286 0.9804004430770874 28
1739991231425 0.9868497252464294 29
1739991233575 0.9862991571426392 30
1739991235729 0.9820456504821777 31
1739991237888 0.9825085401535034 32
1739991240031 0.9892863035202026 33
1739991242180 0.9920386075973511 34
1739991244331 0.9823864102363586 35
1739991246485 0.9914472103118896 36
1739991248640 0.9861761331558228 37
1739991250793 0.9900975823402405 38
1739991252939 0.9879586696624756 39
1739991255079 0.9911351203918457 40
1739991257246 0.993354082107544 41
1739991259405 0.991331934928894 42
1739991261563 0.9906671643257141 43
1739991263716 0.9936899542808533 44
1739991265860 0.988970935344696 45
1739991268008 0.9892078042030334 46
1739991270168 0.9965711832046509 47
1739991272325 0.989984393119812 48
1739991274494 0.9951466917991638 49
1739991276638 0.9951099157333374 50
1739991278786 0.9905266761779785 51
1739991280935 0.9916771650314331 52
1739991283088 0.9941570162773132 53
1739991285244 0.9938754439353943 54
1739991287398 0.9975962042808533 55
1739991289539 0.9929021596908569 56
1739991291678 0.994202733039856 57
1739991293832 0.9953891038894653 58
1739991295978 0.9891930222511292 59
1739991298133 0.9908555746078491 60
1739991300279 0.9921055436134338 61
1739991302426 0.9972386956214905 62
1739991304558 0.9964093565940857 63
1739991306724 0.9950684905052185 64
1739991308880 0.9916306138038635 65
1739991311037 0.9981685280799866 66
1739991313195 1.0 67
1739991315346 0.9963935613632202 68
1739991317480 0.9964591264724731 69
1739991319634 0.9948115348815918 70
1739991321785 0.994172215461731 71
1739991323932 0.9977297186851501 72
1739991326085 0.99601149559021 73
1739991328232 0.9967338442802429 74
1739991330365 0.9925774931907654 75
1739991332513 0.997334897518158 76
1739991334675 0.9919754266738892 77
1739991336827 0.9924155473709106 78
1739991338981 0.9933469295501709 79
1739991341122 0.9930282831192017 80
1739991343261 0.9957576394081116 81
1739991345410 0.9950435757637024 82
1739991347570 0.9959686994552612 83
1739991349712 0.997433066368103 84
1739991351879 0.9945766925811768 85
1739991354039 0.9962928891181946 86
1739991356176 0.992783784866333 87
1739991358335 0.995512843132019 88
1739991360489 0.9968485236167908 89
1739991362642 0.9974718689918518 90
1739991364788 0.995121419429779 91
1739991366935 0.9956117868423462 92
1739991369065 0.9966101050376892 93
1739991371218 0.9989011287689209 94
1739991373367 0.995293140411377 95
1739991375523 0.996877133846283 96
1739991377673 0.998834490776062 97
1739991379819 0.9958392381668091 98
1739991381964 0.9964597225189209 99
