1739991169047 0.44314730167388916 0
1739991171204 0.7263621091842651 1
1739991173346 0.6632389426231384 2
1739991175502 0.7208045125007629 3
1739991177647 0.7698197364807129 4
1739991179806 0.8268914222717285 5
1739991181958 0.8419586420059204 6
1739991184103 0.8741926550865173 7
1739991186262 0.9010427594184875 8
1739991188406 0.9332429766654968 9
1739991190562 0.9223943948745728 10
1739991192718 0.9377545714378357 11
1739991194873 0.9449133276939392 12
1739991197020 0.9550127983093262 13
1739991199175 0.9585310220718384 14
1739991201321 0.9469578266143799 15
1739991203467 0.9656317234039307 16
1739991205622 0.9691649675369263 17
1739991207771 0.9684752225875854 18
1739991209926 0.9681335091590881 19
1739991212078 0.9763883948326111 20
1739991214223 0.9759677648544312 21
1739991216379 0.9760881066322327 22
1739991218535 0.9778683185577393 23
1739991220688 0.980211079120636 24
1739991222848 0.9792214035987854 25
1739991224991 0.9729167819023132 26
1739991227134 0.9855096340179443 27
1739991229286 0.9863306283950806 28
1739991231425 0.9894419312477112 29
1739991233575 0.9884039163589478 30
1739991235729 0.984539806842804 31
1739991237888 0.9861366152763367 32
1739991240031 0.9902732372283936 33
1739991242180 0.9896730780601501 34
1739991244331 0.9871389865875244 35
1739991246485 0.9912692308425903 36
1739991248640 0.9956197142601013 37
1739991250793 0.9872785806655884 38
1739991252939 0.990461528301239 39
1739991255079 0.9890069365501404 40
1739991257246 0.9924576282501221 41
1739991259405 0.9930611848831177 42
1739991261563 0.9949519634246826 43
1739991263716 0.9943535327911377 44
1739991265860 0.9915585517883301 45
1739991268008 0.9933375120162964 46
1739991270168 0.9944027066230774 47
1739991272325 0.9894630908966064 48
1739991274494 0.9934011697769165 49
1739991276638 0.9941226243972778 50
1739991278786 0.9888498783111572 51
1739991280935 0.9923200011253357 52
1739991283088 0.9963416457176208 53
1739991285244 0.9939303398132324 54
1739991287398 0.9975574612617493 55
1739991289539 0.9942418932914734 56
1739991291678 0.9917702078819275 57
1739991293832 0.9973917603492737 58
1739991295978 0.989570677280426 59
1739991298133 0.9943601489067078 60
1739991300279 0.9902876019477844 61
1739991302426 0.9942828416824341 62
1739991304558 0.9963427782058716 63
1739991306724 0.9917051792144775 64
1739991308880 0.995253324508667 65
1739991311037 0.9979743361473083 66
1739991313195 0.994008481502533 67
1739991315346 0.9965840578079224 68
1739991317480 0.9941171407699585 69
1739991319634 0.997433066368103 70
1739991321785 0.9954844117164612 71
1739991323932 0.9951512813568115 72
1739991326085 0.9951145648956299 73
1739991328232 0.9949785470962524 74
1739991330365 0.9964055418968201 75
1739991332513 0.9922064542770386 76
1739991334675 0.9949222803115845 77
1739991336827 0.997409999370575 78
1739991338981 0.9937707185745239 79
1739991341122 0.9966043829917908 80
1739991343261 0.9964286088943481 81
1739991345410 0.9986737966537476 82
1739991347570 0.9960669279098511 83
1739991349712 0.9974766373634338 84
1739991351879 0.9965157508850098 85
1739991354039 0.9954212307929993 86
1739991356176 0.9965978860855103 87
1739991358335 0.9951667189598083 88
1739991360489 0.9932926297187805 89
1739991362642 1.0 90
1739991364788 0.9949869513511658 91
1739991366935 0.9944967031478882 92
1739991369065 0.9949260354042053 93
1739991371218 0.9956008195877075 94
1739991373367 0.998834490776062 95
1739991375523 0.9928387999534607 96
1739991377673 0.9964197874069214 97
1739991379819 0.9948052763938904 98
1739991381964 0.9966273903846741 99
