1739987197618 0.4434684216976166 0
1739987199189 0.658663809299469 1
1739987200743 0.6727727055549622 2
1739987202302 0.7108227014541626 3
1739987203861 0.7472648620605469 4
1739987205432 0.4048050045967102 5
1739987206985 0.30826371908187866 6
1739987208536 0.16976363956928253 7
1739987210090 0.14122171700000763 8
1739987211635 0.3339826762676239 9
1739987213204 0.40144041180610657 10
1739987214758 0.5128311514854431 11
1739987216301 0.17062968015670776 12
1739987217864 0.5518901348114014 13
1739987219408 0.547410786151886 14
1739987220948 0.43965399265289307 15
1739987222499 0.23776040971279144 16
1739987224047 0.0512152798473835 17
1739987225595 0.5046776533126831 18
1739987227150 0.4971354305744171 19
1739987228703 0.21098007261753082 20
1739987230247 0.06695156544446945 21
1739987231799 0.5019097328186035 22
1739987233364 0.08136458694934845 23
1739987234921 0.4704708456993103 24
1739987236484 0.0 25
1739987238047 0.419809490442276 26
1739987239603 0.49904516339302063 27
1739987241160 0.027290448546409607 28
1739987242731 0.0796675756573677 29
1739987244282 0.3909500241279602 30
1739987245826 0.5049189329147339 31
1739987247359 0.5015192031860352 32
1739987248915 0.4031045734882355 33
1739987250469 0.053766608238220215 34
1739987252021 0.36761704087257385 35
1739987253574 0.4035279452800751 36
1739987255112 0.4953603744506836 37
1739987256663 0.022727273404598236 38
1739987258216 0.2865528166294098 39
1739987259761 0.49904516339302063 40
1739987261310 0.3221161663532257 41
1739987262852 0.3704460561275482 42
1739987264397 0.0528813861310482 43
1739987265946 0.0 44
1739987267498 0.20462962985038757 45
1739987269055 0.26666998863220215 46
1739987270598 0.0555555559694767 47
1739987272148 0.0 48
1739987273693 0.26454299688339233 49
1739987275251 0.4980902671813965 50
1739987276801 0.5 51
1739987278346 0.49944156408309937 52
1739987279890 0.1941484659910202 53
1739987281436 0.0 54
1739987282978 0.0555555559694767 55
1739987284522 0.11728395521640778 56
1739987286063 0.4714553654193878 57
1739987287619 0.3546830117702484 58
1739987289171 0.5013280510902405 59
1739987290721 0.5057291388511658 60
1739987292269 0.4980902671813965 61
1739987293816 0.4139750599861145 62
1739987295370 0.5021945834159851 63
1739987296921 0.4617731273174286 64
1739987298470 0.1517162024974823 65
1739987300011 0.27156564593315125 66
1739987301541 0.5127600431442261 67
1739987303094 0.4403435289859772 68
1739987304642 0.518610417842865 69
1739987306195 0.49390044808387756 70
1739987307745 0.0784313753247261 71
1739987309277 0.0555555559694767 72
1739987310839 0.4811069667339325 73
1739987312385 0.32964399456977844 74
1739987313938 0.42535850405693054 75
1739987315496 0.5019097328186035 76
1739987317039 0.4980902671813965 77
1739987318585 0.4128246009349823 78
1739987320135 0.48668739199638367 79
1739987321688 0.34160181879997253 80
1739987323249 0.47235044836997986 81
1739987324800 0.4952256977558136 82
1739987326345 0.4952496588230133 83
1739987327899 0.16221395134925842 84
1739987329459 0.0 85
1739987331018 0.13873456418514252 86
1739987332576 0.0 87
1739987334117 0.4169173240661621 88
1739987335661 0.47910282015800476 89
1739987337219 0.1656746119260788 90
1739987338762 0.0 91
1739987340306 0.3184732496738434 92
1739987341848 0.5008449554443359 93
1739987343394 0.4997854232788086 94
1739987344940 0.49608415365219116 95
1739987346490 0.25471967458724976 96
1739987348040 0.16006852686405182 97
1739987349583 0.29686346650123596 98
1739987351128 0.0 99
