1739987197618 0.4720642864704132 0
1739987199189 0.7223725318908691 1
1739987200743 0.7823456525802612 2
1739987202302 0.7752512097358704 3
1739987203861 0.7736595273017883 4
1739987205432 0.40959489345550537 5
1739987206985 0.25799164175987244 6
1739987208536 0.3381558656692505 7
1739987210090 0.3598090410232544 8
1739987211635 0.19187746942043304 9
1739987213204 0.2837616503238678 10
1739987214758 0.4571398198604584 11
1739987216301 0.5336937308311462 12
1739987217864 0.6406119465827942 13
1739987219408 0.7699370384216309 14
1739987220948 0.3230600357055664 15
1739987222499 0.243923619389534 16
1739987224047 0.4353298544883728 17
1739987225595 0.034074075520038605 18
1739987227150 0.0 19
1739987228703 0.47408002614974976 20
1739987230247 0.4925486743450165 21
1739987231799 0.0 22
1739987233364 0.4696180522441864 23
1739987234921 0.08868634700775146 24
1739987236484 0.4971354305744171 25
1739987238047 0.14737215638160706 26
1739987239603 0.0 27
1739987241160 0.49840033054351807 28
1739987242731 0.47818291187286377 29
1739987244282 0.39264044165611267 30
1739987245826 0.0416666679084301 31
1739987247359 0.10000000149011612 32
1739987248915 0.1289552003145218 33
1739987250469 0.4639890491962433 34
1739987252021 0.22095760703086853 35
1739987253574 0.32601767778396606 36
1739987255112 0.02777777798473835 37
1739987256663 0.49508100748062134 38
1739987258216 0.3299596905708313 39
1739987259761 0.0 40
1739987261310 0.412926584482193 41
1739987262852 0.13029424846172333 42
1739987264397 0.4732358753681183 43
1739987265946 0.5028645992279053 44
1739987267498 0.5016236901283264 45
1739987269055 0.3370935022830963 46
1739987270598 0.5021489262580872 47
1739987272148 0.4971354305744171 48
1739987273693 0.35989871621131897 49
1739987275251 0.0 50
1739987276801 0.0 51
1739987278346 0.15690235793590546 52
1739987279890 0.4875284731388092 53
1739987281436 0.49904516339302063 54
1739987282978 0.500229001045227 55
1739987284522 0.4976579248905182 56
1739987286063 0.11390402913093567 57
1739987287619 0.2117496281862259 58
1739987289171 0.06446408480405807 59
1739987290721 0.0 60
1739987292269 0.0 61
1739987293816 0.23996564745903015 62
1739987295370 0.17752909660339355 63
1739987296921 0.2785252034664154 64
1739987298470 0.5058354139328003 65
1739987300011 0.5026600956916809 66
1739987301541 0.42565101385116577 67
1739987303094 0.5037946701049805 68
1739987304642 0.34518343210220337 69
1739987306195 0.26909366250038147 70
1739987307745 0.4953218102455139 71
1739987309277 0.4954444169998169 72
1739987310839 0.1388937532901764 73
1739987312385 0.24570631980895996 74
1739987313938 0.39900991320610046 75
1739987315496 0.0 76
1739987317039 0.0 77
1739987318585 0.4371017515659332 78
1739987320135 0.3250163197517395 79
1739987321688 0.48612111806869507 80
1739987323249 0.08032035827636719 81
1739987324800 0.0 82
1739987326345 0.0555555559694767 83
1739987327899 0.4787949025630951 84
1739987329459 0.5 85
1739987331018 0.5025697350502014 86
1739987332576 0.49693721532821655 87
1739987334117 0.5206363797187805 88
1739987335661 0.49252551794052124 89
1739987337219 0.5023947358131409 90
1739987338762 0.4952256977558136 91
1739987340306 0.4969901442527771 92
1739987341848 0.502049446105957 93
1739987343394 0.3105980455875397 94
1739987344940 0.44503965973854065 95
1739987346490 0.533366322517395 96
1739987348040 0.4953297972679138 97
1739987349583 0.49963533878326416 98
1739987351128 0.5028645992279053 99
