1739990274040 0.6927924018639785 0
1739990275752 0.6688407246883099 1
1739990277455 0.6436062867824848 2
1739990279148 0.6042885872033926 3
1739990280838 0.5546000233063331 4
1739990282536 0.4952392555200137 5
1739990284238 0.44559170191104597 6
1739990285940 0.3962837755680084 7
1739990287640 0.3480607248269595 8
1739990289329 0.32520920725969166 9
1739990291028 0.285079755462133 10
1739990292731 0.27023458022337693 11
1739990294429 0.23978597384232742 12
1739990296131 0.21643881729015937 13
1739990297809 0.21384306252002716 14
1739990299505 0.191072214108247 15
1739990301206 0.18917922847546065 16
1739990302910 0.1703964093556771 17
1739990304609 0.16479200296677077 18
1739990306304 0.14686118066310883 19
1739990307990 0.14686823292420462 20
1739990309694 0.131319655248752 21
1739990311395 0.12702904297755316 22
1739990313094 0.12216088405022255 23
1739990314789 0.10195184613649662 24
1739990316466 0.10940985438915399 25
1739990318171 0.10297333563749607 26
1739990319867 0.08983154623554303 27
1739990321563 0.08780665695667267 28
1739990323265 0.0744451006444601 29
1739990324953 0.0746469208254264 30
1739990326646 0.0747461635619402 31
1739990328352 0.07011239746442208 32
1739990330049 0.07023208416425265 33
1739990331748 0.05663253180682659 34
1739990333442 0.05498834928640953 35
1739990335140 0.053267074175752126 36
1739990336844 0.05473496464009468 37
1739990338549 0.057701005098911434 38
1739990340254 0.055573428909365945 39
1739990341953 0.04852724605454849 40
1739990343648 0.05158618837594986 41
1739990345350 0.035529277502344206 42
1739990347053 0.03974828038078088 43
1739990348753 0.042763942995896705 44
1739990350449 0.03231989907530638 45
1739990352145 0.03555168755925619 46
1739990353843 0.047127016103611544 47
1739990355541 0.03706038256104176 48
1739990357240 0.03577802917705132 49
1739990358939 0.035379462947066016 50
1739990360632 0.026951955774655707 51
1739990362322 0.02429744952286665 52
1739990364020 0.029193171944755774 53
1739990365722 0.022668317533456363 54
1739990367424 0.034601706151778884 55
1739990369120 0.018233688870588176 56
1739990370820 0.027401141034295924 57
1739990372519 0.030611312160125144 58
1739990374223 0.028057088788885336 59
1739990375925 0.026193192443595484 60
1739990377621 0.01635860547853204 61
1739990379321 0.028315482947688837 62
1739990381011 0.02970374669306553 63
1739990382718 0.019775639144847028 64
1739990384418 0.026595397028498925 65
1739990386120 0.026771893724799156 66
1739990387821 0.012828892096877098 67
1739990389514 0.01597083915168276 68
1739990391212 0.015016224593497239 69
1739990392913 0.020392154146415684 70
1739990394613 0.01118948905227276 71
1739990396312 0.020617723787346713 72
1739990398006 0.011686492174004134 73
1739990399703 0.019663813523948193 74
1739990401402 0.015197579569828052 75
1739990403108 0.020502568867344122 76
1739990404802 0.016684268422138233 77
1739990406502 0.013650935787994128 78
1739990408192 0.01678069240341966 79
1739990409890 0.024809191558653347 80
1739990411592 0.019596427535781495 81
1739990413287 0.02422233735426114 82
1739990414990 0.014211282993738469 83
1739990416683 0.01917708471703988 84
1739990418377 0.01622955502870564 85
1739990420075 0.01443462109623047 86
1739990421766 0.014538234637047235 87
1739990423465 0.0096184009901033 88
1739990425157 0.01335511184655703 89
1739990426849 0.011909999777204715 90
1739990428552 0.012128715546658406 91
1739990430253 0.013058184502789607 92
1739990431947 0.014783892350701185 93
1739990433647 0.009278749599336432 94
1739990435335 0.012819459554381095 95
1739990437034 0.016284377511160877 96
1739990438730 0.01843361986371187 97
1739990440425 0.01390974447489358 98
1739990442123 0.016156104447033543 99
