1739986718226 0.7817430037718552 0
1739986719335 0.6836522542513334 1
1739986720431 0.6554552958561823 2
1739986721526 0.6101200947394738 3
1739986722622 0.575379892037465 4
1739986723726 0.5878925094237695 5
1739986724825 0.5566704640021691 6
1739986725918 0.58312150148245 7
1739986727011 0.73407716017503 8
1739986728104 0.6965745641635015 9
1739986729197 0.6935344017468966 10
1739986730288 0.6938174366950989 11
1739986731386 0.6935319487865155 12
1739986732477 0.6934882356570318 13
1739986733572 0.693438131075639 14
1739986734662 0.6932691289828374 15
1739986735759 0.6934465169906616 16
1739986736854 0.6934090990286607 17
1739986737945 0.693404917533581 18
1739986739047 0.6932687209202693 19
1739986740150 0.6931180357933044 20
1739986741248 0.6936090680269095 21
1739986742344 0.693746988589947 22
1739986743440 0.6933846427844121 23
1739986744534 0.6933797597885132 24
1739986745631 0.6933177021833566 25
1739986746724 0.6934542793494004 26
1739986747815 0.6932609631465032 27
1739986748908 0.6937727836462168 28
1739986750002 0.6935004958739648 29
1739986751096 0.6932671757844778 30
1739986752192 0.6932832323587858 31
1739986753285 0.6932608255973229 32
1739986754379 0.6932754103954022 33
1739986755472 0.6934896936783423 34
1739986756568 0.6933171015519363 35
1739986757660 0.6931889194708604 36
1739986758758 0.6931642660727868 37
1739986759857 0.6938368861491864 38
1739986760948 0.6933622085131131 39
1739986762050 0.6935825943946838 40
1739986763148 0.6933488570726835 41
1739986764242 0.6932337880134583 42
1739986765342 0.6932120414880606 43
1739986766443 0.693389567045065 44
1739986767546 0.6931377832706158 45
1739986768642 0.6933532173816974 46
1739986769739 0.6932483957364008 47
1739986770832 0.693449827340933 48
1739986771929 0.6932780284147996 49
1739986773028 0.6933517547754141 50
1739986774124 0.6933159461388221 51
1739986775219 0.6932761256511395 52
1739986776311 0.6932719808358413 53
1739986777405 0.6933991450529832 54
1739986778499 0.6932912056262677 55
1739986779594 0.6933926664865934 56
1739986780690 0.6932335862746606 57
1739986781782 0.6932609172967764 58
1739986782875 0.6935788301321176 59
1739986783986 0.6932923518694364 60
1739986785083 0.6934491854447585 61
1739986786175 0.6932538747787476 62
1739986787266 0.6933382932956402 63
1739986788359 0.6935009956359863 64
1739986789458 0.6931041112312903 65
1739986790552 0.6943301650194021 66
1739986791647 0.6932460436454186 67
1739986792743 0.6931838118113004 68
1739986793840 0.6931856916500971 69
1739986794936 0.6931758247889005 70
1739986796029 0.6932535309057969 71
1739986797127 0.6932544937500587 72
1739986798222 0.6933087018819956 73
1739986799316 0.693375133551084 74
1739986800408 0.6933565598267776 75
1739986801509 0.6932290975864117 76
1739986802600 0.6933193894533011 77
1739986803694 0.6931709188681382 78
1739986804786 0.6932168373694787 79
1739986805883 0.6932667723068824 80
1739986806972 0.6935057961023771 81
1739986808065 0.6932813571049616 82
1739986809157 0.6932236414689285 83
1739986810258 0.6931519645910996 84
1739986811346 0.6932756167191726 85
1739986812441 0.6931734130932734 86
1739986813532 0.6932422977227432 87
1739986814632 0.6932601653612577 88
1739986815728 0.6930821308722863 89
1739986816819 0.6932178919131939 90
1739986817910 0.6932058655298673 91
1739986819004 0.6933337174929105 92
1739986820098 0.6931840043801528 93
1739986821194 0.6931606852091275 94
1739986822279 0.6932904445208036 95
1739986823372 0.6931936740875244 96
1739986824467 0.6933104808513935 97
1739986825567 0.6931677460670471 98
1739986826662 0.6932435173254746 99
