1739986411446 1.1706370115280151 0
1739986411718 0.7248865962028503 1
1739986411984 0.7066574295361837 2
1739986412246 0.7000163793563843 3
1739986412511 0.6991885503133138 4
1739986412777 0.694124182065328 5
1739986413045 0.695602277914683 6
1739986413315 0.6967094540596008 7
1739986413580 0.6966624657313029 8
1739986413844 0.6932127475738525 9
1739986414110 0.6936970949172974 10
1739986414370 0.6949386994043986 11
1739986414636 0.693244735399882 12
1739986414902 0.6938044428825378 13
1739986415165 0.6945635279019674 14
1739986415434 0.6938274304072062 15
1739986415697 0.6933046181996664 16
1739986415962 0.6942480007807413 17
1739986416227 0.6944816509882609 18
1739986416492 0.6961178779602051 19
1739986416757 0.6932507952054342 20
1739986417019 0.6929609974225363 21
1739986417284 0.6943835218747457 22
1739986417548 0.6936266620953878 23
1739986417815 0.69328906138738 24
1739986418079 0.6933553616205851 25
1739986418345 0.6933202743530273 26
1739986418612 0.6953627864519755 27
1739986418874 0.6937814950942993 28
1739986419143 0.6925977468490601 29
1739986419416 0.6936230659484863 30
1739986419682 0.6936318675676981 31
1739986419944 0.6928111712137858 32
1739986420204 0.6936283111572266 33
1739986420462 0.6934255957603455 34
1739986420724 0.7020075519879659 35
1739986420989 0.697354237238566 36
1739986421251 0.6948128938674927 37
1739986421509 0.6942953666051229 38
1739986421774 0.6928429007530212 39
1739986422043 0.6941703955332438 40
1739986422305 0.695684015750885 41
1739986422565 0.6945051550865173 42
1739986422831 0.6963517467180887 43
1739986423097 0.6927850246429443 44
1739986423363 0.6977827350298563 45
1739986423626 0.6972969571749369 46
1739986423883 0.6945911447207133 47
1739986424148 0.6936136484146118 48
1739986424414 0.6930298209190369 49
1739986424675 0.6943395137786865 50
1739986424936 0.6937933564186096 51
1739986425194 0.6932738820711771 52
1739986425460 0.6949744820594788 53
1739986425722 0.6936904390652975 54
1739986425988 0.6931517720222473 55
1739986426254 0.6933765212694804 56
1739986426522 0.694564700126648 57
1739986426786 0.6934864521026611 58
1739986427054 0.6940620144208273 59
1739986427321 0.6941178441047668 60
1739986427579 0.6934716105461121 61
1739986427844 0.6929849783579508 62
1739986428113 0.6935356458028158 63
1739986428378 0.6934386094411215 64
1739986428644 0.6937883297602335 65
1739986428909 0.6951726277669271 66
1739986429173 0.6948855717976888 67
1739986429439 0.692919115225474 68
1739986429707 0.6933109362920126 69
1739986429974 0.693780263264974 70
1739986430239 0.6935349504152933 71
1739986430505 0.692636251449585 72
1739986430765 0.6944082379341125 73
1739986431027 0.6944137811660767 74
1739986431288 0.6940143704414368 75
1739986431552 0.6933879057566324 76
1739986431816 0.6937139630317688 77
1739986432074 0.6936446825663248 78
1739986432337 0.6943605740865072 79
1739986432597 0.6936377286911011 80
1739986432859 0.6932598948478699 81
1739986433121 0.6935087839762369 82
1739986433386 0.6938414374987284 83
1739986433652 0.693549911181132 84
1739986433917 0.6937326391537985 85
1739986434181 0.6956961353619894 86
1739986434445 0.6937598784764608 87
1739986434705 0.6931683222452799 88
1739986434967 0.6939036051432291 89
1739986435236 0.6940339207649231 90
1739986435499 0.6942400733629862 91
1739986435762 0.694066603978475 92
1739986436027 0.6932217478752136 93
1739986436291 0.6953288316726685 94
1739986436552 0.6944078207015991 95
1739986436815 0.69295734167099 96
1739986437078 0.6948938369750977 97
1739986437341 0.6943721373875936 98
1739986437603 0.693124016125997 99
