1739985840669 0.7196733402709167 0
1739985844757 0.7062187429931429 1
1739985848872 0.6937740832567215 2
1739985852951 0.6937176860041089 3
1739985857035 0.693737989001804 4
1739985861119 0.6943263163169225 5
1739985865204 0.693968935476409 6
1739985869266 0.6940188934405644 7
1739985873361 0.6962955600685543 8
1739985877480 0.6941682550642225 9
1739985881569 0.6934866716464361 10
1739985885690 0.6935810082488589 11
1739985889764 0.6949641681379742 12
1739985893844 0.6941381093528536 13
1739985897945 0.6935649699634976 14
1739985902018 0.6946313470602036 15
1739985906071 0.6950516478882895 16
1739985910136 0.694252066148652 17
1739985914194 0.6962678008609348 18
1739985918267 0.6941421346531974 19
1739985922339 0.6969155447350608 20
1739985926416 0.694776549604204 21
1739985930492 0.6941858337985145 22
1739985934565 0.6933703601360321 23
1739985938632 0.693397636546029 24
1739985942744 0.693995440337393 25
1739985946818 0.6955877403418224 26
1739985950912 0.69431155886915 27
1739985955028 0.6933976570765178 28
1739985959071 0.6934025082323286 29
1739985963087 0.6953705463144514 30
1739985967110 0.6939911077419917 31
1739985971134 0.6945653935273488 32
1739985975149 0.698055848148134 33
1739985979083 0.694793309768041 34
1739985983170 0.693272559510337 35
1739985987090 0.6933275673124525 36
1739985991015 0.6934617218044069 37
1739985994941 0.6934254239002864 38
1739985998857 0.6933923737870322 39
1739986002796 0.6935060875283348 40
1739986006800 0.6940995534261067 41
1739986010870 0.6938851237297058 42
1739986014960 0.6937792321046193 43
1739986019067 0.6946425153149499 44
1739986023187 0.6939711391925811 45
1739986027237 0.6946953253613578 46
1739986031282 0.6956793384419547 47
1739986035355 0.6943415254354477 48
1739986039406 0.6934186134073469 49
1739986043330 0.6936300850576824 50
1739986047273 0.6953391462564469 51
1739986051214 0.6942406790124045 52
1739986055133 0.6933360907766554 53
1739986059052 0.6935508512788349 54
1739986062948 0.6934761067231496 55
1739986066890 0.6935132361120648 56
1739986070842 0.6937381270858977 57
1739986074775 0.6936310003201167 58
1739986078741 0.6941777050495148 59
1739986082588 0.6937249130672879 60
1739986086395 0.6938580738173591 61
1739986090328 0.6934738218784332 62
1739986094334 0.6940496497684054 63
1739986098329 0.6934246997038523 64
1739986102219 0.6934125542640686 65
1739986106133 0.6952420423428217 66
1739986109956 0.6956224140193727 67
1739986113770 0.6940925627946853 68
1739986117588 0.6933247950341966 69
1739986121392 0.6933321360084745 70
1739986125228 0.6933681365516451 71
1739986129040 0.6934288160668479 72
1739986132970 0.6937807583146625 73
1739986136987 0.6937324742476145 74
1739986140930 0.6939374284611808 75
1739986144806 0.6934567670027415 76
1739986148901 0.693353361222479 77
1739986152818 0.6940942979521222 78
1739986156755 0.6936684730980132 79
1739986160730 0.6935574332873027 80
1739986164784 0.6939139452245501 81
1739986168737 0.6934219631883833 82
1739986172730 0.6933297955327564 83
1739986176676 0.6936228467358483 84
1739986180659 0.6938933806286918 85
1739986184584 0.6947601406110657 86
1739986188538 0.6940394957860311 87
1739986192427 0.6936488747596741 88
1739986196356 0.6943828344345093 89
1739986200308 0.6939277129040824 90
1739986204270 0.6935354659954707 91
1739986208211 0.6933639996581608 92
1739986212145 0.693335951699151 93
1739986216073 0.6957111057307985 94
1739986220165 0.6944887197679943 95
1739986224241 0.6939774715238147 96
1739986228373 0.693309039870898 97
1739986232449 0.6933083431588278 98
1739986236521 0.6932803935474819 99
