1739986582699 0.7955196820772611 0
1739986583798 0.6938662712390606 1
1739986584895 0.6097092284606054 2
1739986585986 0.4726806810268989 3
1739986587079 0.4192531406879425 4
1739986588172 0.4048744050356058 5
1739986589268 0.3747189881709906 6
1739986590364 0.35226285801484036 7
1739986591466 0.33077359428772557 8
1739986592568 0.30750664380880505 9
1739986593667 0.2736735630493898 10
1739986594763 0.3232894448133615 11
1739986595860 0.25385917723178864 12
1739986596953 0.2806441829754756 13
1739986598042 0.2388566778256343 14
1739986599136 0.23904544000442213 15
1739986600225 0.20694583081282103 16
1739986601322 0.21213122457265854 17
1739986602417 0.2220566519177877 18
1739986603516 0.20859873524078956 19
1739986604609 0.23381990538193628 20
1739986605703 0.22045291043244875 21
1739986606798 0.24380446110780424 22
1739986607892 0.6845837097901565 23
1739986608981 0.695517544563 24
1739986610081 0.6932467084664565 25
1739986611177 0.6934605424220746 26
1739986612272 0.6935169696807861 27
1739986613365 0.6937806147795457 28
1739986614464 0.6936592367979196 29
1739986615564 0.6934306254753699 30
1739986616663 0.6941125163665185 31
1739986617762 0.6933404528177701 32
1739986618854 0.6936175410564129 33
1739986619951 0.693650809618143 34
1739986621049 0.6935729567821209 35
1739986622144 0.6935341404034541 36
1739986623242 0.6933042682134188 37
1739986624340 0.6934061096264765 38
1739986625430 0.6942640955631549 39
1739986626524 0.6970216906987704 40
1739986627619 0.693192679148454 41
1739986628710 0.6937399552418635 42
1739986629806 0.6934012770652771 43
1739986630901 0.6933816900620093 44
1739986632002 0.6938320077382601 45
1739986633099 0.693215535237239 46
1739986634191 0.6937687259453994 47
1739986635290 0.6932979822158813 48
1739986636391 0.6934352608827444 49
1739986637489 0.693344886486347 50
1739986638587 0.6934299514843867 51
1739986639687 0.6933243503937354 52
1739986640786 0.693557491669288 53
1739986641880 0.6933380365371704 54
1739986642974 0.693426943742312 55
1739986644071 0.6932901785923884 56
1739986645172 0.6935211603458111 57
1739986646266 0.693675866493812 58
1739986647354 0.6936957882000849 59
1739986648453 0.6932382675317618 60
1739986649557 0.6934235508625324 61
1739986650659 0.6934022399095389 62
1739986651760 0.6932431551126333 63
1739986652859 0.6934529130275433 64
1739986653955 0.6933108247243441 65
1739986655055 0.6937004144375141 66
1739986656157 0.6940849010760968 67
1739986657250 0.6931666640134958 68
1739986658344 0.6934493780136108 69
1739986659439 0.69324424633613 70
1739986660533 0.6933083075743455 71
1739986661626 0.6931244364151588 72
1739986662725 0.6932145815629226 73
1739986663817 0.693150167281811 74
1739986664910 0.6931834083337051 75
1739986666005 0.693223251746251 76
1739986667101 0.6931456327438354 77
1739986668192 0.6931397731487567 78
1739986669288 0.6931305390137893 79
1739986670384 0.6931801667580237 80
1739986671479 0.6935354975553659 81
1739986672577 0.6936333913069505 82
1739986673673 0.693415655539586 83
1739986674764 0.6933368581991929 84
1739986675859 0.6930895768679105 85
1739986676952 0.6932940758191622 86
1739986678047 0.6933023837896494 87
1739986679140 0.6931220797392038 88
1739986680234 0.6932254387782171 89
1739986681334 0.6930697743709271 90
1739986682437 0.6932346729131845 91
1739986683535 0.6931513043550345 92
1739986684633 0.6933058637839097 93
1739986685727 0.6933632172071017 94
1739986686822 0.6931054087785574 95
1739986687917 0.6931235606853778 96
1739986689009 0.6932579278945923 97
1739986690106 0.6931437070553119 98
1739986691200 0.6931581451342657 99
