1739979190971 0.2685185372829437 0
1739979194911 0.23148149251937866 1
1739979198900 0.43888890743255615 2
1739979202812 0.21851851046085358 3
1739979206726 0.3370370864868164 4
1739979210695 0.06296296417713165 5
1739979214599 0.4444444477558136 6
1739979218561 0.053703706711530685 7
1739979222480 0.025925928726792336 8
1739979226378 0.34074077010154724 9
1739979230374 0.12962962687015533 10
1739979234287 0.20000000298023224 11
1739979238162 0.3907407522201538 12
1739979242128 0.3648148477077484 13
1739979246036 0.24444444477558136 14
1739979249951 0.36851853132247925 15
1739979253925 0.2370370477437973 16
1739979257863 0.2611111104488373 17
1739979261762 0.25 18
1739979265647 0.3740741014480591 19
1739979269521 0.3240740895271301 20
1739979273501 0.029629630967974663 21
1739979277400 0.05000000074505806 22
1739979281313 0.09444444626569748 23
1739979285203 0.31296300888061523 24
1739979289089 0.1944444477558136 25
1739979293023 0.5129628777503967 26
1739979296946 0.45000001788139343 27
1739979300878 0.4388888478279114 28
1739979304879 0.24814815819263458 29
1739979308801 0.5444444417953491 30
1739979312705 0.5925924777984619 31
1739979316622 0.3240741193294525 32
1739979320563 0.35370373725891113 33
1739979324482 0.44999995827674866 34
1739979328390 0.366666704416275 35
1739979332287 0.4462962746620178 36
1739979336141 0.5888887643814087 37
1739979340057 0.338888943195343 38
1739979344010 0.5629628896713257 39
1739979347905 0.2814815044403076 40
1739979351838 0.34259262681007385 41
1739979355761 0.4574073851108551 42
1739979359673 0.37037041783332825 43
1739979363575 0.33148154616355896 44
1739979367482 0.2814815044403076 45
1739979371396 0.17407406866550446 46
1739979375353 0.5148147344589233 47
1739979379229 0.20000000298023224 48
1739979383125 0.35555559396743774 49
1739979387055 0.4814814329147339 50
1739979390961 0.09259258955717087 51
1739979394873 0.3888888955116272 52
1739979398757 0.25925928354263306 53
1739979402642 0.5111110210418701 54
1739979406564 0.46296295523643494 55
1739979410451 0.498148113489151 56
1739979414394 0.06111111119389534 57
1739979418316 0.4148148000240326 58
1739979422258 0.5722221732139587 59
1739979426188 0.32962965965270996 60
1739979430117 0.20000000298023224 61
1739979434099 0.22592593729496002 62
1739979438054 0.14444445073604584 63
1739979442085 0.11481481045484543 64
1739979446021 0.19074073433876038 65
1739979449945 0.3462963104248047 66
1739979453853 0.08148149400949478 67
1739979457869 0.20185187458992004 68
1739979461811 0.4203703701496124 69
1739979465850 0.2925926148891449 70
1739979469778 0.07222222536802292 71
1739979473727 0.12777778506278992 72
1739979477645 0.46481478214263916 73
1739979481556 0.38518521189689636 74
1739979485571 0.24814815819263458 75
1739979489477 0.0 76
1739979493384 0.0 77
1739979497281 0.05740741267800331 78
1739979501254 0.44999995827674866 79
1739979505136 0.19074076414108276 80
1739979509028 0.24259260296821594 81
1739979512990 0.20370370149612427 82
1739979516926 0.32777777314186096 83
1739979520792 0.10370370000600815 84
1739979524765 0.15555556118488312 85
1739979528639 0.1796296238899231 86
1739979532549 0.23888888955116272 87
1739979536449 0.42222222685813904 88
1739979540364 0.36851853132247925 89
1739979544251 0.28333336114883423 90
1739979548139 0.13518518209457397 91
1739979552056 0.27592596411705017 92
1739979555938 0.06481482088565826 93
1739979559791 0.10555555671453476 94
1739979563656 0.2777778208255768 95
1739979567530 0.1796296238899231 96
1739979571408 0.24074076116085052 97
1739979575265 0.22777777910232544 98
1739979579147 0.36851853132247925 99
