1739979190971 0.2907407879829407 0
1739979194911 0.30000004172325134 1
1739979198900 0.1240740716457367 2
1739979202812 0.368518590927124 3
1739979206726 0.17592591047286987 4
1739979210695 0.49259254336357117 5
1739979214599 0.1518518626689911 6
1739979218561 0.5074073672294617 7
1739979222480 0.5685184001922607 8
1739979226378 0.20185184478759766 9
1739979230374 0.49259254336357117 10
1739979234287 0.3499999940395355 11
1739979238162 0.15925925970077515 12
1739979242128 0.23333333432674408 13
1739979246036 0.28518521785736084 14
1739979249951 0.1796296238899231 15
1739979253925 0.3500000238418579 16
1739979257863 0.3222222626209259 17
1739979261762 0.3222222626209259 18
1739979265647 0.1944444477558136 19
1739979269521 0.28703707456588745 20
1739979273501 0.5462961792945862 21
1739979277400 0.5018518567085266 22
1739979281313 0.41111111640930176 23
1739979285203 0.27407410740852356 24
1739979289089 0.366666704416275 25
1739979293023 0.04629630222916603 26
1739979296946 0.09259258955717087 27
1739979300878 0.09074074774980545 28
1739979304879 0.35370370745658875 29
1739979308801 0.020370373502373695 30
1739979312705 0.0 31
1739979316622 0.21296295523643494 32
1739979320563 0.22592593729496002 33
1739979324482 0.11296296864748001 34
1739979328390 0.2500000298023224 35
1739979332287 0.12037037312984467 36
1739979336141 0.0 37
1739979340057 0.18518517911434174 38
1739979344010 0.011111111380159855 39
1739979347905 0.27222225069999695 40
1739979351838 0.21296298503875732 41
1739979355761 0.11481481045484543 42
1739979359673 0.18333333730697632 43
1739979363575 0.24814818799495697 44
1739979367482 0.24444447457790375 45
1739979371396 0.4018518626689911 46
1739979375353 0.06111111119389534 47
1739979379229 0.37037041783332825 48
1739979383125 0.1648148149251938 49
1739979387055 0.06666667014360428 50
1739979390961 0.47962960600852966 51
1739979394873 0.16296297311782837 52
1739979398757 0.25740742683410645 53
1739979402642 0.059259261935949326 54
1739979406564 0.10185185074806213 55
1739979410451 0.08518519252538681 56
1739979414394 0.5037036538124084 57
1739979418316 0.14999999105930328 58
1739979422258 0.04074074327945709 59
1739979426188 0.24074074625968933 60
1739979430117 0.3759259283542633 61
1739979434099 0.34259262681007385 62
1739979438054 0.40185192227363586 63
1739979442085 0.43518516421318054 64
1739979446021 0.38333335518836975 65
1739979449945 0.22777777910232544 66
1739979453853 0.5037037134170532 67
1739979457869 0.34259262681007385 68
1739979461811 0.15000000596046448 69
1739979465850 0.24629631638526917 70
1739979469778 0.4592592418193817 71
1739979473727 0.43888890743255615 72
1739979477645 0.08148148655891418 73
1739979481556 0.20555555820465088 74
1739979485571 0.27222225069999695 75
1739979489477 0.5851851105690002 76
1739979493384 0.5740740299224854 77
1739979497281 0.5111110210418701 78
1739979501254 0.12037038058042526 79
1739979505136 0.37407413125038147 80
1739979509028 0.3370370864868164 81
1739979512990 0.3314814865589142 82
1739979516926 0.22037038207054138 83
1739979520792 0.46111106872558594 84
1739979524765 0.39814814925193787 85
1739979528639 0.3500000238418579 86
1739979532549 0.3481481969356537 87
1739979536449 0.1240740716457367 88
1739979540364 0.17037035524845123 89
1739979544251 0.27407410740852356 90
1739979548139 0.43518516421318054 91
1739979552056 0.3074074387550354 92
1739979555938 0.48888882994651794 93
1739979559791 0.46296295523643494 94
1739979563656 0.2814815044403076 95
1739979567530 0.3740740418434143 96
1739979571408 0.3111111521720886 97
1739979575265 0.32962965965270996 98
1739979579147 0.1814814656972885 99
