1739987566591 0.7524430950482687 0
1739987568149 0.699423482020696 1
1739987569705 0.694005184703403 2
1739987571264 0.6940676603052351 3
1739987572807 0.6964163184165955 4
1739987574370 0.6941673225826688 5
1739987575913 0.69171541929245 6
1739987577464 0.6972268323103586 7
1739987579013 0.6942462854915195 8
1739987580557 0.6936610208617316 9
1739987582097 0.6915561358133951 10
1739987583640 0.6941625277201334 11
1739987585182 0.6969557404518127 12
1739987586724 0.6941603521505991 13
1739987588267 0.6938886874251895 14
1739987589809 0.6938300331433614 15
1739987591347 0.6934857467810313 16
1739987592893 0.6939971115854051 17
1739987594434 0.6936278574996524 18
1739987595979 0.6933602922492557 19
1739987597522 0.6939155161380768 20
1739987599065 0.693989806705051 21
1739987600606 0.6929631233215332 22
1739987602130 0.6934494078159332 23
1739987603643 0.6938694881068336 24
1739987605202 0.6938565936353471 25
1739987606744 0.6934109363290999 26
1739987608291 0.693620804283354 27
1739987609845 0.6934142741892073 28
1739987611382 0.6939000056849586 29
1739987612923 0.6939943267239465 30
1739987614473 0.6937461694081625 31
1739987616017 0.6940727333227793 32
1739987617559 0.6934826307826572 33
1739987619108 0.6934849586751726 34
1739987620646 0.6936326689190335 35
1739987622194 0.6942448119322459 36
1739987623742 0.6931324965424008 37
1739987625286 0.6940326591332754 38
1739987626831 0.6942557228936089 39
1739987628375 0.6938533054457771 40
1739987629919 0.6935461461544037 41
1739987631465 0.693417532576455 42
1739987633006 0.6934590505229102 43
1739987634544 0.6931801074080997 44
1739987636095 0.6933904190858206 45
1739987637642 0.6940633555253347 46
1739987639185 0.693213681379954 47
1739987640732 0.6936302052603828 48
1739987642273 0.6932092739476098 49
1739987643812 0.6931741800573137 50
1739987645358 0.6932493878735436 51
1739987646902 0.6932878527376387 52
1739987648450 0.6932317581441667 53
1739987650006 0.693320996231503 54
1739987651552 0.6932001908620199 55
1739987653095 0.6932203703456454 56
1739987654644 0.6932374470763736 57
1739987656179 0.6932327912913429 58
1739987657742 0.6932000484731462 59
1739987659287 0.6931997206475999 60
1739987660826 0.6931947271029154 61
1739987662390 0.6932833790779114 62
1739987663937 0.6933283706506094 63
1739987665484 0.693350225687027 64
1739987667041 0.6932149661911858 65
1739987668591 0.6931880844963921 66
1739987670131 0.69325965974066 67
1739987671679 0.6935735808478461 68
1739987673223 0.6932603849305047 69
1739987674769 0.6932649910449982 70
1739987676325 0.6933760643005371 71
1739987677868 0.6932231022251977 72
1739987679412 0.6932356258233389 73
1739987680964 0.6931911044650607 74
1739987682513 0.6931645174821218 75
1739987684065 0.6932104362381829 76
1739987685620 0.6932874984211392 77
1739987687164 0.6932154099146525 78
1739987688714 0.6931432916058434 79
1739987690260 0.6931787000762092 80
1739987691807 0.6931833426157633 81
1739987693358 0.6931986941231622 82
1739987694900 0.6934196121162839 83
1739987696414 0.6932407551341586 84
1739987697957 0.6931492156452603 85
1739987699503 0.6932149595684476 86
1739987701044 0.6932341522640653 87
1739987702589 0.6932357615894742 88
1739987704136 0.6931469506687589 89
1739987705676 0.6931721534993913 90
1739987707220 0.6931509143776364 91
1739987708763 0.6932379338476393 92
1739987710304 0.6932420829931895 93
1739987711857 0.6931697958045535 94
1739987713398 0.6932208140691122 95
1739987714941 0.6931304997868009 96
1739987716486 0.6932041578822665 97
1739987718032 0.6931742860211266 98
1739987719573 0.6930909256140391 99
