1739962300737 0.2685185372829437 0
1739962304704 0.23148149251937866 1
1739962308609 0.43888890743255615 2
1739962312633 0.21851851046085358 3
1739962316666 0.3370370864868164 4
1739962320615 0.06296296417713165 5
1739962324564 0.4444444477558136 6
1739962328558 0.053703706711530685 7
1739962332483 0.025925928726792336 8
1739962336455 0.34074077010154724 9
1739962340380 0.12962962687015533 10
1739962344275 0.20000000298023224 11
1739962348219 0.3907407522201538 12
1739962352142 0.3648148477077484 13
1739962356105 0.24444444477558136 14
1739962360012 0.36851853132247925 15
1739962363909 0.2370370477437973 16
1739962367773 0.2611111104488373 17
1739962371646 0.25 18
1739962375505 0.3740741014480591 19
1739962379364 0.3240740895271301 20
1739962383243 0.029629630967974663 21
1739962387179 0.05000000074505806 22
1739962391242 0.09444444626569748 23
1739962395293 0.31296300888061523 24
1739962399335 0.1944444477558136 25
1739962403393 0.5129628777503967 26
1739962407476 0.45000001788139343 27
1739962411561 0.4388888478279114 28
1739962415606 0.24814815819263458 29
1739962419616 0.5444444417953491 30
1739962423554 0.5925924777984619 31
1739962427598 0.3240741193294525 32
1739962431573 0.35370373725891113 33
1739962435505 0.44999995827674866 34
1739962439431 0.366666704416275 35
1739962443366 0.4462962746620178 36
1739962447291 0.5888887643814087 37
1739962451326 0.338888943195343 38
1739962455253 0.5629628896713257 39
1739962459198 0.2814815044403076 40
1739962463106 0.34259262681007385 41
1739962467054 0.4574073851108551 42
1739962470895 0.37037041783332825 43
1739962474889 0.33148154616355896 44
1739962478880 0.2814815044403076 45
1739962482873 0.17407406866550446 46
1739962486871 0.5148147344589233 47
1739962490889 0.20000000298023224 48
1739962494890 0.35555559396743774 49
1739962498876 0.4814814329147339 50
1739962502863 0.09259258955717087 51
1739962506897 0.3888888955116272 52
1739962510909 0.25925928354263306 53
1739962514909 0.5111110210418701 54
1739962518919 0.46296295523643494 55
1739962522912 0.498148113489151 56
1739962526807 0.06111111119389534 57
1739962530709 0.4148148000240326 58
1739962534657 0.5722221732139587 59
1739962538515 0.32962965965270996 60
1739962542358 0.20000000298023224 61
1739962546214 0.22592593729496002 62
1739962550070 0.14444445073604584 63
1739962553919 0.11481481045484543 64
1739962557756 0.19074073433876038 65
1739962561623 0.3462963104248047 66
1739962565537 0.08148149400949478 67
1739962569493 0.20185187458992004 68
1739962573431 0.4203703701496124 69
1739962577350 0.2925926148891449 70
1739962581311 0.07222222536802292 71
1739962585246 0.12777778506278992 72
1739962589099 0.46481478214263916 73
1739962592959 0.38518521189689636 74
1739962596883 0.24814815819263458 75
1739962600929 0.0 76
1739962604926 0.0 77
1739962608851 0.05740741267800331 78
1739962612785 0.44999995827674866 79
1739962616710 0.19074076414108276 80
1739962620638 0.24259260296821594 81
1739962624569 0.20370370149612427 82
1739962628583 0.32777777314186096 83
1739962632533 0.10370370000600815 84
1739962636574 0.15555556118488312 85
1739962640588 0.1796296238899231 86
1739962644561 0.23888888955116272 87
1739962648519 0.42222222685813904 88
1739962652491 0.36851853132247925 89
1739962656506 0.28333336114883423 90
1739962660448 0.13518518209457397 91
1739962664470 0.27592596411705017 92
1739962668444 0.06481482088565826 93
1739962672468 0.10555555671453476 94
1739962676477 0.2777778208255768 95
1739962680441 0.1796296238899231 96
1739962684477 0.24074076116085052 97
1739962688477 0.22777777910232544 98
1739962692473 0.36851853132247925 99
