1739962300747 0.2907407879829407 0
1739962304711 0.30000004172325134 1
1739962308616 0.1240740716457367 2
1739962312640 0.368518590927124 3
1739962316672 0.17592591047286987 4
1739962320621 0.49259254336357117 5
1739962324573 0.1518518626689911 6
1739962328566 0.5074073672294617 7
1739962332489 0.5685184001922607 8
1739962336462 0.20185184478759766 9
1739962340386 0.49259254336357117 10
1739962344281 0.3499999940395355 11
1739962348225 0.15925925970077515 12
1739962352147 0.23333333432674408 13
1739962356110 0.28518521785736084 14
1739962360018 0.1796296238899231 15
1739962363913 0.3500000238418579 16
1739962367781 0.3222222626209259 17
1739962371654 0.3222222626209259 18
1739962375512 0.1944444477558136 19
1739962379370 0.28703707456588745 20
1739962383250 0.5462961792945862 21
1739962387187 0.5018518567085266 22
1739962391248 0.41111111640930176 23
1739962395300 0.27407410740852356 24
1739962399342 0.366666704416275 25
1739962403402 0.04629630222916603 26
1739962407491 0.09259258955717087 27
1739962411570 0.09074074774980545 28
1739962415612 0.35370370745658875 29
1739962419621 0.020370373502373695 30
1739962423560 0.0 31
1739962427605 0.21296295523643494 32
1739962431580 0.22592593729496002 33
1739962435512 0.11296296864748001 34
1739962439438 0.2500000298023224 35
1739962443370 0.12037037312984467 36
1739962447298 0.0 37
1739962451332 0.18518517911434174 38
1739962455258 0.011111111380159855 39
1739962459204 0.27222225069999695 40
1739962463111 0.21296298503875732 41
1739962467061 0.11481481045484543 42
1739962470905 0.18333333730697632 43
1739962474897 0.24814818799495697 44
1739962478887 0.24444447457790375 45
1739962482879 0.4018518626689911 46
1739962486879 0.06111111119389534 47
1739962490896 0.37037041783332825 48
1739962494897 0.1648148149251938 49
1739962498883 0.06666667014360428 50
1739962502871 0.47962960600852966 51
1739962506904 0.16296297311782837 52
1739962510916 0.25740742683410645 53
1739962514916 0.059259261935949326 54
1739962518926 0.10185185074806213 55
1739962522918 0.08518519252538681 56
1739962526812 0.5037036538124084 57
1739962530714 0.14999999105930328 58
1739962534664 0.04074074327945709 59
1739962538521 0.24074074625968933 60
1739962542364 0.3759259283542633 61
1739962546219 0.34259262681007385 62
1739962550074 0.40185192227363586 63
1739962553924 0.43518516421318054 64
1739962557761 0.38333335518836975 65
1739962561628 0.22777777910232544 66
1739962565543 0.5037037134170532 67
1739962569498 0.34259262681007385 68
1739962573436 0.15000000596046448 69
1739962577355 0.24629631638526917 70
1739962581315 0.4592592418193817 71
1739962585252 0.43888890743255615 72
1739962589109 0.08148148655891418 73
1739962592966 0.20555555820465088 74
1739962596892 0.27222225069999695 75
1739962600936 0.5851851105690002 76
1739962604932 0.5740740299224854 77
1739962608858 0.5111110210418701 78
1739962612793 0.12037038058042526 79
1739962616717 0.37407413125038147 80
1739962620644 0.3370370864868164 81
1739962624576 0.3314814865589142 82
1739962628590 0.22037038207054138 83
1739962632539 0.46111106872558594 84
1739962636581 0.39814814925193787 85
1739962640596 0.3500000238418579 86
1739962644569 0.3481481969356537 87
1739962648526 0.1240740716457367 88
1739962652498 0.17037035524845123 89
1739962656512 0.27407410740852356 90
1739962660454 0.43518516421318054 91
1739962664476 0.3074074387550354 92
1739962668450 0.48888882994651794 93
1739962672476 0.46296295523643494 94
1739962676485 0.2814815044403076 95
1739962680448 0.3740740418434143 96
1739962684484 0.3111111521720886 97
1739962688483 0.32962965965270996 98
1739962692479 0.1814814656972885 99
