1739993948833 0.7283 0
1739993948864 0.6756 1
1739993948894 0.645 2
1739993948921 0.6131 3
1739993948950 0.5828 4
1739993948979 0.5615 5
1739993949007 0.5442 6
1739993949035 0.5258 7
1739993949065 0.5086 8
1739993949093 0.4949 9
1739993949121 0.484 10
1739993949149 0.4743 11
1739993949177 0.4653 12
1739993949205 0.4568 13
1739993949232 0.4489 14
1739993949259 0.4416 15
1739993949286 0.4349 16
1739993949318 0.4285 17
1739993949345 0.4225 18
1739993949372 0.4169 19
1739993949399 0.4116 20
1739993949428 0.4066 21
1739993949456 0.4019 22
1739993949485 0.3974 23
1739993949513 0.3933 24
1739993949542 0.3894 25
1739993949571 0.3858 26
1739993949600 0.3824 27
1739993949628 0.3793 28
1739993949655 0.3763 29
1739993949684 0.3736 30
1739993949711 0.3711 31
1739993949741 0.3688 32
1739993949769 0.3667 33
1739993949797 0.3648 34
1739993949825 0.363 35
1739993949854 0.3614 36
1739993949882 0.3599 37
1739993949910 0.3586 38
1739993949940 0.3574 39
1739993949968 0.3563 40
1739993949997 0.3553 41
1739993950026 0.3545 42
1739993950058 0.3537 43
1739993950088 0.353 44
1739993950118 0.3524 45
1739993950150 0.3518 46
1739993950180 0.3513 47
1739993950211 0.3509 48
1739993950244 0.3505 49
1739993950274 0.3501 50
1739993950304 0.3498 51
1739993950337 0.3495 52
1739993950368 0.3493 53
1739993950400 0.349 54
1739993950430 0.3488 55
1739993950463 0.3487 56
1739993950494 0.3485 57
1739993950527 0.3484 58
1739993950558 0.3482 59
1739993950591 0.3481 60
1739993950622 0.348 61
1739993950658 0.3479 62
1739993950691 0.3478 63
1739993950724 0.3478 64
1739993950762 0.3477 65
1739993950795 0.3476 66
1739993950828 0.3476 67
1739993950858 0.3475 68
1739993950891 0.3475 69
1739993950923 0.3474 70
1739993950956 0.3474 71
1739993950987 0.3474 72
1739993951021 0.3473 73
1739993951051 0.3473 74
1739993951082 0.3473 75
1739993951115 0.3472 76
1739993951144 0.3472 77
1739993951174 0.3472 78
1739993951204 0.3472 79
1739993951237 0.3471 80
1739993951267 0.3471 81
1739993951300 0.3471 82
1739993951330 0.3471 83
1739993951361 0.3471 84
1739993951394 0.3471 85
1739993951425 0.3471 86
1739993951457 0.347 87
1739993951488 0.347 88
1739993951520 0.347 89
1739993951550 0.347 90
1739993951581 0.347 91
1739993951614 0.347 92
1739993951646 0.347 93
1739993951680 0.347 94
1739993951712 0.347 95
1739993951745 0.347 96
1739993951776 0.347 97
1739993951813 0.347 98
1739993951843 0.347 99
