1739991419607 0.5330435037612915 0
1739991421767 0.6753211617469788 1
1739991423922 0.7198243141174316 2
1739991426088 0.7564196586608887 3
1739991428239 0.7748542428016663 4
1739991430392 0.8297219276428223 5
1739991432539 0.8541366457939148 6
1739991434696 0.8780205249786377 7
1739991436852 0.8931558728218079 8
1739991438996 0.921231210231781 9
1739991441156 0.9289097189903259 10
1739991443301 0.9252668619155884 11
1739991445450 0.9370414614677429 12
1739991447596 0.9534294009208679 13
1739991449747 0.9570093750953674 14
1739991451891 0.9592722058296204 15
1739991454050 0.9569863677024841 16
1739991456192 0.9634184837341309 17
1739991458342 0.9632108807563782 18
1739991460487 0.971545398235321 19
1739991462631 0.9659016132354736 20
1739991464781 0.9673901200294495 21
1739991466935 0.9736950397491455 22
1739991469084 0.9779239296913147 23
1739991471239 0.9750756621360779 24
1739991473389 0.9762563109397888 25
1739991475536 0.9842036962509155 26
1739991477685 0.9766570329666138 27
1739991479836 0.9873742461204529 28
1739991481972 0.9829806089401245 29
1739991484134 0.989163339138031 30
1739991486285 0.9872785806655884 31
1739991488434 0.9799458980560303 32
1739991490586 0.9827316403388977 33
1739991492741 0.9920850396156311 34
1739991494885 0.9916434288024902 35
1739991497033 0.9805954098701477 36
1739991499192 0.992196261882782 37
1739991501330 0.9877394437789917 38
1739991503477 0.9913713335990906 39
1739991505626 0.9898134469985962 40
1739991507775 0.9918657541275024 41
1739991509919 0.991335391998291 42
1739991512076 0.9949241280555725 43
1739991514225 0.9942150712013245 44
1739991516373 0.9930368661880493 45
1739991518541 0.9955955147743225 46
1739991520694 0.9908983111381531 47
1739991522834 0.9904369711875916 48
1739991524992 0.9932069182395935 49
1739991527139 0.9929735064506531 50
1739991529293 0.9928919076919556 51
1739991531444 0.9923474788665771 52
1739991533594 0.991594672203064 53
1739991535738 0.9975962042808533 54
1739991537886 0.9952847957611084 55
1739991540039 0.9908394813537598 56
1739991542185 0.993617832660675 57
1739991544339 0.9953092336654663 58
1739991546483 0.9980276823043823 59
1739991548631 0.995090901851654 60
1739991550783 0.9963341951370239 61
1739991552939 0.997619092464447 62
1739991555080 0.9925175309181213 63
1739991557243 0.9953547120094299 64
1739991559395 0.994981050491333 65
1739991561541 0.9954674243927002 66
1739991563691 0.9930635690689087 67
1739991565844 0.989412784576416 68
1739991567987 0.9963505268096924 69
1739991570158 0.9965816736221313 70
1739991572318 0.9963963031768799 71
1739991574457 0.9941051602363586 72
1739991576619 0.9958417415618896 73
1739991578772 0.9950611591339111 74
1739991580921 0.9937511086463928 75
1739991583079 0.9965013861656189 76
1739991585229 0.9952787756919861 77
1739991587368 0.9964555501937866 78
1739991589534 0.9966922998428345 79
1739991591688 0.9926916360855103 80
1739991593837 0.9953160285949707 81
1739991595981 0.9953674674034119 82
1739991598134 0.9977564811706543 83
1739991600284 0.9977356195449829 84
1739991602439 0.9977564811706543 85
1739991604605 0.9924815893173218 86
1739991606746 0.995450496673584 87
1739991608896 0.9929690957069397 88
1739991611044 0.9941137433052063 89
1739991613185 0.998798131942749 90
1739991615326 0.9966100454330444 91
1739991617474 0.9948017001152039 92
1739991619623 0.9929378628730774 93
1739991621780 1.0 94
1739991623945 0.9903050065040588 95
1739991626087 0.9988688230514526 96
1739991628232 0.9939327836036682 97
1739991630383 0.9941432476043701 98
1739991632526 0.9941163063049316 99
