1739991419607 0.5568324327468872 0
1739991421767 0.6775472164154053 1
1739991423922 0.7359742522239685 2
1739991426088 0.8254445195198059 3
1739991428239 0.8460958003997803 4
1739991430392 0.8798759579658508 5
1739991432539 0.893326997756958 6
1739991434696 0.9048871397972107 7
1739991436852 0.9123063683509827 8
1739991438996 0.9162126779556274 9
1739991441156 0.9266905784606934 10
1739991443301 0.933817982673645 11
1739991445450 0.9355327486991882 12
1739991447596 0.9414471983909607 13
1739991449747 0.9492001533508301 14
1739991451891 0.9548250436782837 15
1739991454050 0.9534469246864319 16
1739991456192 0.9647493958473206 17
1739991458342 0.9553024768829346 18
1739991460487 0.966355562210083 19
1739991462631 0.9751098155975342 20
1739991464781 0.9733408689498901 21
1739991466935 0.9703068733215332 22
1739991469084 0.9723572134971619 23
1739991471239 0.9824845790863037 24
1739991473389 0.9751216173171997 25
1739991475536 0.9702289700508118 26
1739991477685 0.9809163808822632 27
1739991479836 0.9798821806907654 28
1739991481972 0.9814740419387817 29
1739991484134 0.986494779586792 30
1739991486285 0.9765764474868774 31
1739991488434 0.9848753213882446 32
1739991490586 0.9862390160560608 33
1739991492741 0.9892844557762146 34
1739991494885 0.9844167232513428 35
1739991497033 0.9927871227264404 36
1739991499192 0.9870619773864746 37
1739991501330 0.9904260039329529 38
1739991503477 0.9901912808418274 39
1739991505626 0.9896975755691528 40
1739991507775 0.989154577255249 41
1739991509919 0.992803156375885 42
1739991512076 0.987355649471283 43
1739991514225 0.9938749074935913 44
1739991516373 0.9909049272537231 45
1739991518541 0.9953513741493225 46
1739991520694 0.9918172955513 47
1739991522834 0.9940080046653748 48
1739991524992 0.9943134784698486 49
1739991527139 0.9924576282501221 50
1739991529293 0.9927365779876709 51
1739991531444 0.9919740557670593 52
1739991533594 0.9924049973487854 53
1739991535738 0.9964112639427185 54
1739991537886 0.9927940964698792 55
1739991540039 0.9905715584754944 56
1739991542185 0.9957832098007202 57
1739991544339 0.9960632920265198 58
1739991546483 0.993854284286499 59
1739991548631 0.9955748915672302 60
1739991550783 0.996269941329956 61
1739991552939 0.9937851428985596 62
1739991555080 0.9954107999801636 63
1739991557243 0.9946838021278381 64
1739991559395 0.9989316463470459 65
1739991561541 0.9938530921936035 66
1739991563691 0.9930307865142822 67
1739991565844 0.994917094707489 68
1739991567987 0.9939990043640137 69
1739991570158 0.9954285621643066 70
1739991572318 0.99396151304245 71
1739991574457 0.993578314781189 72
1739991576619 0.9930506348609924 73
1739991578772 1.0 74
1739991580921 0.9939001202583313 75
1739991583079 1.0 76
1739991585229 0.9955202341079712 77
1739991587368 0.9909248948097229 78
1739991589534 0.9963049292564392 79
1739991591688 0.9913216233253479 80
1739991593837 0.9976909756660461 81
1739991595981 0.9973188042640686 82
1739991598134 0.998834490776062 83
1739991600284 0.9962605237960815 84
1739991602439 0.9961097240447998 85
1739991604605 0.9955316781997681 86
1739991606746 0.9946188926696777 87
1739991608896 0.9902850985527039 88
1739991611044 0.996225118637085 89
1739991613185 0.9963370561599731 90
1739991615326 0.9989011287689209 91
1739991617474 0.9963167309761047 92
1739991619623 0.9950880408287048 93
1739991621780 0.9966672658920288 94
1739991623945 0.9952941536903381 95
1739991626087 0.9949081540107727 96
1739991628232 0.9968418478965759 97
1739991630383 0.9940246939659119 98
1739991632526 0.993008553981781 99
