1739963805582 0.7196733402709167 0
1739963809483 0.7062187429931429 1
1739963813454 0.6937740832567215 2
1739963817386 0.6937176860041089 3
1739963821323 0.693737989001804 4
1739963825194 0.6943263163169225 5
1739963829106 0.693968935476409 6
1739963832955 0.6940188934405644 7
1739963836806 0.6962955600685543 8
1739963840633 0.6941682550642225 9
1739963844502 0.6934866716464361 10
1739963848393 0.6935810082488589 11
1739963852265 0.6949641681379742 12
1739963856139 0.6941381093528536 13
1739963860105 0.6935649699634976 14
1739963864053 0.6946313470602036 15
1739963867971 0.6950516478882895 16
1739963871873 0.694252066148652 17
1739963875756 0.6962678008609348 18
1739963879601 0.6941421346531974 19
1739963883429 0.6969155447350608 20
1739963887254 0.694776549604204 21
1739963891113 0.6941858337985145 22
1739963894947 0.6933703601360321 23
1739963898794 0.693397636546029 24
1739963902615 0.693995440337393 25
1739963906440 0.6955877403418224 26
1739963910251 0.69431155886915 27
1739963914063 0.6933976570765178 28
1739963917929 0.6934025082323286 29
1739963921781 0.6953705463144514 30
1739963925691 0.6939911077419917 31
1739963929542 0.6945653935273488 32
1739963933381 0.698055848148134 33
1739963937233 0.694793309768041 34
1739963941067 0.693272559510337 35
1739963944950 0.6933275673124525 36
1739963948830 0.6934617218044069 37
1739963952690 0.6934254239002864 38
1739963956577 0.6933923737870322 39
1739963960446 0.6935060875283348 40
1739963964298 0.6940995534261067 41
1739963968164 0.6938851237297058 42
1739963972005 0.6937792321046193 43
1739963975899 0.6946425153149499 44
1739963979729 0.6939711391925811 45
1739963983555 0.6946953253613578 46
1739963987397 0.6956793384419547 47
1739963991210 0.6943415254354477 48
1739963995031 0.6934186134073469 49
1739963998857 0.6936300850576824 50
1739964002671 0.6953391462564469 51
1739964006481 0.6942406790124045 52
1739964010295 0.6933360907766554 53
1739964014103 0.6935508512788349 54
1739964017915 0.6934761067231496 55
1739964021723 0.6935132361120648 56
1739964025530 0.6937381270858977 57
1739964029340 0.6936310003201167 58
1739964033154 0.6941777050495148 59
1739964036979 0.6937249130672879 60
1739964040828 0.6938580738173591 61
1739964044737 0.6934738218784332 62
1739964048595 0.6940496497684054 63
1739964052440 0.6934246997038523 64
1739964056283 0.6934125542640686 65
1739964060130 0.6952420423428217 66
1739964063980 0.6956224140193727 67
1739964067870 0.6940925627946853 68
1739964071771 0.6933247950341966 69
1739964075633 0.6933321360084745 70
1739964079471 0.6933681365516451 71
1739964083321 0.6934288160668479 72
1739964087181 0.6937807583146625 73
1739964091046 0.6937324742476145 74
1739964094892 0.6939374284611808 75
1739964098785 0.6934567670027415 76
1739964102679 0.693353361222479 77
1739964106548 0.6940942979521222 78
1739964110392 0.6936684730980132 79
1739964114234 0.6935574332873027 80
1739964118085 0.6939139452245501 81
1739964121939 0.6934219631883833 82
1739964125823 0.6933297955327564 83
1739964129753 0.6936228467358483 84
1739964133574 0.6938933806286918 85
1739964137451 0.6947601406110657 86
1739964141276 0.6940394957860311 87
1739964145185 0.6936488747596741 88
1739964149064 0.6943828344345093 89
1739964152961 0.6939277129040824 90
1739964156845 0.6935354659954707 91
1739964160912 0.6933639996581608 92
1739964164797 0.693335951699151 93
1739964168671 0.6957111057307985 94
1739964172560 0.6944887197679943 95
1739964176433 0.6939774715238147 96
1739964180301 0.693309039870898 97
1739964184197 0.6933083431588278 98
1739964188027 0.6932803935474819 99
