1739981908765 0.26037904620170593 0
1739981937417 0.23420576751232147 1
1739981966111 0.18546931445598602 2
1739981994755 0.1642599254846573 3
1739982023524 0.2671480178833008 4
1739982052257 0.23826715350151062 5
1739982080938 0.37635380029678345 6
1739982109615 0.3384476602077484 7
1739982138332 0.4720216691493988 8
1739982167052 0.419223815202713 9
1739982195772 0.4449458420276642 10
1739982224318 0.4941335618495941 11
1739982252803 0.46028879284858704 12
1739982281280 0.5595667958259583 13
1739982309790 0.2716606557369232 14
1739982338260 0.333935022354126 15
1739982366806 0.1809566766023636 16
1739982395443 0.5794223546981812 17
1739982424030 0.29828518629074097 18
1739982452576 0.4530685842037201 19
1739982481211 0.3082129955291748 20
1739982509811 0.33212995529174805 21
1739982538332 0.2806859314441681 22
1739982566847 0.3695848286151886 23
1739982595385 0.5550541281700134 24
1739982623950 0.32716605067253113 25
1739982652420 0.413808673620224 26
1739982681032 0.23149819672107697 27
1739982709481 0.660649836063385 28
1739982737445 0.3533393442630768 29
1739982765057 0.11326714605093002 30
1739982792928 0.3745487332344055 31
1739982821484 0.3948555886745453 32
1739982849271 0.3894404172897339 33
1739982876865 0.5324909687042236 34
1739982905059 0.3980144262313843 35
1739982933583 0.21254512667655945 36
1739982961743 0.5370036363601685 37
1739982989981 0.25676894187927246 38
1739983018152 0.5103790760040283 39
1739983046343 0.45442238450050354 40
1739983074904 0.3777075707912445 41
1739983103211 0.42057761549949646 42
1739983131454 0.6353790760040283 43
1739983159952 0.4634476602077484 44
1739983188388 0.3587545156478882 45
1739983216754 0.37951263785362244 46
1739983244912 0.43501806259155273 47
1739983273239 0.38989168405532837 48
1739983301710 0.4147111773490906 49
1739983330208 0.3808664381504059 50
1739983358573 0.464350163936615 51
1739983386921 0.24503609538078308 52
1739983415365 0.27075812220573425 53
1739983443666 0.5645306706428528 54
1739983471726 0.4305054247379303 55
1739983500130 0.1944945901632309 56
1739983528768 0.1692238301038742 57
1739983557120 0.3889891803264618 58
1739983585443 0.3912454843521118 59
1739983613850 0.45712995529174805 60
1739983642364 0.6272563338279724 61
1739983670966 0.1583935022354126 62
1739983699472 0.7021660804748535 63
1739983727954 0.4196750819683075 64
1739983756358 0.4142599105834961 65
1739983784777 0.4061371684074402 66
1739983813117 0.4778880774974823 67
1739983841466 0.47111913561820984 68
1739983869927 0.25947654247283936 69
1739983898242 0.28519853949546814 70
1739983926655 0.4756317734718323 71
1739983955103 0.26850181818008423 72
1739983983474 0.4449458420276642 73
1739984011913 0.3276173174381256 74
1739984040243 0.40433213114738464 75
1739984068718 0.3975631892681122 76
1739984096270 0.3226534128189087 77
1739984123618 0.3334837555885315 78
1739984151123 0.39350178837776184 79
1739984177798 0.41245487332344055 80
1739984204319 0.6254512667655945 81
1739984231036 0.5175992846488953 82
1739984257967 0.3858303129673004 83
1739984284584 0.4052346646785736 84
1739984311842 0.3835740089416504 85
1739984339133 0.128158837556839 86
1739984365963 0.512635350227356 87
1739984392221 0.16019855439662933 88
1739984418538 0.42102888226509094 89
1739984444863 0.3050541579723358 90
1739984471398 0.40207579731941223 91
1739984496867 0.3578519821166992 92
1739984521762 0.43411552906036377 93
1739984546914 0.288808673620224 94
1739984572073 0.38763538002967834 95
1739984597379 0.5527978539466858 96
