1739981908765 0.4724729359149933 0
1739981937417 0.5072202086448669 1
1739981966111 0.5658844709396362 2
1739981994755 0.5857400894165039 3
1739982023524 0.47653430700302124 4
1739982052257 0.49277979135513306 5
1739982080938 0.3799639046192169 6
1739982109615 0.41245487332344055 7
1739982138332 0.26805055141448975 8
1739982167052 0.3032490909099579 9
1739982195772 0.2883574068546295 10
1739982224318 0.24368230998516083 11
1739982252803 0.2698555886745453 12
1739982281280 0.19268952310085297 13
1739982309790 0.4688628017902374 14
1739982338260 0.42689529061317444 15
1739982366806 0.5609205961227417 16
1739982395443 0.15929602086544037 17
1739982424030 0.44900721311569214 18
1739982452576 0.3086642622947693 19
1739982481211 0.42689529061317444 20
1739982509811 0.420126348733902 21
1739982538332 0.44088447093963623 22
1739982566847 0.36777979135513306 23
1739982595385 0.19494584202766418 24
1739982623950 0.4223826825618744 25
1739982652420 0.32084837555885315 26
1739982681032 0.5099278092384338 27
1739982709481 0.0667870044708252 28
1739982737445 0.3745487332344055 29
1739982765057 0.6421480178833008 30
1739982792928 0.36777979135513306 31
1739982821484 0.34566786885261536 32
1739982849271 0.34927797317504883 33
1739982876865 0.2057761698961258 34
1739982905059 0.35649818181991577 35
1739982933583 0.5379061102867126 36
1739982961743 0.1940433233976364 37
1739982989981 0.4887184202671051 38
1739983018152 0.21435017883777618 39
1739983046343 0.29873645305633545 40
1739983074904 0.37725630402565 41
1739983103211 0.3199458420276642 42
1739983131454 0.12048736214637756 43
1739983159952 0.26579421758651733 44
1739983188388 0.36552345752716064 45
1739983216754 0.37951263785362244 46
1739983244912 0.2946750819683075 47
1739983273239 0.3470216691493988 48
1739983301710 0.3244584798812866 49
1739983330208 0.35108304023742676 50
1739983358573 0.2716606557369232 51
1739983386921 0.5135378837585449 52
1739983415365 0.45442238450050354 53
1739983443666 0.16832129657268524 54
1739983471726 0.35198554396629333 55
1739983500130 0.5392599105834961 56
1739983528768 0.5870938301086426 57
1739983557120 0.3506317734718323 58
1739983585443 0.35198554396629333 59
1739983613850 0.2802346646785736 60
1739983642364 0.13176895678043365 61
1739983670966 0.6033393740653992 62
1739983699472 0.02752707526087761 63
1739983727954 0.33167868852615356 64
1739983756358 0.32897111773490906 65
1739983784777 0.33754512667655945 66
1739983813117 0.2861010730266571 67
1739983841466 0.26037904620170593 68
1739983869927 0.4638989269733429 69
1739983898242 0.44539710879325867 70
1739983926655 0.2833935022354126 71
1739983955103 0.48510828614234924 72
1739983983474 0.2779783308506012 73
1739984011913 0.4273465573787689 74
1739984040243 0.35694944858551025 75
1739984068718 0.36010828614234924 76
1739984096270 0.4106498062610626 77
1739984123618 0.3826714754104614 78
1739984151123 0.3474729359149933 79
1739984177798 0.33799639344215393 80
1739984204319 0.1222924143075943 81
1739984231036 0.21209385991096497 82
1739984257967 0.37319493293762207 83
1739984284584 0.3587545156478882 84
1739984311842 0.3555956780910492 85
1739984339133 0.5970216393470764 86
1739984365963 0.24232852458953857 87
1739984392221 0.6137183904647827 88
1739984418538 0.31272563338279724 89
1739984444863 0.43772563338279724 90
1739984471398 0.3388989269733429 91
1739984496867 0.37590253353118896 92
1739984521762 0.2856498062610626 93
1739984546914 0.44584837555885315 94
1739984572073 0.3388989269733429 95
1739984597379 0.2057761698961258 96
