1739979597161 0.3444444537162781 0
1739979601104 0.14444445073604584 1
1739979605046 0.0972222238779068 2
1739979609008 0.2916666865348816 3
1739979612928 0.0 4
1739979616841 0.1527777761220932 5
1739979620804 0.21388889849185944 6
1739979624709 0.14722222089767456 7
1739979628682 0.20277778804302216 8
1739979632583 0.16944444179534912 9
1739979636472 0.13055555522441864 10
1739979640386 0.06666667014360428 11
1739979644304 0.04444444552063942 12
1739979648189 0.07222222536802292 13
1739979652086 0.14444445073604584 14
1739979655977 0.21944445371627808 15
1739979659869 0.20000000298023224 16
1739979663758 0.3055555522441864 17
1739979667675 0.236111119389534 18
1739979671566 0.4583333432674408 19
1739979675472 0.17777778208255768 20
1739979679390 0.22500000894069672 21
1739979683336 0.24722222983837128 22
1739979687403 0.49722224473953247 23
1739979691349 0.4583333432674408 24
1739979695282 0.4694444537162781 25
1739979699223 0.42500001192092896 26
1739979703166 0.03333333507180214 27
1739979707139 0.4055555760860443 28
1739979711091 0.236111119389534 29
1739979714963 0.14722222089767456 30
1739979718860 0.3194444477558136 31
1739979722750 0.38333335518836975 32
1739979726638 0.21944445371627808 33
1739979730557 0.14444445073604584 34
1739979734448 0.36666667461395264 35
1739979738317 0.4888888895511627 36
1739979742230 0.16388888657093048 37
1739979746133 0.0833333358168602 38
1739979750074 0.42777779698371887 39
1739979753956 0.47777777910232544 40
1739979757842 0.15555556118488312 41
1739979761760 0.3861111104488373 42
1739979765675 0.4333333373069763 43
1739979769600 0.32777777314186096 44
1739979773490 0.08888889104127884 45
1739979777369 0.4694444537162781 46
1739979781246 0.2527777850627899 47
1739979785143 0.4888888895511627 48
1739979789028 0.12777778506278992 49
1739979793055 0.16944444179534912 50
1739979796995 0.18611112236976624 51
1739979800879 0.11666666716337204 52
1739979804790 0.14722222089767456 53
1739979808662 0.14166666567325592 54
1739979812576 0.125 55
1739979816519 0.09166666865348816 56
1739979820385 0.10277777910232544 57
1739979824255 0.2750000059604645 58
1739979828148 0.11944444477558136 59
1739979832042 0.21111111342906952 60
1739979836009 0.2805555760860443 61
1739979840008 0.15000000596046448 62
1739979843986 0.10277777910232544 63
1739979847877 0.06666667014360428 64
1739979851797 0.0 65
1739979855684 0.2083333432674408 66
1739979859615 0.3055555522441864 67
1739979863610 0.12777778506278992 68
1739979867490 0.0 69
1739979871441 0.0 70
1739979875340 0.02222222276031971 71
1739979879229 0.07777778059244156 72
1739979883209 0.26944446563720703 73
1739979887088 0.011111111380159855 74
1739979890994 0.23888888955116272 75
1739979894899 0.23888888955116272 76
1739979898783 0.0 77
1739979902687 0.18888889253139496 78
1739979906631 0.13333334028720856 79
1739979910544 0.32777777314186096 80
1739979914416 0.05000000074505806 81
1739979918297 0.28333333134651184 82
1739979922177 0.08611111342906952 83
1739979926068 0.35555556416511536 84
1739979929987 0.36666667461395264 85
1739979933877 0.17499999701976776 86
1739979937803 0.5 87
1739979941658 0.2638888955116272 88
1739979945563 0.13055555522441864 89
1739979949599 0.5 90
1739979953597 0.10277777910232544 91
1739979957477 0.2750000059604645 92
1739979961340 0.5 93
1739979965241 0.43611112236976624 94
1739979969140 0.2666666805744171 95
1739979973183 0.16944444179534912 96
1739979977092 0.23333333432674408 97
1739979981020 0.5 98
1739979984946 0.4750000238418579 99
