1739979597161 0.18888889253139496 0
1739979601104 0.32500001788139343 1
1739979605046 0.39444446563720703 2
1739979609008 0.20000000298023224 3
1739979612928 0.4888888895511627 4
1739979616841 0.32500001788139343 5
1739979620804 0.24722222983837128 6
1739979624709 0.37222224473953247 7
1739979628682 0.3305555582046509 8
1739979632583 0.32500001788139343 9
1739979636472 0.347222238779068 10
1739979640386 0.4305555522441864 11
1739979644304 0.42777779698371887 12
1739979648189 0.4000000059604645 13
1739979652086 0.31111112236976624 14
1739979655977 0.2750000059604645 15
1739979659869 0.2805555760860443 16
1739979663758 0.15555556118488312 17
1739979667675 0.25555557012557983 18
1739979671566 0.04722222313284874 19
1739979675472 0.30277779698371887 20
1739979679390 0.2666666805744171 21
1739979683336 0.236111119389534 22
1739979687403 0.0 23
1739979691349 0.02500000037252903 24
1739979695282 0.01666666753590107 25
1739979699223 0.08055555820465088 26
1739979703166 0.472222238779068 27
1739979707139 0.07222222536802292 28
1739979711091 0.236111119389534 29
1739979714963 0.3638888895511627 30
1739979718860 0.13611111044883728 31
1739979722750 0.08888889104127884 32
1739979726638 0.24722222983837128 33
1739979730557 0.35555556416511536 34
1739979734448 0.15555556118488312 35
1739979738317 0.013888888992369175 36
1739979742230 0.30277779698371887 37
1739979746133 0.41111111640930176 38
1739979750074 0.1111111119389534 39
1739979753956 0.03333333507180214 40
1739979757842 0.3361111283302307 41
1739979761760 0.08055555820465088 42
1739979765675 0.08055555820465088 43
1739979769600 0.13611111044883728 44
1739979773490 0.4138889014720917 45
1739979777369 0.04444444552063942 46
1739979781246 0.26944446563720703 47
1739979785143 0.01666666753590107 48
1739979789028 0.3583333492279053 49
1739979793055 0.3333333432674408 50
1739979796995 0.3194444477558136 51
1739979800879 0.3361111283302307 52
1739979804790 0.3194444477558136 53
1739979808662 0.37222224473953247 54
1739979812576 0.35277777910232544 55
1739979816519 0.38055557012557983 56
1739979820385 0.3583333492279053 57
1739979824255 0.18888889253139496 58
1739979828148 0.3444444537162781 59
1739979832042 0.26944446563720703 60
1739979836009 0.22500000894069672 61
1739979840008 0.32500001788139343 62
1739979843986 0.35555556416511536 63
1739979847877 0.4166666865348816 64
1739979851797 0.49722224473953247 65
1739979855684 0.2805555760860443 66
1739979859615 0.21944445371627808 67
1739979863610 0.3611111342906952 68
1739979867490 0.5 69
1739979871441 0.5 70
1739979875340 0.47777777910232544 71
1739979879229 0.41111111640930176 72
1739979883209 0.18888889253139496 73
1739979887088 0.46666666865348816 74
1739979890994 0.2527777850627899 75
1739979894899 0.24444444477558136 76
1739979898783 0.5 77
1739979902687 0.3222222328186035 78
1739979906631 0.38333335518836975 79
1739979910544 0.15000000596046448 80
1739979914416 0.4194444417953491 81
1739979918297 0.1944444477558136 82
1739979922177 0.4000000059604645 83
1739979926068 0.0972222238779068 84
1739979929987 0.12222222238779068 85
1739979933877 0.3361111283302307 86
1739979937803 0.0 87
1739979941658 0.22777777910232544 88
1739979945563 0.375 89
1739979949599 0.0 90
1739979953597 0.3916666805744171 91
1739979957477 0.24166667461395264 92
1739979961340 0.0 93
1739979965241 0.08055555820465088 94
1739979969140 0.21666666865348816 95
1739979973183 0.3083333373069763 96
1739979977092 0.23888888955116272 97
1739979981020 0.0 98
1739979984946 0.011111111380159855 99
