1739990595877 0.699187437693278 0
1739990596366 0.6887265940507253 1
1739990596850 0.6782827277978262 2
1739990597330 0.667254368464152 3
1739990597808 0.6499389906724294 4
1739990598285 0.6277646720409393 5
1739990598765 0.597231537103653 6
1739990599247 0.5575347344080607 7
1739990599727 0.5144090404113134 8
1739990600213 0.4813681443532308 9
1739990600695 0.4377015034357707 10
1739990601176 0.3949664185444514 11
1739990601658 0.35482651988665265 12
1739990602139 0.300600325067838 13
1739990602622 0.28436606874068576 14
1739990603103 0.24800346295038858 15
1739990603586 0.230500561495622 16
1739990604069 0.21658692757288614 17
1739990604554 0.1930543320874373 18
1739990605034 0.17910704265038171 19
1739990605516 0.17611713086565337 20
1739990605993 0.15341643244028091 21
1739990606471 0.15563438584407172 22
1739990606952 0.13852672899762788 23
1739990607434 0.14628474786877632 24
1739990607913 0.13431663811206818 25
1739990608391 0.10469749197363853 26
1739990608865 0.09442684799432755 27
1739990609344 0.08283603036155303 28
1739990609822 0.08389195365210374 29
1739990610299 0.08961225673556328 30
1739990610776 0.0754496610412995 31
1739990611254 0.07788215142985185 32
1739990611740 0.08955855357150237 33
1739990612222 0.07006155885756016 34
1739990612699 0.06320152431726456 35
1739990613181 0.07360089259843032 36
1739990613664 0.05856933599958817 37
1739990614145 0.08617496863007545 38
1739990614625 0.0536242484425505 39
1739990615105 0.06120881034682194 40
1739990615587 0.047975872022410236 41
1739990616068 0.05137861411397656 42
1739990616552 0.05319761267552773 43
1739990617033 0.06143428571522236 44
1739990617518 0.043972855899482965 45
1739990617999 0.043601223888496556 46
1739990618480 0.05167045661558708 47
1739990618960 0.049996319537361465 48
1739990619441 0.030981178240229685 49
1739990619924 0.038370995316654444 50
1739990620402 0.04747083348532518 51
1739990620873 0.03645311171809832 52
1739990621356 0.04812378669157624 53
1739990621833 0.043927127961069345 54
1739990622312 0.041163938120007515 55
1739990622788 0.032717722157637276 56
1739990623263 0.029690371205409367 57
1739990623741 0.028176157424847286 58
1739990624220 0.037736879816899695 59
1739990624697 0.03130468881378571 60
1739990625174 0.04002926032990217 61
1739990625651 0.03158019622787833 62
1739990626126 0.020254964629809063 63
1739990626601 0.046631531013796725 64
1739990627079 0.036785406370957695 65
1739990627557 0.027053057060887415 66
1739990628035 0.025177852250635624 67
1739990628512 0.027625481598079205 68
1739990628990 0.024549012538045645 69
1739990629468 0.022811399307101965 70
1739990629947 0.022283757532325883 71
1739990630422 0.025992846271644037 72
1739990630899 0.019142648670822382 73
1739990631379 0.022931888389090698 74
1739990631858 0.021225954095522564 75
1739990632340 0.030765093086908262 76
1739990632823 0.029225809033960104 77
1739990633306 0.031169457205881674 78
1739990633788 0.022022026901443798 79
1739990634268 0.0228787591913715 80
1739990634753 0.02162220220391949 81
1739990635236 0.029020283604040742 82
1739990635714 0.02224013686645776 83
1739990636196 0.02126607873166601 84
1739990636675 0.024140107755859692 85
1739990637154 0.022556287042486172 86
1739990637636 0.028971376984069746 87
1739990638117 0.027021153674771387 88
1739990638601 0.02936531223046283 89
1739990639078 0.025019634010580678 90
1739990639555 0.023617306995826464 91
1739990640035 0.023012621561065316 92
1739990640520 0.021835850008452933 93
1739990641003 0.018046856857836246 94
1739990641483 0.025632508370714884 95
1739990641963 0.04175467548581461 96
1739990642446 0.02758247560511033 97
1739990642924 0.03267103138690194 98
1739990643406 0.02934921843310197 99
