1739990525766 0.598714292049408 0
1739990526256 0.46313557028770447 1
1739990526734 0.4428240954875946 2
1739990527217 0.5626863837242126 3
1739990527696 0.7049636840820312 4
1739990528175 0.7532908916473389 5
1739990528656 0.7839471697807312 6
1739990529142 0.8275546431541443 7
1739990529622 0.8434911966323853 8
1739990530101 0.8687402009963989 9
1739990530579 0.7969116568565369 10
1739990531062 0.8460992574691772 11
1739990531541 0.9020156860351562 12
1739990532021 0.8704551458358765 13
1739990532496 0.8840875625610352 14
1739990532979 0.8923500776290894 15
1739990533461 0.9037905931472778 16
1739990533935 0.9239553809165955 17
1739990534415 0.9246470928192139 18
1739990534891 0.9324964284896851 19
1739990535371 0.9049006700515747 20
1739990535847 0.9496917128562927 21
1739990536329 0.9414459466934204 22
1739990536807 0.9520511627197266 23
1739990537289 0.9359415769577026 24
1739990537766 0.9319761991500854 25
1739990538244 0.9555478096008301 26
1739990538724 0.9529754519462585 27
1739990539206 0.9436027407646179 28
1739990539682 0.9605326056480408 29
1739990540161 0.9551412463188171 30
1739990540637 0.9650530815124512 31
1739990541115 0.979751467704773 32
1739990541594 0.9649435877799988 33
1739990542075 0.9682462215423584 34
1739990542553 0.9679381847381592 35
1739990543032 0.9633573293685913 36
1739990543510 0.9709770083427429 37
1739990543988 0.9721648693084717 38
1739990544466 0.9750175476074219 39
1739990544943 0.9500788450241089 40
1739990545421 0.9672013521194458 41
1739990545898 0.9742223024368286 42
1739990546379 0.9843062162399292 43
1739990546858 0.981127142906189 44
1739990547336 0.9743022322654724 45
1739990547816 0.9785714149475098 46
1739990548295 0.969247043132782 47
1739990548774 0.9701931476593018 48
1739990549258 0.9891456961631775 49
1739990549739 0.9852941036224365 50
1739990550221 0.9558874368667603 51
1739990550703 0.978393018245697 52
1739990551182 0.9846813678741455 53
1739990551663 0.977868914604187 54
1739990552142 0.965087890625 55
1739990552621 0.9818217158317566 56
1739990553099 0.9894153475761414 57
1739990553577 0.974261999130249 58
1739990554054 0.9753941893577576 59
1739990554532 0.9798237681388855 60
1739990555011 0.9747613668441772 61
1739990555493 0.9860889911651611 62
1739990555973 0.9815479516983032 63
1739990556454 0.9856831431388855 64
1739990556936 0.9843113422393799 65
1739990557416 0.979641854763031 66
1739990557891 0.9889971613883972 67
1739990558367 0.9942528605461121 68
1739990558853 0.9801901578903198 69
1739990559334 0.9752436876296997 70
1739990559812 0.97664475440979 71
1739990560293 0.9899940490722656 72
1739990560772 0.9949495196342468 73
1739990561253 0.9700299501419067 74
1739990561733 0.9895731806755066 75
1739990562216 0.9885392189025879 76
1739990562693 0.9792929887771606 77
1739990563173 0.9770604968070984 78
1739990563657 0.9903501868247986 79
1739990564136 0.9954954981803894 80
1739990564619 0.9894153475761414 81
1739990565099 0.9946236610412598 82
1739990565579 0.9950980544090271 83
1739990566058 0.9840454459190369 84
1739990566546 0.9813901782035828 85
1739990567025 0.9907407760620117 86
1739990567508 0.9906084537506104 87
1739990567985 0.9846534729003906 88
1739990568467 0.9909909963607788 89
1739990568947 0.9811941981315613 90
1739990569430 0.97817063331604 91
1739990569914 0.9894231557846069 92
1739990570394 0.9794721603393555 93
1739990570877 0.9821350574493408 94
1739990571357 0.9788674116134644 95
1739990571839 0.9809139966964722 96
1739990572320 0.9935897588729858 97
1739990572798 0.9935897588729858 98
1739990573279 0.9899399280548096 99
