1739990525766 0.34963807463645935 0
1739990526256 0.6257989406585693 1
1739990526734 0.7358981370925903 2
1739990527217 0.7785984873771667 3
1739990527696 0.6817827224731445 4
1739990528175 0.7417449355125427 5
1739990528656 0.7027732729911804 6
1739990529142 0.7139186263084412 7
1739990529622 0.7065286040306091 8
1739990530101 0.6902977824211121 9
1739990530579 0.8393017053604126 10
1739990531062 0.8438348174095154 11
1739990531541 0.8202311396598816 12
1739990532021 0.8877905607223511 13
1739990532496 0.9108662605285645 14
1739990532979 0.9251159429550171 15
1739990533461 0.9357295036315918 16
1739990533935 0.9364615678787231 17
1739990534415 0.9463862776756287 18
1739990534891 0.9509280920028687 19
1739990535371 0.9728816747665405 20
1739990535847 0.9797980189323425 21
1739990536329 0.985435426235199 22
1739990536807 0.9748774766921997 23
1739990537289 0.9797338247299194 24
1739990537766 0.9843453764915466 25
1739990538244 0.9904762506484985 26
1739990538724 0.9872159361839294 27
1739990539206 0.9842437505722046 28
1739990539682 0.9625093936920166 29
1739990540161 0.9797235727310181 30
1739990540637 0.978693425655365 31
1739990541115 0.9888889193534851 32
1739990541594 0.9890681505203247 33
1739990542075 0.9777778387069702 34
1739990542553 0.9848114848136902 35
1739990543032 0.9946236610412598 36
1739990543510 0.9837262034416199 37
1739990543988 1.0 38
1739990544466 0.9847290515899658 39
1739990544943 0.9845238924026489 40
1739990545421 0.9843844175338745 41
1739990545898 0.9927536845207214 42
1739990546379 1.0 43
1739990546858 0.9898990392684937 44
1739990547336 1.0 45
1739990547816 0.9916666746139526 46
1739990548295 0.9832230806350708 47
1739990548774 1.0 48
1739990549258 1.0 49
1739990549739 0.977957010269165 50
1739990550221 1.0 51
1739990550703 0.9949495196342468 52
1739990551182 0.9763845801353455 53
1739990551663 0.9850552082061768 54
1739990552142 0.9949495196342468 55
1739990552621 1.0 56
1739990553099 0.9952380657196045 57
1739990553577 0.9840176105499268 58
1739990554054 1.0 59
1739990554532 1.0 60
1739990555011 1.0 61
1739990555493 1.0 62
1739990555973 0.988095223903656 63
1739990556454 1.0 64
1739990556936 0.9861111044883728 65
1739990557416 0.9900298118591309 66
1739990557891 0.985653281211853 67
1739990558367 0.9908521175384521 68
1739990558853 0.9842352271080017 69
1739990559334 1.0 70
1739990559812 0.9841269850730896 71
1739990560293 0.9873015880584717 72
1739990560772 0.9754197597503662 73
1739990561253 0.988776683807373 74
1739990561733 1.0 75
1739990562216 0.995238184928894 76
1739990562693 0.9898990392684937 77
1739990563173 0.9946236610412598 78
1739990563657 0.9933333396911621 79
1739990564136 0.9946236610412598 80
1739990564619 0.9897412061691284 81
1739990565099 0.9949495196342468 82
1739990565579 0.9835683703422546 83
1739990566058 0.9957265257835388 84
1739990566546 0.988839328289032 85
1739990567025 0.988839328289032 86
1739990567508 0.9905635714530945 87
1739990567985 0.9838260412216187 88
1739990568467 0.9777418971061707 89
1739990568947 0.9957265257835388 90
1739990569430 1.0 91
1739990569914 0.9772478342056274 92
1739990570394 0.9895731806755066 93
1739990570877 0.9954954981803894 94
1739990571357 0.9949495196342468 95
1739990571839 0.9895833730697632 96
1739990572320 0.9956140518188477 97
1739990572798 0.9956140518188477 98
1739990573279 0.9952380657196045 99
