1739991169047 0.5611472725868225 0
1739991171204 0.6362650990486145 1
1739991173346 0.7443937659263611 2
1739991175502 0.7871312499046326 3
1739991177647 0.8184998035430908 4
1739991179806 0.8560990691184998 5
1739991181958 0.866243302822113 6
1739991184103 0.8870087265968323 7
1739991186262 0.9062994718551636 8
1739991188406 0.9293967485427856 9
1739991190562 0.9301549792289734 10
1739991192718 0.9323868751525879 11
1739991194873 0.9468898177146912 12
1739991197020 0.9485633373260498 13
1739991199175 0.9521676898002625 14
1739991201321 0.951754093170166 15
1739991203467 0.9601668119430542 16
1739991205622 0.9660601019859314 17
1739991207771 0.9634931087493896 18
1739991209926 0.970268964767456 19
1739991212078 0.9672843813896179 20
1739991214223 0.9679364562034607 21
1739991216379 0.9756160378456116 22
1739991218535 0.9741475582122803 23
1739991220688 0.9798915982246399 24
1739991222848 0.980034589767456 25
1739991224991 0.9749496579170227 26
1739991227134 0.9831429719924927 27
1739991229286 0.9829607605934143 28
1739991231425 0.9877679347991943 29
1739991233575 0.985857367515564 30
1739991235729 0.9829229712486267 31
1739991237888 0.9847912192344666 32
1739991240031 0.9897454977035522 33
1739991242180 0.9901551604270935 34
1739991244331 0.9840629696846008 35
1739991246485 0.9916298389434814 36
1739991248640 0.9901792407035828 37
1739991250793 0.9891811013221741 38
1739991252939 0.9890761971473694 39
1739991255079 0.9901595711708069 40
1739991257246 0.9926701784133911 41
1739991259405 0.9918016195297241 42
1739991261563 0.9929789304733276 43
1739991263716 0.9935718178749084 44
1739991265860 0.990130603313446 45
1739991268008 0.9905975461006165 46
1739991270168 0.9950301647186279 47
1739991272325 0.9893581867218018 48
1739991274494 0.9935699701309204 49
1739991276638 0.9944745898246765 50
1739991278786 0.9893653988838196 51
1739991280935 0.9923616647720337 52
1739991283088 0.9952352046966553 53
1739991285244 0.9939370155334473 54
1739991287398 0.9976135492324829 55
1739991289539 0.9932159185409546 56
1739991291678 0.9927656650543213 57
1739991293832 0.9965601563453674 58
1739991295978 0.9894744157791138 59
1739991298133 0.9921889901161194 60
1739991300279 0.9911981821060181 61
1739991302426 0.9954623579978943 62
1739991304558 0.9964134693145752 63
1739991306724 0.9941835999488831 64
1739991308880 0.9932982921600342 65
1739991311037 0.9975380301475525 66
1739991313195 0.9969796538352966 67
1739991315346 0.9962766766548157 68
1739991317480 0.9943525195121765 69
1739991319634 0.9962442517280579 70
1739991321785 0.9944276213645935 71
1739991323932 0.9964975118637085 72
1739991326085 0.9955006241798401 73
1739991328232 0.9960019588470459 74
1739991330365 0.9943749904632568 75
1739991332513 0.9952694177627563 76
1739991334675 0.9935927987098694 77
1739991336827 0.9949946999549866 78
1739991338981 0.9936953783035278 79
1739991341122 0.9945533275604248 80
1739991343261 0.9959750771522522 81
1739991345410 0.9969391822814941 82
1739991347570 0.9962443709373474 83
1739991349712 0.9975300431251526 84
1739991351879 0.9953185319900513 85
1739991354039 0.9956246018409729 86
1739991356176 0.9942856431007385 87
1739991358335 0.9952870011329651 88
1739991360489 0.9956896305084229 89
1739991362642 0.998714804649353 90
1739991364788 0.99517422914505 91
1739991366935 0.995610773563385 92
1739991369065 0.9960073232650757 93
1739991371218 0.9968320727348328 94
1739991373367 0.9969988465309143 95
1739991375523 0.9947641491889954 96
1739991377673 0.9976086616516113 97
1739991379819 0.9955341815948486 98
1739991381964 0.9962804317474365 99
