1739991169047 0.48198410868644714 0
1739991171204 0.6795137524604797 1
1739991173346 0.7061010599136353 2
1739991175502 0.762624979019165 3
1739991177647 0.7998698353767395 4
1739991179806 0.8491823673248291 5
1739991181958 0.8586106300354004 6
1739991184103 0.8837373852729797 7
1739991186262 0.9030651450157166 8
1739991188406 0.9299286007881165 9
1739991190562 0.9278055429458618 10
1739991192718 0.9332716464996338 11
1739991194873 0.9487618803977966 12
1739991197020 0.9500024914741516 13
1739991199175 0.9522230625152588 14
1739991201321 0.9517502784729004 15
1739991203467 0.9617229104042053 16
1739991205622 0.965889573097229 17
1739991207771 0.964690625667572 18
1739991209926 0.9708809852600098 19
1739991212078 0.9690004587173462 20
1739991214223 0.9692701101303101 21
1739991216379 0.9757755398750305 22
1739991218535 0.975387454032898 23
1739991220688 0.9796411991119385 24
1739991222848 0.9785683155059814 25
1739991224991 0.9744013547897339 26
1739991227134 0.9829263091087341 27
1739991229286 0.9839715361595154 28
1739991231425 0.9879831671714783 29
1739991233575 0.9876417517662048 30
1739991235729 0.9823974370956421 31
1739991237888 0.9843126535415649 32
1739991240031 0.9889528155326843 33
1739991242180 0.9902837872505188 34
1739991244331 0.9851313233375549 35
1739991246485 0.9913396239280701 36
1739991248640 0.9914897680282593 37
1739991250793 0.9873990416526794 38
1739991252939 0.9891363382339478 39
1739991255079 0.9904183149337769 40
1739991257246 0.9920715093612671 41
1739991259405 0.9923247694969177 42
1739991261563 0.9924790859222412 43
1739991263716 0.992958664894104 44
1739991265860 0.9898695349693298 45
1739991268008 0.9912353157997131 46
1739991270168 0.9952213168144226 47
1739991272325 0.9900348782539368 48
1739991274494 0.9942201972007751 49
1739991276638 0.9946818947792053 50
1739991278786 0.9901209473609924 51
1739991280935 0.9917830228805542 52
1739991283088 0.9950423836708069 53
1739991285244 0.9939429759979248 54
1739991287398 0.9975758790969849 55
1739991289539 0.993435263633728 56
1739991291678 0.9926847815513611 57
1739991293832 0.9961438179016113 58
1739991295978 0.989755392074585 59
1739991298133 0.9930946230888367 60
1739991300279 0.9917188286781311 61
1739991302426 0.996023952960968 62
1739991304558 0.9963377714157104 63
1739991306724 0.9934378862380981 64
1739991308880 0.99332195520401 65
1739991311037 0.9985315203666687 66
1739991313195 0.9969564080238342 67
1739991315346 0.9964314699172974 68
1739991317480 0.9951415657997131 69
1739991319634 0.9963785409927368 70
1739991321785 0.9944600462913513 71
1739991323932 0.9962702989578247 72
1739991326085 0.9958888292312622 73
1739991328232 0.9954908490180969 74
1739991330365 0.9946435689926147 75
1739991332513 0.9949485063552856 76
1739991334675 0.993526041507721 77
1739991336827 0.9947619438171387 78
1739991338981 0.9940570592880249 79
1739991341122 0.9945291876792908 80
1739991343261 0.9966139197349548 81
1739991345410 0.9969974160194397 82
1739991347570 0.9963241219520569 83
1739991349712 0.9976011514663696 84
1739991351879 0.9948545694351196 85
1739991354039 0.9959084987640381 86
1739991356176 0.9947391152381897 87
1739991358335 0.994985818862915 88
1739991360489 0.9956236481666565 89
1739991362642 0.998866617679596 90
1739991364788 0.9949719905853271 91
1739991366935 0.994413435459137 92
1739991369065 0.9954892992973328 93
1739991371218 0.9971165657043457 94
1739991373367 0.9969033002853394 95
1739991375523 0.9933459758758545 96
1739991377673 0.9975714087486267 97
1739991379819 0.9943629503250122 98
1739991381964 0.9964295029640198 99
