1739990085396 0.501693069934845 0
1739990087113 0.6272795796394348 1
1739990088833 0.6565316319465637 2
1739990090544 0.7072650194168091 3
1739990092243 0.7148820757865906 4
1739990093946 0.7554373145103455 5
1739990095657 0.7573494911193848 6
1739990097365 0.8036729693412781 7
1739990099078 0.8256984353065491 8
1739990100773 0.8616677522659302 9
1739990102483 0.8769602179527283 10
1739990104198 0.8847013711929321 11
1739990105913 0.8978731632232666 12
1739990107621 0.9214197397232056 13
1739990109328 0.9131394028663635 14
1739990111038 0.9300039410591125 15
1739990112749 0.9250146746635437 16
1739990114459 0.9341893196105957 17
1739990116166 0.9464836716651917 18
1739990117876 0.9425124526023865 19
1739990119577 0.9505339860916138 20
1739990121291 0.9535618424415588 21
1739990123002 0.9563672542572021 22
1739990124709 0.9654194116592407 23
1739990126415 0.9606239795684814 24
1739990128125 0.9691515564918518 25
1739990129830 0.9663335680961609 26
1739990131545 0.9652389287948608 27
1739990133254 0.9760105609893799 28
1739990134961 0.9685825705528259 29
1739990136667 0.9785475134849548 30
1739990138375 0.9735971689224243 31
1739990140081 0.9829338192939758 32
1739990141789 0.9808602929115295 33
1739990143496 0.9789167642593384 34
1739990145204 0.9803056120872498 35
1739990146912 0.9801315069198608 36
1739990148620 0.9877716302871704 37
1739990150331 0.9795472621917725 38
1739990152037 0.9883411526679993 39
1739990153752 0.9850758910179138 40
1739990155454 0.9818982481956482 41
1739990157167 0.9823597073554993 42
1739990158879 0.9876335263252258 43
1739990160582 0.98334801197052 44
1739990162292 0.9888441562652588 45
1739990164002 0.9917343258857727 46
1739990165712 0.9910143613815308 47
1739990167429 0.9911310076713562 48
1739990169140 0.9828521013259888 49
1739990170846 0.9912311434745789 50
1739990172549 0.9952387809753418 51
1739990174257 0.9906757473945618 52
1739990175964 0.9888877272605896 53
1739990177677 0.9887826442718506 54
1739990179388 0.9909554719924927 55
1739990181097 0.9937578439712524 56
1739990182807 0.9942777156829834 57
1739990184523 0.9935125112533569 58
1739990186237 0.9929446578025818 59
1739990187950 0.9926078915596008 60
1739990189659 0.9961448311805725 61
1739990191371 0.9866917133331299 62
1739990193088 0.9952381253242493 63
1739990194806 0.9976478219032288 64
1739990196516 0.9915227293968201 65
1739990198222 0.9934839010238647 66
1739990199928 0.9922137260437012 67
1739990201635 0.9918871521949768 68
1739990203345 0.9934510588645935 69
1739990205051 0.996523380279541 70
1739990206752 0.9963681697845459 71
1739990208456 0.9949482083320618 72
1739990210156 0.9892322421073914 73
1739990211865 0.9964197278022766 74
1739990213580 0.9950206875801086 75
1739990215287 0.9928828477859497 76
1739990216992 0.9926652312278748 77
1739990218700 0.988463282585144 78
1739990220410 0.992794930934906 79
1739990222118 0.9945722818374634 80
1739990223827 0.9969120621681213 81
1739990225525 0.9951240420341492 82
1739990227227 0.9932337403297424 83
1739990228939 0.9942563772201538 84
1739990230641 0.9950881600379944 85
1739990232349 0.9950843453407288 86
1739990234051 0.9949420690536499 87
1739990235754 0.994261622428894 88
1739990237462 0.9954431056976318 89
1739990239165 0.9976500272750854 90
1739990240876 0.9965699911117554 91
1739990242580 0.9965188503265381 92
1739990244274 0.9920742511749268 93
1739990245984 0.9953723549842834 94
1739990247687 0.9937406182289124 95
1739990249393 0.9913697838783264 96
1739990251100 0.9963005185127258 97
1739990252794 0.9978925585746765 98
1739990254505 0.9939979314804077 99
