1739990085396 0.5135572552680969 0
1739990087113 0.6163484454154968 1
1739990088833 0.7038254737854004 2
1739990090544 0.7067237496376038 3
1739990092243 0.7767513394355774 4
1739990093946 0.812985360622406 5
1739990095657 0.8297384977340698 6
1739990097365 0.8660709857940674 7
1739990099078 0.8736791014671326 8
1739990100773 0.8842605948448181 9
1739990102483 0.8987603783607483 10
1739990104198 0.8903334736824036 11
1739990105913 0.9183052182197571 12
1739990107621 0.9152708649635315 13
1739990109328 0.9283601641654968 14
1739990111038 0.9402387738227844 15
1739990112749 0.9392458200454712 16
1739990114459 0.9377129077911377 17
1739990116166 0.9472741484642029 18
1739990117876 0.9488785266876221 19
1739990119577 0.9485509395599365 20
1739990121291 0.95137619972229 21
1739990123002 0.9584023952484131 22
1739990124709 0.958249032497406 23
1739990126415 0.9609672427177429 24
1739990128125 0.9642671346664429 25
1739990129830 0.9584358930587769 26
1739990131545 0.970418393611908 27
1739990133254 0.9732178449630737 28
1739990134961 0.9706903100013733 29
1739990136667 0.9765222072601318 30
1739990138375 0.9693573117256165 31
1739990140081 0.9767347574234009 32
1739990141789 0.9694774746894836 33
1739990143496 0.9820262789726257 34
1739990145204 0.9825922250747681 35
1739990146912 0.9703496694564819 36
1739990148620 0.9773591756820679 37
1739990150331 0.9829105734825134 38
1739990152037 0.9805938601493835 39
1739990153752 0.9885271787643433 40
1739990155454 0.9822396636009216 41
1739990157167 0.9802676439285278 42
1739990158879 0.9838316440582275 43
1739990160582 0.9924978613853455 44
1739990162292 0.9863921403884888 45
1739990164002 0.989484965801239 46
1739990165712 0.9883396029472351 47
1739990167429 0.9851358532905579 48
1739990169140 0.9901795387268066 49
1739990170846 0.9869967103004456 50
1739990172549 0.9915454983711243 51
1739990174257 0.9811014533042908 52
1739990175964 0.9925455451011658 53
1739990177677 0.9835480451583862 54
1739990179388 0.9902931451797485 55
1739990181097 0.9907508492469788 56
1739990182807 0.9947401285171509 57
1739990184523 0.990602970123291 58
1739990186237 0.9967666268348694 59
1739990187950 0.9902528524398804 60
1739990189659 0.9953349828720093 61
1739990191371 0.995277464389801 62
1739990193088 0.9949234127998352 63
1739990194806 0.9926263093948364 64
1739990196516 0.9905046224594116 65
1739990198222 0.9923835396766663 66
1739990199928 0.9928705096244812 67
1739990201635 0.9887099862098694 68
1739990203345 0.9964070916175842 69
1739990205051 0.9927532076835632 70
1739990206752 0.9963428378105164 71
1739990208456 0.9914666414260864 72
1739990210156 0.9966199398040771 73
1739990211865 0.991571843624115 74
1739990213580 0.9954385161399841 75
1739990215287 0.9907282590866089 76
1739990216992 0.9908983111381531 77
1739990218700 0.9964864253997803 78
1739990220410 0.9893333911895752 79
1739990222118 0.9977355599403381 80
1739990223827 0.9950997829437256 81
1739990225525 0.9923592805862427 82
1739990227227 0.991113543510437 83
1739990228939 0.995316743850708 84
1739990230641 0.997518002986908 85
1739990232349 0.996380090713501 86
1739990234051 0.9937996864318848 87
1739990235754 0.9946491122245789 88
1739990237462 0.9974943399429321 89
1739990239165 0.992836594581604 90
1739990240876 0.9947017431259155 91
1739990242580 0.9974779486656189 92
1739990244274 0.9919241070747375 93
1739990245984 0.9939141869544983 94
1739990247687 0.9945201277732849 95
1739990249393 0.9962760210037231 96
1739990251100 0.9950757026672363 97
1739990252794 0.9948112368583679 98
1739990254505 0.9988166093826294 99
