1739979597161 0.3944444954395294 0
1739979601104 0.16851851344108582 1
1739979605046 0.1111111119389534 2
1739979609008 0.337037056684494 3
1739979612928 0.0 4
1739979616841 0.1814814656972885 5
1739979620804 0.25 6
1739979624709 0.16851851344108582 7
1739979628682 0.23148149251937866 8
1739979632583 0.20000000298023224 9
1739979636472 0.1518518477678299 10
1739979640386 0.07222222536802292 11
1739979644304 0.053703706711530685 12
1739979648189 0.08888889104127884 13
1739979652086 0.1666666716337204 14
1739979655977 0.25925928354263306 15
1739979659869 0.23333333432674408 16
1739979663758 0.35555556416511536 17
1739979667675 0.28518521785736084 18
1739979671566 0.5333333015441895 19
1739979675472 0.20370370149612427 20
1739979679390 0.2648148238658905 21
1739979683336 0.2907407581806183 22
1739979687403 0.5814814567565918 23
1739979691349 0.5351851582527161 24
1739979695282 0.5518518090248108 25
1739979699223 0.4962962865829468 26
1739979703166 0.03518518805503845 27
1739979707139 0.45370370149612427 28
1739979711091 0.27407410740852356 29
1739979714963 0.17037035524845123 30
1739979718860 0.37962964177131653 31
1739979722750 0.45185184478759766 32
1739979726638 0.24814818799495697 33
1739979730557 0.17407406866550446 34
1739979734448 0.4074074327945709 35
1739979738317 0.5629628896713257 36
1739979742230 0.1925925761461258 37
1739979746133 0.09259260445833206 38
1739979750074 0.4870370030403137 39
1739979753956 0.5555554628372192 40
1739979757842 0.1814814954996109 41
1739979761760 0.4555555582046509 42
1739979765675 0.5037036538124084 43
1739979769600 0.38518524169921875 44
1739979773490 0.10000000149011612 45
1739979777369 0.5555554628372192 46
1739979781246 0.2925926148891449 47
1739979785143 0.5777776837348938 48
1739979789028 0.14629629254341125 49
1739979793055 0.20370371639728546 50
1739979796995 0.21851851046085358 51
1739979800879 0.13518518209457397 52
1739979804790 0.17592591047286987 53
1739979808662 0.15740741789340973 54
1739979812576 0.15000000596046448 55
1739979816519 0.10000000149011612 56
1739979820385 0.1259259134531021 57
1739979824255 0.3111111521720886 58
1739979828148 0.1388888955116272 59
1739979832042 0.24629631638526917 60
1739979836009 0.3203704059123993 61
1739979840008 0.17777776718139648 62
1739979843986 0.11296296119689941 63
1739979847877 0.07962963730096817 64
1739979851797 0.0 65
1739979855684 0.24259260296821594 66
1739979859615 0.3462963402271271 67
1739979863610 0.14999999105930328 68
1739979867490 0.0 69
1739979871441 0.0 70
1739979875340 0.025925928726792336 71
1739979879229 0.09074074774980545 72
1739979883209 0.31481486558914185 73
1739979887088 0.014814815483987331 74
1739979890994 0.2777777910232544 75
1739979894899 0.27592596411705017 76
1739979898783 0.0 77
1739979902687 0.21851851046085358 78
1739979906631 0.16111111640930176 79
1739979910544 0.3907407522201538 80
1739979914416 0.0555555559694767 81
1739979918297 0.3333333730697632 82
1739979922177 0.10000000149011612 83
1739979926068 0.41481485962867737 84
1739979929987 0.4314814805984497 85
1739979933877 0.20185184478759766 86
1739979937803 0.5962962508201599 87
1739979941658 0.31481486558914185 88
1739979945563 0.1518518477678299 89
1739979949599 0.5833331942558289 90
1739979953597 0.12222222238779068 91
1739979957477 0.3185185492038727 92
1739979961340 0.5777777433395386 93
1739979965241 0.5 94
1739979969140 0.3074074387550354 95
1739979973183 0.19814813137054443 96
1739979977092 0.27407410740852356 97
1739979981020 0.5703702569007874 98
1739979984946 0.5574073791503906 99
