1739979597161 0.2222222238779068 0
1739979601104 0.3759259283542633 1
1739979605046 0.45370370149612427 2
1739979609008 0.2351851910352707 3
1739979612928 0.5685184597969055 4
1739979616841 0.3777777850627899 5
1739979620804 0.2925926148891449 6
1739979624709 0.4388888478279114 7
1739979628682 0.3777777850627899 8
1739979632583 0.3777777850627899 9
1739979636472 0.4000000059604645 10
1739979640386 0.5074073672294617 11
1739979644304 0.5018518567085266 12
1739979648189 0.46296295523643494 13
1739979652086 0.35555556416511536 14
1739979655977 0.31481483578681946 15
1739979659869 0.3314814865589142 16
1739979663758 0.1814814656972885 17
1739979667675 0.2944444715976715 18
1739979671566 0.059259261935949326 19
1739979675472 0.3500000238418579 20
1739979679390 0.3055556118488312 21
1739979683336 0.27407410740852356 22
1739979687403 0.0 23
1739979691349 0.02777777798473835 24
1739979695282 0.018518520519137383 25
1739979699223 0.09629630297422409 26
1739979703166 0.5425925254821777 27
1739979707139 0.08518519252538681 28
1739979711091 0.2796296775341034 29
1739979714963 0.4166666865348816 30
1739979718860 0.1537037044763565 31
1739979722750 0.10555555671453476 32
1739979726638 0.28518521785736084 33
1739979730557 0.41111111640930176 34
1739979734448 0.1666666716337204 35
1739979738317 0.012962964363396168 36
1739979742230 0.34629637002944946 37
1739979746133 0.46666666865348816 38
1739979750074 0.12222223728895187 39
1739979753956 0.037037041038274765 40
1739979757842 0.3907407522201538 41
1739979761760 0.09444444626569748 42
1739979765675 0.09259260445833206 43
1739979769600 0.1648148149251938 44
1739979773490 0.47962960600852966 45
1739979777369 0.05000000074505806 46
1739979781246 0.31481486558914185 47
1739979785143 0.020370373502373695 48
1739979789028 0.4185185432434082 49
1739979793055 0.38333338499069214 50
1739979796995 0.37962964177131653 51
1739979800879 0.3925926387310028 52
1739979804790 0.3759259581565857 53
1739979808662 0.4333333373069763 54
1739979812576 0.4185185134410858 55
1739979816519 0.4407407343387604 56
1739979820385 0.41296297311782837 57
1739979824255 0.21666666865348816 58
1739979828148 0.4055555760860443 59
1739979832042 0.31481486558914185 60
1739979836009 0.25740742683410645 61
1739979840008 0.37962961196899414 62
1739979843986 0.41296297311782837 63
1739979847877 0.4870370030403137 64
1739979851797 0.581481397151947 65
1739979855684 0.31481483578681946 66
1739979859615 0.25740742683410645 67
1739979863610 0.42407411336898804 68
1739979867490 0.5870369672775269 69
1739979871441 0.5870369672775269 70
1739979875340 0.555555522441864 71
1739979879229 0.4851851761341095 72
1739979883209 0.22592593729496002 73
1739979887088 0.5518518090248108 74
1739979890994 0.2925926148891449 75
1739979894899 0.28333333134651184 76
1739979898783 0.5777776837348938 77
1739979902687 0.37407413125038147 78
1739979906631 0.4444444477558136 79
1739979910544 0.1796296238899231 80
1739979914416 0.4944444000720978 81
1739979918297 0.22777777910232544 82
1739979922177 0.46296295523643494 83
1739979926068 0.11481481045484543 84
1739979929987 0.14629629254341125 85
1739979933877 0.38333335518836975 86
1739979937803 0.0 87
1739979941658 0.27407410740852356 88
1739979945563 0.43518516421318054 89
1739979949599 0.0 90
1739979953597 0.4592592418193817 91
1739979957477 0.2777777910232544 92
1739979961340 0.0 93
1739979965241 0.09629630297422409 94
1739979969140 0.2518518567085266 95
1739979973183 0.35925930738449097 96
1739979977092 0.2814815044403076 97
1739979981020 0.0 98
1739979984946 0.012962964363396168 99
