1739987197618 0.7311520410908593 0
1739987199189 0.6465321514341567 1
1739987200743 0.5976032018661499 2
1739987202302 0.5616956982347701 3
1739987203861 0.548089959555202 4
1739987205432 0.6963566210534837 5
1739987206985 0.7020611498090956 6
1739987208536 0.695899443493949 7
1739987210090 0.6947671274344126 8
1739987211635 0.6986607809861501 9
1739987213204 0.6935846938027276 10
1739987214758 0.693036311202579 11
1739987216301 0.6915271778901418 12
1739987217864 0.6819229457113478 13
1739987219408 0.6663956012990739 14
1739987220948 0.6957147551907433 15
1739987222499 0.6959819992383321 16
1739987224047 0.6951246857643127 17
1739987225595 0.6935592889785767 18
1739987227150 0.6932966609795889 19
1739987228703 0.6932496958308749 20
1739987230247 0.6933965583642324 21
1739987231799 0.6938251985443963 22
1739987233364 0.6936144961251153 23
1739987234921 0.693845209148195 24
1739987236484 0.6936938828892178 25
1739987238047 0.6931405133671231 26
1739987239603 0.6933512389659882 27
1739987241160 0.6931677162647247 28
1739987242731 0.6933317714267306 29
1739987244282 0.6932236154874166 30
1739987245826 0.6932675176196628 31
1739987247359 0.6933673620223999 32
1739987248915 0.6933756106429629 33
1739987250469 0.6933940615918901 34
1739987252021 0.6932651036315494 35
1739987253574 0.6932702428764768 36
1739987255112 0.6933581299251981 37
1739987256663 0.6937159034940932 38
1739987258216 0.6931535171137916 39
1739987259761 0.6938569313950009 40
1739987261310 0.6933237512906393 41
1739987262852 0.6934279832575057 42
1739987264397 0.6932362251811557 43
1739987265946 0.6933414041996002 44
1739987267498 0.6932109362549252 45
1739987269055 0.6933663487434387 46
1739987270598 0.6933669646581014 47
1739987272148 0.6933681766192118 48
1739987273693 0.693084157175488 49
1739987275251 0.693341357840432 50
1739987276801 0.6932824419604408 51
1739987278346 0.6932825048764547 52
1739987279890 0.6931328872839609 53
1739987281436 0.693276971578598 54
1739987282978 0.6931868228647444 55
1739987284522 0.6932293838924832 56
1739987286063 0.6931918958822886 57
1739987287619 0.693241321378284 58
1739987289171 0.6931767231888242 59
1739987290721 0.6932118170791202 60
1739987292269 0.6933203438917795 61
1739987293816 0.6932211187150743 62
1739987295370 0.6932892103989919 63
1739987296921 0.6931423909134335 64
1739987298470 0.6932312283251021 65
1739987300011 0.6932262678941091 66
1739987301541 0.693208376566569 67
1739987303094 0.6931825015279982 68
1739987304642 0.693212178018358 69
1739987306195 0.6931955582565732 70
1739987307745 0.6933040188418494 71
1739987309277 0.6931992570559183 72
1739987310839 0.6931619114345975 73
1739987312385 0.6932890911897024 74
1739987313938 0.6931281255351173 75
1739987315496 0.6931818094518449 76
1739987317039 0.693259037203259 77
1739987318585 0.6932697229915195 78
1739987320135 0.6932168238692813 79
1739987321688 0.6932279235786862 80
1739987323249 0.6932070586416457 81
1739987324800 0.6932401325967577 82
1739987326345 0.6931596000989279 83
1739987327899 0.693172832330068 84
1739987329459 0.6932286520799001 85
1739987331018 0.6931529210673438 86
1739987332576 0.6931615504953597 87
1739987334117 0.6931297017468346 88
1739987335661 0.6932104395495521 89
1739987337219 0.6930966277917227 90
1739987338762 0.6932874619960785 91
1739987340306 0.6932296123769548 92
1739987341848 0.6932079659567939 93
1739987343394 0.6932310263315836 94
1739987344940 0.6931755145390829 95
1739987346490 0.6931787365012698 96
1739987348040 0.6932164993551042 97
1739987349583 0.6931714713573456 98
1739987351128 0.6932283871703677 99
