1739979267696 0.2414259910583496 0
1739979292569 0.12364620715379715 1
1739979317114 0.1836642622947693 2
1739979341812 0.2748194932937622 3
1739979366750 0.2107400745153427 4
1739979391851 0.1611010879278183 5
1739979416475 0.3555956780910492 6
1739979441249 0.31272563338279724 7
1739979466271 0.10514440387487411 8
1739979491716 0.2775270640850067 9
1739979516559 0.3808664381504059 10
1739979541661 0.3416064977645874 11
1739979567505 0.31046929955482483 12
1739979594890 0.21435017883777618 13
1739979622028 0.3722924292087555 14
1739979649056 0.23962093889713287 15
1739979676174 0.2698555886745453 16
1739979703343 0.2856498062610626 17
1739979730680 0.20171479880809784 18
1739979757859 0.4273465573787689 19
1739979785238 0.3894404172897339 20
1739979812863 0.09521660953760147 21
1739979840258 0.21299639344215393 22
1739979867665 0.1696750819683075 23
1739979895134 0.19314078986644745 24
1739979922570 0.05866425856947899 25
1739979950015 0.2224729210138321 26
1739979977447 0.16516245901584625 27
1739980004860 0.14259926974773407 28
1739980032407 0.15613718330860138 29
1739980059890 0.11732851713895798 30
1739980085532 0.25406137108802795 31
1739980110983 0.2220216542482376 32
1739980136706 0.21615523099899292 33
1739980162241 0.07445847988128662 34
1739980187671 0.34025269746780396 35
1739980212860 0.1890794187784195 36
1739980237827 0.37725630402565 37
1739980262812 0.2978339195251465 38
1739980287411 0.2549639046192169 39
1739980312278 0.2775270640850067 40
1739980337138 0.2247292399406433 41
1739980362542 0.3641696870326996 42
1739980387337 0.2251805067062378 43
1739980412209 0.27346569299697876 44
1739980437182 0.21841154992580414 45
1739980462817 0.17283393442630768 46
1739980488145 0.12996390461921692 47
1739980513866 0.1615523397922516 48
1739980539177 0.2558664381504059 49
1739980564430 0.36236461997032166 50
1739980589270 0.24684114754199982 51
1739980613903 0.35424187779426575 52
1739980638558 0.2111913412809372 53
1739980663983 0.2224729210138321 54
1739980689282 0.27933213114738464 55
1739980713885 0.25225630402565 56
1739980738561 0.2978339195251465 57
1739980763258 0.1195848360657692 58
1739980788504 0.31046929955482483 59
1739980813301 0.26579421758651733 60
1739980837964 0.3619133532047272 61
1739980862566 0.16335740685462952 62
1739980887600 0.38537904620170593 63
1739980912625 0.16335740685462952 64
1739980936675 0.2892599403858185 65
1739980961764 0.14801444113254547 66
1739980986944 0.31859204173088074 67
1739981012635 0.19765342772006989 68
1739981037352 0.30956679582595825 69
1739981061905 0.2360108345746994 70
1739981086388 0.1304151564836502 71
1739981111553 0.3551444113254547 72
1739981136591 0.2748194932937622 73
1739981161579 0.09837544709444046 74
1739981188366 0.33483755588531494 75
1739981215444 0.24368230998516083 76
1739981242683 0.2445848286151886 77
1739981269717 0.19584837555885315 78
1739981296741 0.288808673620224 79
1739981323891 0.04557761549949646 80
1739981350716 0.2418772578239441 81
1739981377874 0.22111913561820984 82
1739981405673 0.3501805067062378 83
1739981433298 0.25722020864486694 84
1739981461102 0.09566786885261536 85
1739981489360 0.2784295976161957 86
1739981517682 0.2833935022354126 87
1739981545811 0.28700360655784607 88
1739981573970 0.2053249031305313 89
1739981601846 0.24774368107318878 90
1739981630211 0.15342959761619568 91
1739981658396 0.26037904620170593 92
1739981686656 0.20351985096931458 93
1739981715010 0.25180506706237793 94
1739981743549 0.26805055141448975 95
1739981772201 0.14034296572208405 96
1739981800793 0.21480144560337067 97
1739981829405 0.22833934426307678 98
1739981858082 0.21796028316020966 99
