1739979267696 0.2775270640850067 0
1739979292569 0.3826714754104614 1
1739979317114 0.3420577645301819 2
1739979341812 0.23555956780910492 3
1739979366750 0.2973826825618744 4
1739979391851 0.3583032488822937 5
1739979416475 0.16245487332344055 6
1739979441249 0.18411552906036377 7
1739979466271 0.4079422354698181 8
1739979491716 0.2278880923986435 9
1739979516559 0.11507219821214676 10
1739979541661 0.15162454545497894 11
1739979567505 0.1832129955291748 12
1739979594890 0.2802346646785736 13
1739979622028 0.14846570789813995 14
1739979649056 0.25676894187927246 15
1739979676174 0.23826715350151062 16
1739979703343 0.21615523099899292 17
1739979730680 0.2978339195251465 18
1739979757859 0.06994584947824478 19
1739979785238 0.10604692995548248 20
1739979812863 0.40117329359054565 21
1739979840258 0.28249096870422363 22
1739979867665 0.333032488822937 23
1739979895134 0.31001806259155273 24
1739979922570 0.44855594635009766 25
1739979950015 0.27120938897132874 26
1739979977447 0.33754512667655945 27
1739980004860 0.33799639344215393 28
1739980032407 0.333935022354126 29
1739980059890 0.371841162443161 30
1739980085532 0.2278880923986435 31
1739980110983 0.27617329359054565 32
1739980136706 0.26037904620170593 33
1739980162241 0.41741877794265747 34
1739980187671 0.14846570789813995 35
1739980212860 0.2946750819683075 36
1739980237827 0.1222924143075943 37
1739980262812 0.208032488822937 38
1739980287411 0.22833934426307678 39
1739980312278 0.23194946348667145 40
1739980337138 0.28249096870422363 41
1739980362542 0.14079421758651733 42
1739980387337 0.27617329359054565 43
1739980412209 0.21750903129577637 44
1739980437182 0.2784295976161957 45
1739980462817 0.33258122205734253 46
1739980488145 0.36823105812072754 47
1739980513866 0.3470216691493988 48
1739980539177 0.24819494783878326 49
1739980564430 0.13853789865970612 50
1739980589270 0.27120938897132874 51
1739980613903 0.13808664679527283 52
1739980638558 0.29918771982192993 53
1739980663983 0.2861010730266571 54
1739980689282 0.2197653353214264 55
1739980713885 0.2630866467952728 56
1739980738561 0.20893502235412598 57
1739980763258 0.39350178837776184 58
1739980788504 0.1890794187784195 59
1739980813301 0.24097472429275513 60
1739980837964 0.15523464977741241 61
1739980862566 0.35198554396629333 62
1739980887600 0.11642599105834961 63
1739980912625 0.35153430700302124 64
1739980936675 0.21164259314537048 65
1739980961764 0.3583032488822937 66
1739980986944 0.19584837555885315 67
1739981012635 0.3131769001483917 68
1739981037352 0.19223827123641968 69
1739981061905 0.28203970193862915 70
1739981086388 0.37951263785362244 71
1739981111553 0.1583935022354126 72
1739981136591 0.2251805067062378 73
1739981161579 0.420126348733902 74
1739981188366 0.17102888226509094 75
1739981215444 0.2581227421760559 76
1739981242683 0.25406137108802795 77
1739981269717 0.3140794336795807 78
1739981296741 0.22833934426307678 79
1739981323891 0.4584837555885315 80
1739981350716 0.27617329359054565 81
1739981377874 0.28474730253219604 82
1739981405673 0.15433213114738464 83
1739981433298 0.25722020864486694 84
1739981461102 0.4056859314441681 85
1739981489360 0.2220216542482376 86
1739981517682 0.22427797317504883 87
1739981545811 0.19314078986644745 88
1739981573970 0.30415162444114685 89
1739981601846 0.25451263785362244 90
1739981630211 0.3551444113254547 91
1739981658396 0.24819494783878326 92
1739981686656 0.30956679582595825 93
1739981715010 0.253158837556839 94
1739981743549 0.23240071535110474 95
1739981772201 0.35649818181991577 96
1739981800793 0.2946750819683075 97
1739981829405 0.28249096870422363 98
1739981858082 0.29557761549949646 99
