1739993212456 0.9538278579711914 0
1739994546469 0.9659199714660645 1
1739995894916 0.9693722128868103 2
1739997249808 0.9711875915527344 3
1739998605651 0.9727248549461365 4
1739999962106 0.9737586379051208 5
1740001313661 0.9744256138801575 6
1740002659525 0.9753016829490662 7
1740003986391 0.9756479859352112 8
1740005333669 0.9760851860046387 9
1740006686926 0.9765620231628418 10
1740008039998 0.9770954251289368 11
1740009394254 0.9772854447364807 12
1740010746181 0.9774454236030579 13
1740012076010 0.9775264859199524 14
1740013412396 0.9777060747146606 15
1740014764904 0.9780697226524353 16
1740016117407 0.9780781269073486 17
1740017471398 0.9782098531723022 18
1740018824215 0.9783533811569214 19
1740020157041 0.9784765839576721 20
1740021482505 0.9783905744552612 21
1740022827630 0.9787603616714478 22
1740024171316 0.9786490201950073 23
1740025523871 0.9788798689842224 24
1740026874989 0.9789374470710754 25
1740028228025 0.9786808490753174 26
1740029565556 0.9787614941596985 27
1740030896378 0.97886061668396 28
1740032248708 0.9789935350418091 29
1740033601259 0.9790529608726501 30
1740034953424 0.9790793061256409 31
1740036305175 0.9790924787521362 32
1740037657517 0.979145348072052 33
1740038998076 0.97886723279953 34
1740040348691 0.9792848229408264 35
1740041697422 0.9793700575828552 36
1740043047512 0.9792975783348083 37
1740044402574 0.9792754054069519 38
1740045756523 0.9794395565986633 39
1740047093334 0.979360044002533 40
1740048439099 0.9793439507484436 41
1740049785676 0.9792959690093994 42
1740051134220 0.979333758354187 43
1740052487585 0.9795005321502686 44
1740053839928 0.9794803857803345 45
1740055184390 0.9796010851860046 46
1740056510292 0.9795432686805725 47
1740057862878 0.9795835614204407 48
1740059214851 0.9796492457389832 49
1740060555166 0.9796556830406189 50
1740061896437 0.9795782566070557 51
1740063245862 0.9796434640884399 52
1740064564473 0.9796373248100281 53
1740065891151 0.9796942472457886 54
1740067239327 0.9796469807624817 55
1740068586480 0.9795480966567993 56
1740069928335 0.979668915271759 57
1740071269599 0.9797183275222778 58
1740072618241 0.9796843528747559 59
1740073932672 0.979621946811676 60
1740075269053 0.9798216223716736 61
1740076616938 0.9796079993247986 62
1740077960126 0.9798070192337036 63
