1739993212456 0.9583932161331177 0
1739994546469 0.9739715456962585 1
1739995894916 0.9767950773239136 2
1739997249808 0.9789848327636719 3
1739998605651 0.9802616834640503 4
1739999962106 0.9813861846923828 5
1740001313661 0.9823352694511414 6
1740002659525 0.9827687740325928 7
1740003986391 0.9833981394767761 8
1740005333669 0.9840084910392761 9
1740006686926 0.9841077923774719 10
1740008039998 0.984419047832489 11
1740009394254 0.9848816990852356 12
1740010746181 0.9851891994476318 13
1740012076010 0.9854137897491455 14
1740013412396 0.9854879379272461 15
1740014764904 0.9858167767524719 16
1740016117407 0.9857117533683777 17
1740017471398 0.9858362078666687 18
1740018824215 0.9860244989395142 19
1740020157041 0.9862003326416016 20
1740021482505 0.9860846996307373 21
1740022827630 0.9863459467887878 22
1740024171316 0.9864004254341125 23
1740025523871 0.9863555431365967 24
1740026874989 0.9863711595535278 25
1740028228025 0.9866443276405334 26
1740029565556 0.9865289330482483 27
1740030896378 0.9866821765899658 28
1740032248708 0.9865999221801758 29
1740033601259 0.9867365956306458 30
1740034953424 0.9867152571678162 31
1740036305175 0.9867701530456543 32
1740037657517 0.9868491291999817 33
1740038998076 0.9869318604469299 34
1740040348691 0.9868971109390259 35
1740041697422 0.9867339134216309 36
1740043047512 0.986918568611145 37
1740044402574 0.9867790937423706 38
1740045756523 0.9867979288101196 39
1740047093334 0.9868555665016174 40
1740048439099 0.9871163368225098 41
1740049785676 0.9870874881744385 42
