1739990665100 0.7339878082275391 0
1739990665588 0.6177456974983215 1
1739990666072 0.4555232524871826 2
1739990666556 0.5915809869766235 3
1739990667038 0.7482072114944458 4
1739990667522 0.6828963756561279 5
1739990668004 0.7270053625106812 6
1739990668484 0.8243684768676758 7
1739990668967 0.8057672381401062 8
1739990669457 0.8174891471862793 9
1739990669938 0.8797744512557983 10
1739990670422 0.8373984098434448 11
1739990670904 0.8762984275817871 12
1739990671384 0.8761043548583984 13
1739990671862 0.8560854196548462 14
1739990672341 0.9047218561172485 15
1739990672824 0.903090238571167 16
1739990673303 0.9120393991470337 17
1739990673789 0.9150645732879639 18
1739990674270 0.9132980704307556 19
1739990674752 0.9223123788833618 20
1739990675231 0.9518038034439087 21
1739990675714 0.9452724456787109 22
1739990676197 0.9290390014648438 23
1739990676679 0.9602183103561401 24
1739990677162 0.9378476142883301 25
1739990677637 0.966749906539917 26
1739990678121 0.9542868137359619 27
1739990678605 0.9681362509727478 28
1739990679087 0.9482295513153076 29
1739990679566 0.9659371376037598 30
1739990680045 0.9649974703788757 31
1739990680529 0.9660398960113525 32
1739990681013 0.9788205027580261 33
1739990681496 0.9767448306083679 34
1739990681976 0.959341287612915 35
1739990682456 0.9751684069633484 36
1739990682937 0.9763534069061279 37
1739990683418 0.978787899017334 38
1739990683899 0.9603911638259888 39
1739990684383 0.9793651103973389 40
1739990684866 0.9694695472717285 41
1739990685349 0.9679738879203796 42
1739990685829 0.970930814743042 43
1739990686309 0.9765560626983643 44
1739990686793 0.9687173366546631 45
1739990687275 0.9903361201286316 46
1739990687757 0.9818627238273621 47
1739990688240 0.9895833730697632 48
1739990688723 0.9808114767074585 49
1739990689206 0.9817460775375366 50
1739990689685 0.9762603044509888 51
1739990690168 0.9762731790542603 52
1739990690651 0.9775077700614929 53
1739990691133 0.990287184715271 54
1739990691613 0.9773856997489929 55
1739990692095 0.9718677997589111 56
1739990692575 0.9942528605461121 57
1739990693058 0.9789727926254272 58
1739990693540 0.9559859037399292 59
1739990694025 0.9777461886405945 60
1739990694504 0.9834889769554138 61
1739990694985 0.962856650352478 62
1739990695464 0.9895731806755066 63
1739990695946 0.9793998599052429 64
1739990696428 0.989393949508667 65
1739990696905 0.9801169633865356 66
1739990697389 0.9863261580467224 67
1739990697868 0.9834794402122498 68
1739990698356 0.9946236610412598 69
1739990698838 0.9696969985961914 70
1739990699316 0.970930814743042 71
1739990699795 0.9878748655319214 72
1739990700274 0.9856915473937988 73
1739990700752 0.9846534729003906 74
1739990701232 0.9885057806968689 75
1739990701715 0.9956140518188477 76
1739990702194 0.9891456961631775 77
1739990702675 0.984997034072876 78
1739990703151 0.9754399657249451 79
1739990703621 0.9893162250518799 80
1739990704089 0.9768832921981812 81
1739990704576 0.9742409586906433 82
1739990705052 0.9731482267379761 83
1739990705540 0.9942528605461121 84
1739990706020 0.9824786186218262 85
1739990706497 0.9801242351531982 86
1739990706973 0.980283260345459 87
1739990707452 0.9909844398498535 88
1739990707937 0.9830807447433472 89
1739990708421 0.9916666746139526 90
1739990708902 0.9848894476890564 91
1739990709382 0.9944444894790649 92
1739990709859 0.983637273311615 93
1739990710341 0.9916666746139526 94
1739990710822 0.984375 95
1739990711302 0.9846978187561035 96
1739990711782 0.9802258014678955 97
1739990712261 0.993827223777771 98
1739990712744 0.9792683124542236 99
