1739990665100 0.2578285336494446 0
1739990665588 0.5316112637519836 1
1739990666072 0.6895555257797241 2
1739990666556 0.7511595487594604 3
1739990667038 0.6952857971191406 4
1739990667522 0.768688440322876 5
1739990668004 0.7599289417266846 6
1739990668484 0.6846415400505066 7
1739990668967 0.7283801436424255 8
1739990669457 0.7180461883544922 9
1739990669938 0.6954654455184937 10
1739990670422 0.8639582991600037 11
1739990670904 0.8625180721282959 12
1739990671384 0.8736480474472046 13
1739990671862 0.9064841270446777 14
1739990672341 0.9202222228050232 15
1739990672824 0.9442368745803833 16
1739990673303 0.9462469816207886 17
1739990673789 0.9515002965927124 18
1739990674270 0.9484311938285828 19
1739990674752 0.9755546450614929 20
1739990675231 0.9716095328330994 21
1739990675714 0.9705201983451843 22
1739990676197 0.9849289655685425 23
1739990676679 0.9496838450431824 24
1739990677162 0.9895833730697632 25
1739990677637 0.9744030833244324 26
1739990678121 1.0 27
1739990678605 0.9777400493621826 28
1739990679087 0.9854809641838074 29
1739990679566 0.9884508848190308 30
1739990680045 0.9702911376953125 31
1739990680529 0.9944444894790649 32
1739990681013 1.0 33
1739990681496 0.9892361164093018 34
1739990681976 0.9947916865348816 35
1739990682456 0.976628303527832 36
1739990682937 1.0 37
1739990683418 0.9797794222831726 38
1739990683899 1.0 39
1739990684383 0.9852941036224365 40
1739990684866 0.9808578491210938 41
1739990685349 0.9949495196342468 42
1739990685829 0.9949495196342468 43
1739990686309 0.9950980544090271 44
1739990686793 0.9901875853538513 45
1739990687275 0.9896825551986694 46
1739990687757 0.98043292760849 47
1739990688240 0.9940476417541504 48
1739990688723 0.9920635223388672 49
1739990689206 0.9950980544090271 50
1739990689685 0.9848484992980957 51
1739990690168 1.0 52
1739990690651 0.9846813678741455 53
1739990691133 0.9827523231506348 54
1739990691613 0.9949495196342468 55
1739990692095 0.9884508848190308 56
1739990692575 0.9795469641685486 57
1739990693058 0.9835838079452515 58
1739990693540 0.9920635223388672 59
1739990694025 0.9793981909751892 60
1739990694504 0.9873015880584717 61
1739990694985 0.9831781387329102 62
1739990695464 0.9884259104728699 63
1739990695946 1.0 64
1739990696428 0.9950980544090271 65
1739990696905 1.0 66
1739990697389 0.9865080118179321 67
1739990697868 0.993827223777771 68
1739990698356 0.9946236610412598 69
1739990698838 1.0 70
1739990699316 0.9901961088180542 71
1739990699795 0.985435426235199 72
1739990700274 0.9863433837890625 73
1739990700752 0.9797794222831726 74
1739990701232 0.9840659499168396 75
1739990701715 0.9907828569412231 76
1739990702194 0.9912281036376953 77
1739990702675 0.9924242496490479 78
1739990703151 0.9885714054107666 79
1739990703621 0.9912281036376953 80
1739990704089 0.978787899017334 81
1739990704576 0.9901876449584961 82
1739990705052 0.9898897409439087 83
1739990705540 0.9816468954086304 84
1739990706020 0.9908521175384521 85
1739990706497 1.0 86
1739990706973 0.9950980544090271 87
1739990707452 0.9886713027954102 88
1739990707937 0.9777418971061707 89
1739990708421 0.9850999116897583 90
1739990708902 0.989553689956665 91
1739990709382 0.9837953448295593 92
1739990709859 0.98029625415802 93
1739990710341 0.9860889911651611 94
1739990710822 0.9839869737625122 95
1739990711302 0.9892857074737549 96
1739990711782 0.987013041973114 97
1739990712261 0.990287184715271 98
1739990712744 0.9884800910949707 99
