1739979597161 0.5027778148651123 0
1739979601104 0.21666666865348816 1
1739979605046 0.14166666567325592 2
1739979609008 0.4305555522441864 3
1739979612928 0.0 4
1739979616841 0.23888888955116272 5
1739979620804 0.3222222328186035 6
1739979624709 0.21111111342906952 7
1739979628682 0.2888889014720917 8
1739979632583 0.2638888955116272 9
1739979636472 0.20000000298023224 10
1739979640386 0.08888889104127884 11
1739979644304 0.07222222536802292 12
1739979648189 0.12222222238779068 13
1739979652086 0.21388889849185944 14
1739979655977 0.34166666865348816 15
1739979659869 0.30277779698371887 16
1739979663758 0.4611111283302307 17
1739979667675 0.38333335518836975 18
1739979671566 0.6833333373069763 19
1739979675472 0.25833332538604736 20
1739979679390 0.3444444537162781 21
1739979683336 0.38055557012557983 22
1739979687403 0.75 23
1739979691349 0.6916666626930237 24
1739979695282 0.7166666984558105 25
1739979699223 0.6388888955116272 26
1739979703166 0.03888889029622078 27
1739979707139 0.5666666626930237 28
1739979711091 0.35555556416511536 29
1739979714963 0.22500000894069672 30
1739979718860 0.5 31
1739979722750 0.5888888835906982 32
1739979726638 0.3083333373069763 33
1739979730557 0.23333333432674408 34
1739979734448 0.5083333253860474 35
1739979738317 0.7166666984558105 36
1739979742230 0.25555557012557983 37
1739979746133 0.11388888955116272 38
1739979750074 0.6194444298744202 39
1739979753956 0.7111111283302307 40
1739979757842 0.23333333432674408 41
1739979761760 0.5972222089767456 42
1739979765675 0.644444465637207 43
1739979769600 0.5 44
1739979773490 0.12777778506278992 45
1739979777369 0.7277777791023254 46
1739979781246 0.37222224473953247 47
1739979785143 0.7555555701255798 48
1739979789028 0.18888889253139496 49
1739979793055 0.27222222089767456 50
1739979796995 0.28333333134651184 51
1739979800879 0.17222222685813904 52
1739979804790 0.23333333432674408 53
1739979808662 0.1944444477558136 54
1739979812576 0.20000000298023224 55
1739979816519 0.11944444477558136 56
1739979820385 0.17499999701976776 57
1739979824255 0.3916666805744171 58
1739979828148 0.1805555671453476 59
1739979832042 0.3194444477558136 60
1739979836009 0.40833333134651184 61
1739979840008 0.236111119389534 62
1739979843986 0.1388888955116272 63
1739979847877 0.10555555671453476 64
1739979851797 0.0 65
1739979855684 0.31111112236976624 66
1739979859615 0.42777779698371887 67
1739979863610 0.19722223281860352 68
1739979867490 0.0 69
1739979871441 0.0 70
1739979875340 0.03333333507180214 71
1739979879229 0.11666666716337204 72
1739979883209 0.40833333134651184 73
1739979887088 0.02222222276031971 74
1739979890994 0.35555556416511536 75
1739979894899 0.35277777910232544 76
1739979898783 0.0 77
1739979902687 0.2777777910232544 78
1739979906631 0.21666666865348816 79
1739979910544 0.519444465637207 80
1739979914416 0.07222222536802292 81
1739979918297 0.4333333373069763 82
1739979922177 0.13055555522441864 83
1739979926068 0.5333333611488342 84
1739979929987 0.5611111521720886 85
1739979933877 0.25555557012557983 86
1739979937803 0.7888889312744141 87
1739979941658 0.4166666865348816 88
1739979945563 0.1944444477558136 89
1739979949599 0.75 90
1739979953597 0.16111111640930176 91
1739979957477 0.4055555760860443 92
1739979961340 0.7333333492279053 93
1739979965241 0.6277778148651123 94
1739979969140 0.3888888955116272 95
1739979973183 0.25555557012557983 96
1739979977092 0.3611111342906952 97
1739979981020 0.7111111283302307 98
1739979984946 0.7250000238418579 99
