1739979597161 0.2888889014720917 0
1739979601104 0.47777777910232544 1
1739979605046 0.574999988079071 2
1739979609008 0.3055555522441864 3
1739979612928 0.7305555939674377 4
1739979616841 0.4861111342906952 5
1739979620804 0.38333335518836975 6
1739979624709 0.5722222328186035 7
1739979628682 0.472222238779068 8
1739979632583 0.4861111342906952 9
1739979636472 0.5055555701255798 10
1739979640386 0.6611111164093018 11
1739979644304 0.6555555462837219 12
1739979648189 0.5888888835906982 13
1739979652086 0.4472222328186035 14
1739979655977 0.39722222089767456 15
1739979659869 0.4333333373069763 16
1739979663758 0.236111119389534 17
1739979667675 0.375 18
1739979671566 0.0833333358168602 19
1739979675472 0.4444444477558136 20
1739979679390 0.3861111104488373 21
1739979683336 0.3499999940395355 22
1739979687403 0.0 23
1739979691349 0.03333333507180214 24
1739979695282 0.02222222276031971 25
1739979699223 0.12777778506278992 26
1739979703166 0.6861111521720886 27
1739979707139 0.11388888955116272 28
1739979711091 0.37222224473953247 29
1739979714963 0.5250000357627869 30
1739979718860 0.19166667759418488 31
1739979722750 0.1388888955116272 32
1739979726638 0.3638888895511627 33
1739979730557 0.5222222208976746 34
1739979734448 0.19722223281860352 35
1739979738317 0.013888888992369175 36
1739979742230 0.4444444477558136 37
1739979746133 0.5777778029441833 38
1739979750074 0.15000000596046448 39
1739979753956 0.04722222313284874 40
1739979757842 0.5083333253860474 41
1739979761760 0.12222222238779068 42
1739979765675 0.11666666716337204 43
1739979769600 0.2222222238779068 44
1739979773490 0.6111111044883728 45
1739979777369 0.06111111119389534 46
1739979781246 0.40833333134651184 47
1739979785143 0.02777777798473835 48
1739979789028 0.5444444417953491 49
1739979793055 0.4833333492279053 50
1739979796995 0.5 51
1739979800879 0.5055555701255798 52
1739979804790 0.49166667461395264 53
1739979808662 0.5611111521720886 54
1739979812576 0.550000011920929 55
1739979816519 0.5638889074325562 56
1739979820385 0.5222222208976746 57
1739979824255 0.27222222089767456 58
1739979828148 0.5305555462837219 59
1739979832042 0.40833333134651184 60
1739979836009 0.32777777314186096 61
1739979840008 0.49166667461395264 62
1739979843986 0.5305555462837219 63
1739979847877 0.6333333253860474 64
1739979851797 0.7527778148651123 65
1739979855684 0.39444446563720703 66
1739979859615 0.3333333432674408 67
1739979863610 0.5527777671813965 68
1739979867490 0.7611111402511597 69
1739979871441 0.7611111402511597 70
1739979875340 0.7111111283302307 71
1739979879229 0.6361111402511597 72
1739979883209 0.30000001192092896 73
1739979887088 0.7250000238418579 74
1739979890994 0.37222224473953247 75
1739979894899 0.3638888895511627 76
1739979898783 0.7333333492279053 77
1739979902687 0.48055556416511536 78
1739979906631 0.569444477558136 79
1739979910544 0.23888888955116272 80
1739979914416 0.644444465637207 81
1739979918297 0.29722222685813904 82
1739979922177 0.5888888835906982 83
1739979926068 0.15000000596046448 84
1739979929987 0.1944444477558136 85
1739979933877 0.47777777910232544 86
1739979937803 0.0 87
1739979941658 0.36944445967674255 88
1739979945563 0.5555555820465088 89
1739979949599 0.0 90
1739979953597 0.5944444537162781 91
1739979957477 0.35277777910232544 92
1739979961340 0.0 93
1739979965241 0.12777778506278992 94
1739979969140 0.3222222328186035 95
1739979973183 0.4611111283302307 96
1739979977092 0.36944445967674255 97
1739979981020 0.0 98
1739979984946 0.01666666753590107 99
