1739963395264 0.2685185372829437 0
1739963399272 0.23148149251937866 1
1739963403246 0.43888890743255615 2
1739963407202 0.21851851046085358 3
1739963411060 0.3370370864868164 4
1739963414957 0.06296296417713165 5
1739963418860 0.4444444477558136 6
1739963422752 0.053703706711530685 7
1739963426717 0.025925928726792336 8
1739963430592 0.34074077010154724 9
1739963434501 0.12962962687015533 10
1739963438453 0.20000000298023224 11
1739963442347 0.3907407522201538 12
1739963446213 0.3648148477077484 13
1739963450064 0.24444444477558136 14
1739963453921 0.36851853132247925 15
1739963457867 0.2370370477437973 16
1739963461798 0.2611111104488373 17
1739963465634 0.25 18
1739963469487 0.3740741014480591 19
1739963473498 0.3240740895271301 20
1739963477434 0.029629630967974663 21
1739963481331 0.05000000074505806 22
1739963485189 0.09444444626569748 23
1739963489108 0.31296300888061523 24
1739963492977 0.1944444477558136 25
1739963496858 0.5129628777503967 26
1739963500856 0.45000001788139343 27
1739963504720 0.4388888478279114 28
1739963508569 0.24814815819263458 29
1739963512576 0.5444444417953491 30
1739963516483 0.5925924777984619 31
1739963520342 0.3240741193294525 32
1739963524339 0.35370373725891113 33
1739963528198 0.44999995827674866 34
1739963532112 0.366666704416275 35
1739963536026 0.4462962746620178 36
1739963539932 0.5888887643814087 37
1739963543822 0.338888943195343 38
1739963547711 0.5629628896713257 39
1739963551566 0.2814815044403076 40
1739963555456 0.34259262681007385 41
1739963559397 0.4574073851108551 42
1739963563319 0.37037041783332825 43
1739963567239 0.33148154616355896 44
1739963571131 0.2814815044403076 45
1739963574939 0.17407406866550446 46
1739963578744 0.5148147344589233 47
1739963582650 0.20000000298023224 48
1739963586606 0.35555559396743774 49
1739963590647 0.4814814329147339 50
1739963594611 0.09259258955717087 51
1739963598546 0.3888888955116272 52
1739963602468 0.25925928354263306 53
1739963606387 0.5111110210418701 54
1739963610364 0.46296295523643494 55
1739963614300 0.498148113489151 56
1739963618202 0.06111111119389534 57
1739963622089 0.4148148000240326 58
1739963625937 0.5722221732139587 59
1739963629773 0.32962965965270996 60
1739963633622 0.20000000298023224 61
1739963637449 0.22592593729496002 62
1739963641292 0.14444445073604584 63
1739963645155 0.11481481045484543 64
1739963649029 0.19074073433876038 65
1739963652931 0.3462963104248047 66
1739963656811 0.08148149400949478 67
1739963660678 0.20185187458992004 68
1739963664550 0.4203703701496124 69
1739963668397 0.2925926148891449 70
1739963672322 0.07222222536802292 71
1739963676214 0.12777778506278992 72
1739963680088 0.46481478214263916 73
1739963683946 0.38518521189689636 74
1739963687812 0.24814815819263458 75
1739963691670 0.0 76
1739963695511 0.0 77
1739963699395 0.05740741267800331 78
1739963703267 0.44999995827674866 79
1739963707128 0.19074076414108276 80
1739963710989 0.24259260296821594 81
1739963714965 0.20370370149612427 82
1739963718986 0.32777777314186096 83
1739963722996 0.10370370000600815 84
1739963726987 0.15555556118488312 85
1739963730899 0.1796296238899231 86
1739963734919 0.23888888955116272 87
1739963738831 0.42222222685813904 88
1739963742752 0.36851853132247925 89
1739963746631 0.28333336114883423 90
1739963750476 0.13518518209457397 91
1739963754371 0.27592596411705017 92
1739963758239 0.06481482088565826 93
1739963762068 0.10555555671453476 94
1739963765899 0.2777778208255768 95
1739963769731 0.1796296238899231 96
1739963773546 0.24074076116085052 97
1739963777418 0.22777777910232544 98
1739963781256 0.36851853132247925 99
