1739963395264 0.2907407879829407 0
1739963399272 0.30000004172325134 1
1739963403246 0.1240740716457367 2
1739963407202 0.368518590927124 3
1739963411060 0.17592591047286987 4
1739963414957 0.49259254336357117 5
1739963418860 0.1518518626689911 6
1739963422752 0.5074073672294617 7
1739963426717 0.5685184001922607 8
1739963430592 0.20185184478759766 9
1739963434501 0.49259254336357117 10
1739963438453 0.3499999940395355 11
1739963442347 0.15925925970077515 12
1739963446213 0.23333333432674408 13
1739963450064 0.28518521785736084 14
1739963453921 0.1796296238899231 15
1739963457867 0.3500000238418579 16
1739963461798 0.3222222626209259 17
1739963465634 0.3222222626209259 18
1739963469487 0.1944444477558136 19
1739963473498 0.28703707456588745 20
1739963477434 0.5462961792945862 21
1739963481331 0.5018518567085266 22
1739963485189 0.41111111640930176 23
1739963489108 0.27407410740852356 24
1739963492977 0.366666704416275 25
1739963496858 0.04629630222916603 26
1739963500856 0.09259258955717087 27
1739963504720 0.09074074774980545 28
1739963508569 0.35370370745658875 29
1739963512576 0.020370373502373695 30
1739963516483 0.0 31
1739963520342 0.21296295523643494 32
1739963524339 0.22592593729496002 33
1739963528198 0.11296296864748001 34
1739963532112 0.2500000298023224 35
1739963536026 0.12037037312984467 36
1739963539932 0.0 37
1739963543822 0.18518517911434174 38
1739963547711 0.011111111380159855 39
1739963551566 0.27222225069999695 40
1739963555456 0.21296298503875732 41
1739963559397 0.11481481045484543 42
1739963563319 0.18333333730697632 43
1739963567239 0.24814818799495697 44
1739963571131 0.24444447457790375 45
1739963574939 0.4018518626689911 46
1739963578744 0.06111111119389534 47
1739963582650 0.37037041783332825 48
1739963586606 0.1648148149251938 49
1739963590647 0.06666667014360428 50
1739963594611 0.47962960600852966 51
1739963598546 0.16296297311782837 52
1739963602468 0.25740742683410645 53
1739963606387 0.059259261935949326 54
1739963610364 0.10185185074806213 55
1739963614300 0.08518519252538681 56
1739963618202 0.5037036538124084 57
1739963622089 0.14999999105930328 58
1739963625937 0.04074074327945709 59
1739963629773 0.24074074625968933 60
1739963633622 0.3759259283542633 61
1739963637449 0.34259262681007385 62
1739963641292 0.40185192227363586 63
1739963645155 0.43518516421318054 64
1739963649029 0.38333335518836975 65
1739963652931 0.22777777910232544 66
1739963656811 0.5037037134170532 67
1739963660678 0.34259262681007385 68
1739963664550 0.15000000596046448 69
1739963668397 0.24629631638526917 70
1739963672322 0.4592592418193817 71
1739963676214 0.43888890743255615 72
1739963680088 0.08148148655891418 73
1739963683946 0.20555555820465088 74
1739963687812 0.27222225069999695 75
1739963691670 0.5851851105690002 76
1739963695511 0.5740740299224854 77
1739963699395 0.5111110210418701 78
1739963703267 0.12037038058042526 79
1739963707128 0.37407413125038147 80
1739963710989 0.3370370864868164 81
1739963714965 0.3314814865589142 82
1739963718986 0.22037038207054138 83
1739963722996 0.46111106872558594 84
1739963726987 0.39814814925193787 85
1739963730899 0.3500000238418579 86
1739963734919 0.3481481969356537 87
1739963738831 0.1240740716457367 88
1739963742752 0.17037035524845123 89
1739963746631 0.27407410740852356 90
1739963750476 0.43518516421318054 91
1739963754371 0.3074074387550354 92
1739963758239 0.48888882994651794 93
1739963762068 0.46296295523643494 94
1739963765899 0.2814815044403076 95
1739963769731 0.3740740418434143 96
1739963773546 0.3111111521720886 97
1739963777418 0.32962965965270996 98
1739963781256 0.1814814656972885 99
