1739985381669 0.2685185372829437 0
1739985385874 0.23148149251937866 1
1739985389807 0.43888890743255615 2
1739985393731 0.21851851046085358 3
1739985397677 0.3370370864868164 4
1739985401682 0.06296296417713165 5
1739985405598 0.4444444477558136 6
1739985409486 0.053703706711530685 7
1739985413413 0.025925928726792336 8
1739985417345 0.34074077010154724 9
1739985421198 0.12962962687015533 10
1739985425080 0.20000000298023224 11
1739985429094 0.3907407522201538 12
1739985433009 0.3648148477077484 13
1739985437024 0.24444444477558136 14
1739985440934 0.36851853132247925 15
1739985444869 0.2370370477437973 16
1739985448799 0.2611111104488373 17
1739985452725 0.25 18
1739985456680 0.3740741014480591 19
1739985460624 0.3240740895271301 20
1739985464527 0.029629630967974663 21
1739985468456 0.05000000074505806 22
1739985472368 0.09444444626569748 23
1739985476333 0.31296300888061523 24
1739985480276 0.1944444477558136 25
1739985484213 0.5129628777503967 26
1739985488163 0.45000001788139343 27
1739985492120 0.4388888478279114 28
1739985496038 0.24814815819263458 29
1739985499946 0.5444444417953491 30
1739985503884 0.5925924777984619 31
1739985507700 0.3240741193294525 32
1739985511504 0.35370373725891113 33
1739985515302 0.44999995827674866 34
1739985519110 0.366666704416275 35
1739985522909 0.4462962746620178 36
1739985526711 0.5888887643814087 37
1739985530510 0.338888943195343 38
1739985534319 0.5629628896713257 39
1739985538217 0.2814815044403076 40
1739985542128 0.34259262681007385 41
1739985546078 0.4574073851108551 42
1739985550023 0.37037041783332825 43
1739985553946 0.33148154616355896 44
1739985557940 0.2814815044403076 45
1739985561792 0.17407406866550446 46
1739985565602 0.5148147344589233 47
1739985569413 0.20000000298023224 48
1739985573213 0.35555559396743774 49
1739985577019 0.4814814329147339 50
1739985580821 0.09259258955717087 51
1739985584627 0.3888888955116272 52
1739985588450 0.25925928354263306 53
1739985592264 0.5111110210418701 54
1739985596077 0.46296295523643494 55
1739985599897 0.498148113489151 56
1739985603709 0.06111111119389534 57
1739985607527 0.4148148000240326 58
1739985611344 0.5722221732139587 59
1739985615164 0.32962965965270996 60
1739985618973 0.20000000298023224 61
1739985622778 0.22592593729496002 62
1739985626592 0.14444445073604584 63
1739985630401 0.11481481045484543 64
1739985634217 0.19074073433876038 65
1739985638025 0.3462963104248047 66
1739985641838 0.08148149400949478 67
1739985645650 0.20185187458992004 68
1739985649460 0.4203703701496124 69
1739985653277 0.2925926148891449 70
1739985657092 0.07222222536802292 71
1739985660903 0.12777778506278992 72
1739985664722 0.46481478214263916 73
1739985668536 0.38518521189689636 74
1739985672343 0.24814815819263458 75
1739985676156 0.0 76
1739985679987 0.0 77
1739985683964 0.05740741267800331 78
1739985687925 0.44999995827674866 79
1739985691882 0.19074076414108276 80
1739985695745 0.24259260296821594 81
1739985699701 0.20370370149612427 82
1739985703656 0.32777777314186096 83
1739985707608 0.10370370000600815 84
1739985711509 0.15555556118488312 85
1739985715385 0.1796296238899231 86
1739985719302 0.23888888955116272 87
1739985723194 0.42222222685813904 88
1739985727104 0.36851853132247925 89
1739985731003 0.28333336114883423 90
1739985735035 0.13518518209457397 91
1739985739155 0.27592596411705017 92
1739985743163 0.06481482088565826 93
1739985747300 0.10555555671453476 94
1739985751309 0.2777778208255768 95
1739985755311 0.1796296238899231 96
1739985759332 0.24074076116085052 97
1739985763167 0.22777777910232544 98
1739985766967 0.36851853132247925 99
