1739985381669 0.2907407879829407 0
1739985385874 0.30000004172325134 1
1739985389807 0.1240740716457367 2
1739985393731 0.368518590927124 3
1739985397677 0.17592591047286987 4
1739985401682 0.49259254336357117 5
1739985405598 0.1518518626689911 6
1739985409486 0.5074073672294617 7
1739985413413 0.5685184001922607 8
1739985417345 0.20185184478759766 9
1739985421198 0.49259254336357117 10
1739985425080 0.3499999940395355 11
1739985429094 0.15925925970077515 12
1739985433009 0.23333333432674408 13
1739985437024 0.28518521785736084 14
1739985440934 0.1796296238899231 15
1739985444869 0.3500000238418579 16
1739985448799 0.3222222626209259 17
1739985452725 0.3222222626209259 18
1739985456680 0.1944444477558136 19
1739985460624 0.28703707456588745 20
1739985464527 0.5462961792945862 21
1739985468456 0.5018518567085266 22
1739985472368 0.41111111640930176 23
1739985476333 0.27407410740852356 24
1739985480276 0.366666704416275 25
1739985484213 0.04629630222916603 26
1739985488163 0.09259258955717087 27
1739985492120 0.09074074774980545 28
1739985496038 0.35370370745658875 29
1739985499946 0.020370373502373695 30
1739985503884 0.0 31
1739985507700 0.21296295523643494 32
1739985511504 0.22592593729496002 33
1739985515302 0.11296296864748001 34
1739985519110 0.2500000298023224 35
1739985522909 0.12037037312984467 36
1739985526711 0.0 37
1739985530510 0.18518517911434174 38
1739985534319 0.011111111380159855 39
1739985538217 0.27222225069999695 40
1739985542128 0.21296298503875732 41
1739985546078 0.11481481045484543 42
1739985550023 0.18333333730697632 43
1739985553946 0.24814818799495697 44
1739985557940 0.24444447457790375 45
1739985561792 0.4018518626689911 46
1739985565602 0.06111111119389534 47
1739985569413 0.37037041783332825 48
1739985573213 0.1648148149251938 49
1739985577019 0.06666667014360428 50
1739985580821 0.47962960600852966 51
1739985584627 0.16296297311782837 52
1739985588450 0.25740742683410645 53
1739985592264 0.059259261935949326 54
1739985596077 0.10185185074806213 55
1739985599897 0.08518519252538681 56
1739985603709 0.5037036538124084 57
1739985607527 0.14999999105930328 58
1739985611344 0.04074074327945709 59
1739985615164 0.24074074625968933 60
1739985618973 0.3759259283542633 61
1739985622778 0.34259262681007385 62
1739985626592 0.40185192227363586 63
1739985630401 0.43518516421318054 64
1739985634217 0.38333335518836975 65
1739985638025 0.22777777910232544 66
1739985641838 0.5037037134170532 67
1739985645650 0.34259262681007385 68
1739985649460 0.15000000596046448 69
1739985653277 0.24629631638526917 70
1739985657092 0.4592592418193817 71
1739985660903 0.43888890743255615 72
1739985664722 0.08148148655891418 73
1739985668536 0.20555555820465088 74
1739985672343 0.27222225069999695 75
1739985676156 0.5851851105690002 76
1739985679987 0.5740740299224854 77
1739985683964 0.5111110210418701 78
1739985687925 0.12037038058042526 79
1739985691882 0.37407413125038147 80
1739985695745 0.3370370864868164 81
1739985699701 0.3314814865589142 82
1739985703656 0.22037038207054138 83
1739985707608 0.46111106872558594 84
1739985711509 0.39814814925193787 85
1739985715385 0.3500000238418579 86
1739985719302 0.3481481969356537 87
1739985723194 0.1240740716457367 88
1739985727104 0.17037035524845123 89
1739985731003 0.27407410740852356 90
1739985735035 0.43518516421318054 91
1739985739155 0.3074074387550354 92
1739985743163 0.48888882994651794 93
1739985747300 0.46296295523643494 94
1739985751309 0.2814815044403076 95
1739985755311 0.3740740418434143 96
1739985759332 0.3111111521720886 97
1739985763167 0.32962965965270996 98
1739985766967 0.1814814656972885 99
