1739990525766 0.47553810477256775 0
1739990526256 0.5534588694572449 1
1739990526734 0.6216071844100952 2
1739990527217 0.7311843633651733 3
1739990527696 0.6886087656021118 4
1739990528175 0.7457222938537598 5
1739990528656 0.7238523364067078 6
1739990529142 0.7409140467643738 7
1739990529622 0.741902232170105 8
1739990530101 0.7289189696311951 9
1739990530579 0.8371555209159851 10
1739990531062 0.8437268137931824 11
1739990531541 0.8386523723602295 12
1739990532021 0.8887494802474976 13
1739990532496 0.9008282423019409 14
1739990532979 0.9256362915039062 15
1739990533461 0.9386045336723328 16
1739990533935 0.936398983001709 17
1739990534415 0.9523932337760925 18
1739990534891 0.9443180561065674 19
1739990535371 0.9574912786483765 20
1739990535847 0.9780890941619873 21
1739990536329 0.9834553003311157 22
1739990536807 0.976081132888794 23
1739990537289 0.9771021604537964 24
1739990537766 0.9845238924026489 25
1739990538244 0.9880952835083008 26
1739990538724 0.9858517646789551 27
1739990539206 0.9850788116455078 28
1739990539682 0.9680545330047607 29
1739990540161 0.9790849685668945 30
1739990540637 0.9797853231430054 31
1739990541115 0.9904762506484985 32
1739990541594 0.9900475740432739 33
1739990542075 0.9824561476707458 34
1739990542553 0.9830896854400635 35
1739990543032 0.9949495196342468 36
1739990543510 0.9848214387893677 37
1739990543988 1.0 38
1739990544466 0.9844855070114136 39
1739990544943 0.984485387802124 40
1739990545421 0.9871794581413269 41
1739990545898 0.9907407760620117 42
1739990546379 1.0 43
1739990546858 0.9898990392684937 44
1739990547336 1.0 45
1739990547816 0.9920635223388672 46
1739990548295 0.9783042669296265 47
1739990548774 1.0 48
1739990549258 1.0 49
1739990549739 0.9805237650871277 50
1739990550221 1.0 51
1739990550703 0.9946236610412598 52
1739990551182 0.9759731292724609 53
1739990551663 0.9880383014678955 54
1739990552142 0.9946236610412598 55
1739990552621 1.0 56
1739990553099 0.9944444894790649 57
1739990553577 0.9848392009735107 58
1739990554054 1.0 59
1739990554532 1.0 60
1739990555011 1.0 61
1739990555493 1.0 62
1739990555973 0.9909909963607788 63
1739990556454 1.0 64
1739990556936 0.9838709831237793 65
1739990557416 0.989393949508667 66
1739990557891 0.9873932600021362 67
1739990558367 0.9882716536521912 68
1739990558853 0.9846065044403076 69
1739990559334 1.0 70
1739990559812 0.9833333492279053 71
1739990560293 0.9861111640930176 72
1739990560772 0.9732413291931152 73
1739990561253 0.9902377128601074 74
1739990561733 1.0 75
1739990562216 0.9944444894790649 76
1739990562693 0.9898990392684937 77
1739990563173 0.9947916865348816 78
1739990563657 0.9957265257835388 79
1739990564136 0.9950980544090271 80
1739990564619 0.9895731806755066 81
1739990565099 0.9947916865348816 82
1739990565579 0.9853552579879761 83
1739990566058 0.9933333396911621 84
1739990566546 0.9901620745658875 85
1739990567025 0.9901876449584961 86
1739990567508 0.9886188507080078 87
1739990567985 0.9849597811698914 88
1739990568467 0.9811786413192749 89
1739990568947 0.9935897588729858 90
1739990569430 1.0 91
1739990569914 0.9750280380249023 92
1739990570394 0.9895731806755066 93
1739990570877 0.9940476417541504 94
1739990571357 0.9947916865348816 95
1739990571839 0.9901961088180542 96
1739990572320 0.9935897588729858 97
1739990572798 0.9935897588729858 98
1739990573279 0.9944444894790649 99
