1739990525766 0.4692460298538208 0
1739990526256 0.5390218496322632 1
1739990526734 0.5719529986381531 2
1739990527217 0.6312911510467529 3
1739990527696 0.7010226249694824 4
1739990528175 0.7465636134147644 5
1739990528656 0.7682623267173767 6
1739990529142 0.8233757019042969 7
1739990529622 0.8083623647689819 8
1739990530101 0.838215708732605 9
1739990530579 0.8108178377151489 10
1739990531062 0.8503737449645996 11
1739990531541 0.9025448560714722 12
1739990532021 0.8683243989944458 13
1739990532496 0.880948007106781 14
1739990532979 0.8912031054496765 15
1739990533461 0.912249743938446 16
1739990533935 0.9248805046081543 17
1739990534415 0.9253714084625244 18
1739990534891 0.934544563293457 19
1739990535371 0.9112998247146606 20
1739990535847 0.9449405074119568 21
1739990536329 0.9416934251785278 22
1739990536807 0.9490258693695068 23
1739990537289 0.9439875483512878 24
1739990537766 0.9397063255310059 25
1739990538244 0.9556775093078613 26
1739990538724 0.9547635316848755 27
1739990539206 0.95903480052948 28
1739990539682 0.9596306085586548 29
1739990540161 0.9562332034111023 30
1739990540637 0.9666799306869507 31
1739990541115 0.9787448644638062 32
1739990541594 0.966099202632904 33
1739990542075 0.976530909538269 34
1739990542553 0.9681448340415955 35
1739990543032 0.9593448042869568 36
1739990543510 0.9667478799819946 37
1739990543988 0.9704322218894958 38
1739990544466 0.9737352132797241 39
1739990544943 0.9560827016830444 40
1739990545421 0.9714469909667969 41
1739990545898 0.9741175174713135 42
1739990546379 0.9847805500030518 43
1739990546858 0.9779942035675049 44
1739990547336 0.9745074510574341 45
1739990547816 0.9792197942733765 46
1739990548295 0.9719612002372742 47
1739990548774 0.9721132516860962 48
1739990549258 0.9901191592216492 49
1739990549739 0.9835001826286316 50
1739990550221 0.9600686430931091 51
1739990550703 0.9801666736602783 52
1739990551182 0.9846405386924744 53
1739990551663 0.9804604053497314 54
1739990552142 0.9674266576766968 55
1739990552621 0.9810768961906433 56
1739990553099 0.9900475740432739 57
1739990553577 0.9742211699485779 58
1739990554054 0.9733809232711792 59
1739990554532 0.9785250425338745 60
1739990555011 0.9770635366439819 61
1739990555493 0.9831294417381287 62
1739990555973 0.9810431003570557 63
1739990556454 0.9832837581634521 64
1739990556936 0.9844356775283813 65
1739990557416 0.9823986887931824 66
1739990557891 0.990287184715271 67
1739990558367 0.9953703880310059 68
1739990558853 0.9787290096282959 69
1739990559334 0.9773215055465698 70
1739990559812 0.975196123123169 71
1739990560293 0.9893509745597839 72
1739990560772 0.9946236610412598 73
1739990561253 0.9669889807701111 74
1739990561733 0.9898897409439087 75
1739990562216 0.9905182123184204 76
1739990562693 0.980532169342041 77
1739990563173 0.9758736491203308 78
1739990563657 0.9884313941001892 79
1739990564136 0.9940476417541504 80
1739990564619 0.9898990392684937 81
1739990565099 0.9950980544090271 82
1739990565579 0.9946236610412598 83
1739990566058 0.9841773509979248 84
1739990566546 0.976934552192688 85
1739990567025 0.9885057806968689 86
1739990567508 0.9886974096298218 87
1739990567985 0.9841518402099609 88
1739990568467 0.9885057806968689 89
1739990568947 0.9773955345153809 90
1739990569430 0.9807511568069458 91
1739990569914 0.9888288378715515 92
1739990570394 0.9794721603393555 93
1739990570877 0.980940043926239 94
1739990571357 0.9801768660545349 95
1739990571839 0.9822595119476318 96
1739990572320 0.9956140518188477 97
1739990572798 0.9956140518188477 98
1739990573279 0.9892857074737549 99
