1739987566591 0.3738313913345337 0
1739987568149 0.32556650042533875 1
1739987569705 0.24302901327610016 2
1739987571264 0.4050235152244568 3
1739987572807 0.22031250596046448 4
1739987574370 0.11071672290563583 5
1739987575913 0.4781021475791931 6
1739987577464 0.45284828543663025 7
1739987579013 0.2536611557006836 8
1739987580557 0.26988494396209717 9
1739987582097 0.43054714798927307 10
1739987583640 0.27508679032325745 11
1739987585182 0.2983316481113434 12
1739987586724 0.1904141902923584 13
1739987588267 0.3890776038169861 14
1739987589809 0.0 15
1739987591347 0.517236053943634 16
1739987592893 0.22897396981716156 17
1739987594434 0.21514473855495453 18
1739987595979 0.47268784046173096 19
1739987597522 0.3353959619998932 20
1739987599065 0.13780531287193298 21
1739987600606 0.3072916567325592 22
1739987602130 0.08194444328546524 23
1739987603643 0.2992321848869324 24
1739987605202 0.2674192488193512 25
1739987606744 0.23782606422901154 26
1739987608291 0.10694444179534912 27
1739987609845 0.3641623854637146 28
1739987611382 0.17993079125881195 29
1739987612923 0.3268229067325592 30
1739987614473 0.2574126124382019 31
1739987616017 0.3854166567325592 32
1739987617559 0.10946180671453476 33
1739987619108 0.5012686848640442 34
1739987620646 0.4011925160884857 35
1739987622194 0.0 36
1739987623742 0.14630208909511566 37
1739987625286 0.49904516339302063 38
1739987626831 0.09534050524234772 39
1739987628375 0.46686288714408875 40
1739987629919 0.466328889131546 41
1739987631465 0.14085479080677032 42
1739987633006 0.28146740794181824 43
1739987634544 0.4967701733112335 44
1739987636095 0.5019097328186035 45
1739987637642 0.06059028208255768 46
1739987639185 0.42292454838752747 47
1739987640732 0.37135541439056396 48
1739987642273 0.4996974766254425 49
1739987643812 0.47873014211654663 50
1739987645358 0.47210925817489624 51
1739987646902 0.1111111119389534 52
1739987648450 0.24358749389648438 53
1739987650006 0.5013291239738464 54
1739987651552 0.24384933710098267 55
1739987653095 0.4402197301387787 56
1739987654644 0.49904516339302063 57
1739987656179 0.4655418395996094 58
1739987657742 0.4007660150527954 59
1739987659287 0.4991356134414673 60
1739987660826 0.5008810758590698 61
1739987662390 0.344472736120224 62
1739987663937 0.5189741849899292 63
1739987665484 0.4979825019836426 64
1739987667041 0.4988749921321869 65
1739987668591 0.45659276843070984 66
1739987670131 0.49936050176620483 67
1739987671679 0.09246791899204254 68
1739987673223 0.3712039589881897 69
1739987674769 0.1291465312242508 70
1739987676325 0.41410839557647705 71
1739987677868 0.24937804043293 72
1739987679412 0.4751582741737366 73
1739987680964 0.4943324327468872 74
1739987682513 0.5001114010810852 75
1739987684065 0.4975913465023041 76
1739987685620 0.08095917105674744 77
1739987687164 0.0 78
1739987688714 0.5026223659515381 79
1739987690260 0.49946996569633484 80
1739987691807 0.4739012122154236 81
1739987693358 0.15244708955287933 82
1739987694900 0.011111111380159855 83
1739987696414 0.3622448444366455 84
1739987697957 0.463956743478775 85
1739987699503 0.0555555559694767 86
1739987701044 0.3983748257160187 87
1739987702589 0.4980837404727936 88
1739987704136 0.5096097588539124 89
1739987705676 0.5149022936820984 90
1739987707220 0.5469997525215149 91
1739987708763 0.5017911791801453 92
1739987710304 0.1844850480556488 93
1739987711857 0.4879985451698303 94
1739987713398 0.5280590653419495 95
1739987714941 0.5019505023956299 96
1739987716486 0.500885009765625 97
1739987718032 0.49930837750434875 98
1739987719573 0.5011394619941711 99
