1739987566591 0.3104429543018341 0
1739987568149 0.18720920383930206 1
1739987569705 0.4853816032409668 2
1739987571264 0.18593162298202515 3
1739987572807 0.3033854067325592 4
1739987574370 0.44730398058891296 5
1739987575913 0.41170740127563477 6
1739987577464 0.26277676224708557 7
1739987579013 0.28239959478378296 8
1739987580557 0.46950817108154297 9
1739987582097 0.46300163865089417 10
1739987583640 0.2508680522441864 11
1739987585182 0.2629137337207794 12
1739987586724 0.36132293939590454 13
1739987588267 0.14579476416110992 14
1739987589809 0.5009548664093018 15
1739987591347 0.24568912386894226 16
1739987592893 0.3640313744544983 17
1739987594434 0.3286639153957367 18
1739987595979 0.22722414135932922 19
1739987597522 0.26712003350257874 20
1739987599065 0.38642939925193787 21
1739987600606 0.2298090159893036 22
1739987602130 0.47198984026908875 23
1739987603643 0.3823983669281006 24
1739987605202 0.3340591788291931 25
1739987606744 0.3060654103755951 26
1739987608291 0.3828125 27
1739987609845 0.3193126320838928 28
1739987611382 0.31963542103767395 29
1739987612923 0.15873980522155762 30
1739987614473 0.42488226294517517 31
1739987616017 0.10954860597848892 32
1739987617559 0.4422880709171295 33
1739987619108 0.0 34
1739987620646 0.2514524459838867 35
1739987622194 0.5019097328186035 36
1739987623742 0.39176273345947266 37
1739987625286 0.0 38
1739987626831 0.5013382434844971 39
1739987628375 0.04442090541124344 40
1739987629919 0.14855484664440155 41
1739987631465 0.44216448068618774 42
1739987633006 0.3189072608947754 43
1739987634544 0.4488019347190857 44
1739987636095 0.0 45
1739987637642 0.4339946210384369 46
1739987639185 0.11512936651706696 47
1739987640732 0.2829158306121826 48
1739987642273 0.16520921885967255 49
1739987643812 0.5111417770385742 50
1739987645358 0.2140556126832962 51
1739987646902 0.4985482394695282 52
1739987648450 0.3622732162475586 53
1739987650006 0.18518517911434174 54
1739987651552 0.5058175325393677 55
1739987653095 0.2733875513076782 56
1739987654644 0.0 57
1739987656179 0.18385960161685944 58
1739987657742 0.27978596091270447 59
1739987659287 0.28434935212135315 60
1739987660826 0.30006614327430725 61
1739987662390 0.24403592944145203 62
1739987663937 0.23865635693073273 63
1739987665484 0.1776455044746399 64
1739987667041 0.018518518656492233 65
1739987668591 0.4378632605075836 66
1739987670131 0.2893597185611725 67
1739987671679 0.42086806893348694 68
1739987673223 0.23061268031597137 69
1739987674769 0.49720606207847595 70
1739987676325 0.13051584362983704 71
1739987677868 0.5274249911308289 72
1739987679412 0.15144681930541992 73
1739987680964 0.025925928726792336 74
1739987682513 0.29979607462882996 75
1739987684065 0.19662414491176605 76
1739987685620 0.4933437407016754 77
1739987687164 0.4971354305744171 78
1739987688714 0.3410307765007019 79
1739987690260 0.25785425305366516 80
1739987691807 0.5053794980049133 81
1739987693358 0.49752262234687805 82
1739987694900 0.49785274267196655 83
1739987696414 0.5596173405647278 84
1739987697957 0.5045445561408997 85
1739987699503 0.4971456527709961 86
1739987701044 0.5440267324447632 87
1739987702589 0.24122776091098785 88
1739987704136 0.47059282660484314 89
1739987705676 0.4676855504512787 90
1739987707220 0.36369791626930237 91
1739987708763 0.08758161962032318 92
1739987710304 0.42960256338119507 93
1739987711857 0.2848745882511139 94
1739987713398 0.357452392578125 95
1739987714941 0.511078953742981 96
1739987716486 0.1120811328291893 97
1739987718032 0.1111111119389534 98
1739987719573 0.3314814865589142 99
