1739981028230 0.3550635576248169 0
1739981046160 0.17056171596050262 1
1739981064016 0.37761378288269043 2
1739981081884 0.3444034457206726 3
1739981099815 0.3054530620574951 4
1739981117478 0.2599426209926605 5
1739981135791 0.2525625228881836 6
1739981154078 0.23042231798171997 7
1739981171999 0.24969248473644257 8
1739981189815 0.35875359177589417 9
1739981207758 0.2136121392250061 10
1739981225649 0.3427634537220001 11
1739981244017 0.3185731768608093 12
1739981262528 0.33620336651802063 13
1739981280764 0.3353833854198456 14
1739981299132 0.27183273434638977 15
1739981317401 0.1590815931558609 16
1739981335824 0.24067242443561554 17
1739981353775 0.16236162185668945 18
1739981371928 0.20418204367160797 19
1739981390455 0.2045920491218567 20
1739981408271 0.26896268129348755 21
1739981426454 0.3808938264846802 22
1739981444897 0.12136121839284897 23
1739981463276 0.25379255414009094 24
1739981481655 0.22755226492881775 25
1739981499177 0.11070110648870468 26
1739981517146 0.25338253378868103 27
1739981534771 0.3111931383609772 28
1739981552580 0.3751537501811981 29
1739981570578 0.2685526907444 30
1739981588434 0.21935220062732697 31
1739981606392 0.26486265659332275 32
1739981624171 0.057400573045015335 33
1739981642153 0.24928249418735504 34
1739981660014 0.11439114063978195 35
1739981677910 0.25625255703926086 36
1739981695943 0.1090610921382904 37
1739981713674 0.15416154265403748 38
1739981731645 0.2988929748535156 39
1739981749635 0.3333333134651184 40
1739981767601 0.09061091393232346 41
1739981785526 0.24887250363826752 42
1739981803360 0.1701517105102539 43
1739981821346 0.2509225010871887 44
1739981839307 0.169741690158844 45
1739981857188 0.1918819099664688 46
1739981875094 0.233292356133461 47
1739981893014 0.11644116789102554 48
1739981911306 0.44608446955680847 49
1739981929790 0.2398523986339569 50
1739981947813 0.31488314270973206 51
1739981965685 0.20746207237243652 52
1739981983617 0.03403034061193466 53
1739982001867 0.44116443395614624 54
1739982020163 0.48749491572380066 55
1739982038326 0.24231241643428802 56
1739982056459 0.17138172686100006 57
1739982074951 0.27593275904655457 58
1739982093110 0.34727346897125244 59
1739982111276 0.30627307295799255 60
1739982129480 0.3657236695289612 61
1739982147382 0.1283312886953354 62
1739982165019 0.14473144710063934 63
1739982182825 0.3747437596321106 64
1739982200479 0.3202131986618042 65
1739982218519 0.15785159170627594 66
1739982236305 0.5239852070808411 67
1739982254284 0.2964329719543457 68
1739982272582 0.37802383303642273 69
1739982290390 0.25379255414009094 70
1739982308199 0.24518245458602905 71
1739982325906 0.12546125054359436 72
1739982343774 0.10865108668804169 73
1739982361526 0.41902419924736023 74
1739982379452 0.2136121392250061 75
1739982397226 0.2136121392250061 76
1739982414790 0.3882738947868347 77
1739982433756 0.27593275904655457 78
1739982451776 0.28003281354904175 79
1739982470194 0.49159494042396545 80
1739982488652 0.09553095698356628 81
1739982507079 0.4247642457485199 82
1739982524825 0.18819187581539154 83
1739982542659 0.4223042130470276 84
1739982560589 0.3731037676334381 85
1739982578691 0.37843379378318787 86
1739982596499 0.12505125999450684 87
1739982614342 0.31488314270973206 88
1739982632391 0.20623207092285156 89
1739982650554 0.2943829596042633 90
1739982668309 0.3226732313632965 91
1739982686123 0.26281261444091797 92
1739982704049 0.20008201897144318 93
1739982721844 0.32595324516296387 94
1739982739650 0.25420254468917847 95
1739982757483 0.3960639536380768 96
1739982775280 0.24723246693611145 97
1739982793099 0.4489545226097107 98
1739982810864 0.4272243082523346 99
