1739981028230 0.2443624585866928 0
1739981046160 0.4317343235015869 1
1739981064016 0.22796228528022766 2
1739981081884 0.2308323085308075 3
1739981099815 0.2722427248954773 4
1739981117478 0.3251332640647888 5
1739981135791 0.3271832764148712 6
1739981154078 0.3444034457206726 7
1739981171999 0.34317341446876526 8
1739981189815 0.22099220752716064 9
1739981207758 0.3624436557292938 10
1739981225649 0.24518245458602905 11
1739981244017 0.2681426703929901 12
1739981262528 0.25174254179000854 13
1739981280764 0.21976220607757568 14
1739981299132 0.29930299520492554 15
1739981317401 0.4272242784500122 16
1739981335824 0.35424357652664185 17
1739981353775 0.41779419779777527 18
1739981371928 0.35875359177589417 19
1739981390455 0.3710537254810333 20
1739981408271 0.3025830090045929 21
1739981426454 0.19557195901870728 22
1739981444897 0.4526445269584656 23
1739981463276 0.3181631863117218 24
1739981481655 0.35588356852531433 25
1739981499177 0.44608446955680847 26
1739981517146 0.32390323281288147 27
1739981534771 0.27388274669647217 28
1739981552580 0.19434194266796112 29
1739981570578 0.31488314270973206 30
1739981588434 0.34686344861984253 31
1739981606392 0.3091430962085724 32
1739981624171 0.5207052230834961 33
1739981642153 0.3489135205745697 34
1739981660014 0.45838460326194763 35
1739981677910 0.3230832517147064 36
1739981695943 0.45223453640937805 37
1739981713674 0.4223042130470276 38
1739981731645 0.2829028367996216 39
1739981749635 0.2591225802898407 40
1739981767601 0.4723247289657593 41
1739981785526 0.314063161611557 42
1739981803360 0.4100041091442108 43
1739981821346 0.3378433883190155 44
1739981839307 0.4079540967941284 45
1739981857188 0.36982372403144836 46
1739981875094 0.32554328441619873 47
1739981893014 0.47191473841667175 48
1739981911306 0.13817138969898224 49
1739981929790 0.33251336216926575 50
1739981947813 0.25133252143859863 51
1739981965685 0.36695367097854614 52
1739981983617 0.5371053814888 53
1739982001867 0.13161131739616394 54
1739982020163 0.09225092083215714 55
1739982038326 0.33046332001686096 56
1739982056459 0.3923739492893219 57
1739982074951 0.3025830388069153 58
1739982093110 0.222222238779068 59
1739982111276 0.26732268929481506 60
1739982129480 0.21279212832450867 61
1739982147382 0.4592045843601227 62
1739982165019 0.4317343235015869 63
1739982182825 0.20951209962368011 64
1739982200479 0.2443624585866928 65
1739982218519 0.43952441215515137 66
1739982236305 0.060680609196424484 67
1739982254284 0.2677326798439026 68
1739982272582 0.19311192631721497 69
1739982290390 0.31693318486213684 70
1739982308199 0.3316933214664459 71
1739982325906 0.4452644884586334 72
1739982343774 0.4727347791194916 73
1739982361526 0.17589175701141357 74
1739982379452 0.3747437596321106 75
1739982397226 0.3505535125732422 76
1739982414790 0.18450184166431427 77
1739982433756 0.30422306060791016 78
1739982451776 0.283722847700119 79
1739982470194 0.07667076587677002 80
1739982488652 0.5014350414276123 81
1739982507079 0.15580156445503235 82
1739982524825 0.39729395508766174 83
1739982542659 0.16605165600776672 84
1739982560589 0.20746207237243652 85
1739982578691 0.20295202732086182 86
1739982596499 0.45018449425697327 87
1739982614342 0.26281261444091797 88
1739982632391 0.3485035002231598 89
1739982650554 0.291922926902771 90
1739982668309 0.25830256938934326 91
1739982686123 0.3177531957626343 92
1739982704049 0.38622385263442993 93
1739982721844 0.25379255414009094 94
1739982739650 0.32595324516296387 95
1739982757483 0.18040180206298828 96
1739982775280 0.32144322991371155 97
1739982793099 0.1373513787984848 98
1739982810864 0.13899138569831848 99
