1739981908765 0.7004088192021588 0
1739981937417 0.6950588805150469 1
1739981966111 0.6940450162394812 2
1739981994755 0.693667476949709 3
1739982023524 0.6949962897206041 4
1739982052257 0.6940069608524818 5
1739982080938 0.6946139546507962 6
1739982109615 0.6940055124811317 7
1739982138332 0.694468742350809 8
1739982167052 0.6941558712763907 9
1739982195772 0.6941628292579514 10
1739982224318 0.6946005871526171 11
1739982252803 0.6935889072689339 12
1739982281280 0.6939805421157864 13
1739982309790 0.6939115701276903 14
1739982338260 0.6936231945180721 15
1739982366806 0.6939696657205747 16
1739982395443 0.6936221804859836 17
1739982424030 0.6936693462116194 18
1739982452576 0.694216722454405 19
1739982481211 0.6935772373465424 20
1739982509811 0.6934991011443121 21
1739982538332 0.6938947180978658 22
1739982566847 0.6935406932977133 23
1739982595385 0.693535937998269 24
1739982623950 0.6941235324751169 25
1739982652420 0.6936831637302461 26
1739982681032 0.6936698321938946 27
1739982709481 0.6936592190704621 28
1739982737445 0.6941835766234553 29
1739982765057 0.6935352863279921 30
1739982792928 0.6939869847969028 31
1739982821484 0.6935918410224605 32
1739982849271 0.6939115908924853 33
1739982876865 0.6938978764447065 34
1739982905059 0.6934991895829727 35
1739982933583 0.6935345154484257 36
1739982961743 0.6939370082926664 37
1739982989981 0.6937735988237367 38
1739983018152 0.6936484802285686 39
1739983046343 0.6936962020849062 40
1739983074904 0.6940073454315482 41
1739983103211 0.6943434405843273 42
1739983131454 0.6936083685620167 43
1739983159952 0.6936226687814354 44
1739983188388 0.6935243493060342 45
1739983216754 0.693942443666045 46
1739983244912 0.6937003046381774 47
1739983273239 0.6937633082001649 48
1739983301710 0.6934161767202164 49
1739983330208 0.6942737301011378 50
1739983358573 0.6939925848361818 51
1739983386921 0.6936456670292017 52
1739983415365 0.6936506244357312 53
1739983443666 0.694359411885592 54
1739983471726 0.6931166240293196 55
1739983500130 0.693929704625684 56
1739983528768 0.6934687473175758 57
1739983557120 0.693721422380919 58
1739983585443 0.6938158346857836 59
1739983613850 0.6941959767027452 60
1739983642364 0.6929386357107747 61
1739983670966 0.693806854987833 62
1739983699472 0.6937739778619381 63
1739983727954 0.6935690248701116 64
1739983756358 0.69391743166352 65
1739983784777 0.694122941431586 66
1739983813117 0.693723319454744 67
1739983841466 0.6937236395876331 68
1739983869927 0.6944181003241332 69
1739983898242 0.6940305107121864 70
1739983926655 0.6936542239537739 71
1739983955103 0.693558650541822 72
1739983983474 0.694156442523433 73
1739984011913 0.6937008880966407 74
1739984040243 0.693772975341938 75
1739984068718 0.6939623720056314 76
1739984096270 0.6939080397359731 77
1739984123618 0.6944534941862206 78
1739984151123 0.6937986901736001 79
1739984177798 0.6940638463312108 80
1739984204319 0.6936657378174338 81
1739984231036 0.6936032323953477 82
1739984257967 0.6938288444216071 83
1739984284584 0.69379203946797 84
1739984311842 0.6940012189025052 85
1739984339133 0.6937143481487832 86
1739984365963 0.693536904529544 87
1739984392221 0.6938757588179103 88
1739984418538 0.6940435748883533 89
1739984444863 0.693903157588377 90
1739984471398 0.6939488924797692 91
1739984496867 0.6937787573152501 92
1739984521762 0.6938857931092328 93
1739984546914 0.6941156977996069 94
1739984572073 0.6935878907622843 95
1739984597379 0.6938184622930705 96
