1739981028230 0.7041499969190924 0
1739981046160 0.6946166022823892 1
1739981064016 0.6944740947248897 2
1739981081884 0.6941535423382622 3
1739981099815 0.6944433105387811 4
1739981117478 0.6946377947761564 5
1739981135791 0.6939428736069693 6
1739981154078 0.6966344700234989 7
1739981171999 0.6940449551755945 8
1739981189815 0.6941680845885846 9
1739981207758 0.6940953805584456 10
1739981225649 0.6943166255950928 11
1739981244017 0.6944895602240334 12
1739981262528 0.6940296669141246 13
1739981280764 0.6936320287861654 14
1739981299132 0.6941807447471009 15
1739981317401 0.6932838488768828 16
1739981335824 0.6939435041845211 17
1739981353775 0.693755884158802 18
1739981371928 0.6947464681566128 19
1739981390455 0.6935959344713744 20
1739981408271 0.6937816432627951 21
1739981426454 0.6937503781705765 22
1739981444897 0.6935645044216517 23
1739981463276 0.693864018421478 24
1739981481655 0.6937756134428514 25
1739981499177 0.6938556647535327 26
1739981517146 0.6936853646059025 27
1739981534771 0.6941138120301682 28
1739981552580 0.6938672988763741 29
1739981570578 0.6934948496126454 30
1739981588434 0.6938862465551126 31
1739981606392 0.6936259220593677 32
1739981624171 0.6933907551225847 33
1739981642153 0.6938548750469752 34
1739981660014 0.6936483264409308 35
1739981677910 0.6936599441413364 36
1739981695943 0.6933946432809255 37
1739981713674 0.6939157081852686 38
1739981731645 0.693647867419183 39
1739981749635 0.6938697887082821 40
1739981767601 0.6941081638852316 41
1739981785526 0.6935086124204328 42
1739981803360 0.6936565872194729 43
1739981821346 0.6937132168373352 44
1739981839307 0.6939116080015495 45
1739981857188 0.6938331862510644 46
1739981875094 0.6937785437479523 47
1739981893014 0.6933720906575521 48
1739981911306 0.693758678612234 49
1739981929790 0.6935790200221729 50
1739981947813 0.6934984920209625 51
1739981965685 0.6936619399805057 52
1739981983617 0.693397909512819 53
1739982001867 0.693819655776757 54
1739982020163 0.6935275415506164 55
1739982038326 0.6935905556103986 56
1739982056459 0.6937192494432278 57
1739982074951 0.6938045565199294 58
1739982093110 0.6935876651883566 59
1739982111276 0.6937816489080075 60
1739982129480 0.693804809454769 61
1739982147382 0.694039938634612 62
1739982165019 0.6934336860828001 63
1739982182825 0.694046824840602 64
1739982200479 0.6938649743685423 65
1739982218519 0.6937010342491216 66
1739982236305 0.6937006066059568 67
1739982254284 0.693514727431763 68
1739982272582 0.6938030698495891 69
1739982290390 0.6936084566521029 70
1739982308199 0.69378616434475 71
1739982325906 0.6938315322038432 72
1739982343774 0.6933469204885053 73
1739982361526 0.6938031376654519 74
1739982379452 0.6934102063982542 75
1739982397226 0.693516412344366 76
1739982414790 0.6936354271306909 77
1739982433756 0.6941214540347842 78
1739982451776 0.6936480986529464 79
1739982470194 0.6933765027209255 80
1739982488652 0.6940088379133817 81
1739982507079 0.6937540034966275 82
1739982524825 0.6939143506949825 83
1739982542659 0.693506712476559 84
1739982560589 0.6936790984934986 85
1739982578691 0.6940345756828712 86
1739982596499 0.6936388539212216 87
1739982614342 0.6938185745353042 88
1739982632391 0.6937291993866107 89
1739982650554 0.693729979379004 90
1739982668309 0.6937697728474935 91
1739982686123 0.6940199498907373 92
1739982704049 0.6939099157575018 93
1739982721844 0.6938230472297247 94
1739982739650 0.6937024245842797 95
1739982757483 0.6939871865444958 96
1739982775280 0.6934970349696583 97
1739982793099 0.693661020104149 98
1739982810864 0.6939083205084666 99
