1739992482462 0.6105979084968567 0
1739992485255 0.8347257971763611 1
1739992488043 0.9069526791572571 2
1739992490828 0.9303963780403137 3
1739992493609 0.9298763871192932 4
1739992496394 0.9417803287506104 5
1739992499168 0.9502280354499817 6
1739992501963 0.9556503295898438 7
1739992504739 0.9590250253677368 8
1739992507525 0.9637483954429626 9
1739992510306 0.9637101292610168 10
1739992513090 0.96824049949646 11
1739992515871 0.9752193093299866 12
1739992518647 0.972835898399353 13
1739992521437 0.9832935929298401 14
1739992524215 0.9776425957679749 15
1739992527004 0.9787865877151489 16
1739992529801 0.9867715239524841 17
1739992532585 0.9859820008277893 18
1739992535371 0.9855362176895142 19
1739992538160 0.9825101494789124 20
1739992540955 0.9889760613441467 21
1739992543747 0.9894655346870422 22
1739992546539 0.9922891855239868 23
1739992549329 0.9860681891441345 24
1739992552107 0.9878643751144409 25
1739992554892 0.9932907223701477 26
1739992557671 0.9898757934570312 27
1739992560448 0.9880403876304626 28
1739992563230 0.9857192039489746 29
1739992566012 0.9867846965789795 30
1739992568796 0.9919863343238831 31
1739992571571 0.9913743138313293 32
1739992574355 0.9880226254463196 33
1739992577134 0.9929079413414001 34
1739992579915 0.9951109886169434 35
1739992582702 0.9911344051361084 36
1739992585493 0.990938663482666 37
1739992588279 0.9916912913322449 38
1739992591062 0.9929969906806946 39
1739992593849 0.9955812692642212 40
1739992596633 0.9952774047851562 41
1739992599424 0.9931517243385315 42
1739992602214 0.9936724305152893 43
1739992604993 0.9963229894638062 44
1739992607785 0.9953761696815491 45
1739992610571 0.9908720850944519 46
1739992613357 0.9940252900123596 47
1739992616173 0.9917809963226318 48
1739992619004 0.9976750016212463 49
1739992621827 0.9973384141921997 50
1739992624654 0.9949172735214233 51
1739992627499 0.99485844373703 52
1739992630326 0.9947444200515747 53
1739992633159 0.9947569966316223 54
1739992635990 0.9922975897789001 55
1739992638806 0.995954155921936 56
1739992641595 0.993348240852356 57
1739992644389 0.9960674047470093 58
1739992647169 0.9990476369857788 59
1739992649949 0.9974504709243774 60
1739992652740 0.9965364933013916 61
1739992655524 0.9953554272651672 62
1739992658313 0.996623694896698 63
1739992661096 0.9946848154067993 64
1739992663881 0.9967764616012573 65
1739992666671 0.9963263273239136 66
1739992669459 0.9974691271781921 67
1739992672246 0.9962584376335144 68
1739992675030 0.9982754588127136 69
1739992677814 0.9962971210479736 70
1739992680601 0.9964964985847473 71
1739992683396 0.9964469075202942 72
1739992686178 0.997330367565155 73
1739992688957 0.9991596937179565 74
1739992691729 0.9954541921615601 75
1739992694494 0.9973722100257874 76
1739992697276 0.9971920847892761 77
1739992700042 0.9983619451522827 78
1739992702827 0.9974794983863831 79
1739992705603 0.9955577254295349 80
1739992708380 0.9980867505073547 81
1739992711173 0.9945898056030273 82
1739992713956 0.996539294719696 83
1739992716735 0.9984126687049866 84
1739992719517 0.997607946395874 85
1739992722305 0.9977373480796814 86
1739992725083 0.9981489181518555 87
1739992727862 0.9974644184112549 88
1739992730634 0.9962185621261597 89
1739992733409 0.9971831440925598 90
1739992736190 0.9982277154922485 91
1739992738968 0.9954270720481873 92
1739992741745 0.9935274720191956 93
1739992744522 0.9974489808082581 94
1739992747299 0.9955778121948242 95
1739992750081 0.9969212412834167 96
1739992752857 0.9976035952568054 97
1739992755641 0.9972350001335144 98
1739992758412 0.9983673095703125 99
