1739992482462 0.570867657661438 0
1739992485255 0.6688709855079651 1
1739992488043 0.7752949595451355 2
1739992490828 0.836637020111084 3
1739992493609 0.8903520703315735 4
1739992496394 0.905129075050354 5
1739992499168 0.9187957644462585 6
1739992501963 0.9289389252662659 7
1739992504739 0.930971086025238 8
1739992507525 0.9499928951263428 9
1739992510306 0.956862211227417 10
1739992513090 0.9580783247947693 11
1739992515871 0.9556224346160889 12
1739992518647 0.9741879105567932 13
1739992521437 0.9674323201179504 14
1739992524215 0.9723396301269531 15
1739992527004 0.9791157245635986 16
1739992529801 0.9811124801635742 17
1739992532585 0.9765629172325134 18
1739992535371 0.9758861064910889 19
1739992538160 0.981566846370697 20
1739992540955 0.9825610518455505 21
1739992543747 0.9788065552711487 22
1739992546539 0.987258791923523 23
1739992549329 0.9884418845176697 24
1739992552107 0.9872632622718811 25
1739992554892 0.9854112863540649 26
1739992557671 0.9903500080108643 27
1739992560448 0.9874697327613831 28
1739992563230 0.983463704586029 29
1739992566012 0.9927645325660706 30
1739992568796 0.9894170761108398 31
1739992571571 0.9869483709335327 32
1739992574355 0.9929379224777222 33
1739992577134 0.9885371923446655 34
1739992579915 0.9957685470581055 35
1739992582702 0.9932161569595337 36
1739992585493 0.9886063933372498 37
1739992588279 0.9955615401268005 38
1739992591062 0.9930403828620911 39
1739992593849 0.9919272065162659 40
1739992596633 0.9934918880462646 41
1739992599424 0.9950125813484192 42
1739992602214 0.9929448962211609 43
1739992604993 0.9934566020965576 44
1739992607785 0.9927189350128174 45
1739992610571 0.9908508062362671 46
1739992613357 0.9967884421348572 47
1739992616173 0.9964889287948608 48
1739992619004 0.9947642683982849 49
1739992621827 0.9964002370834351 50
1739992624654 0.9972631335258484 51
1739992627499 0.9952442646026611 52
1739992630326 0.9917330145835876 53
1739992633159 0.9944316148757935 54
1739992635990 0.9969789981842041 55
1739992638806 0.9948180317878723 56
1739992641595 0.9953964352607727 57
1739992644389 0.9973630905151367 58
1739992647169 0.9981632828712463 59
1739992649949 0.9979642629623413 60
1739992652740 0.9974971413612366 61
1739992655524 0.9990476369857788 62
1739992658313 0.9945694208145142 63
1739992661096 0.9946069121360779 64
1739992663881 0.9969619512557983 65
1739992666671 0.9963180422782898 66
1739992669459 0.9984126687049866 67
1739992672246 0.9984921216964722 68
1739992675030 0.9972619414329529 69
1739992677814 0.9974898099899292 70
1739992680601 0.9981245994567871 71
1739992683396 1.0 72
1739992686178 0.9971679449081421 73
1739992688957 1.0 74
1739992691729 0.9950624704360962 75
1739992694494 0.9982125759124756 76
1739992697276 0.9971939325332642 77
1739992700042 0.9990476369857788 78
1739992702827 0.9989417791366577 79
1739992705603 0.9964571595191956 80
1739992708380 0.9983928203582764 81
1739992711173 0.9970300197601318 82
1739992713956 0.9978166818618774 83
1739992716735 0.9990476369857788 84
1739992719517 0.9981138110160828 85
1739992722305 0.9974149465560913 86
1739992725083 0.9992063045501709 87
1739992727862 0.9973164200782776 88
1739992730634 0.9992063045501709 89
1739992733409 0.9981489777565002 90
1739992736190 0.9969696998596191 91
1739992738968 0.9961203336715698 92
1739992741745 0.997281551361084 93
1739992744522 0.9962344765663147 94
1739992747299 0.9984016418457031 95
1739992750081 0.9984114766120911 96
1739992752857 0.9984126687049866 97
1739992755641 1.0 98
1739992758412 0.9992063045501709 99
