1739986718226 0.4866165518760681 0
1739986719335 0.3619765043258667 1
1739986720431 0.6777447462081909 2
1739986721526 0.7262714505195618 3
1739986722622 0.7493170499801636 4
1739986723726 0.737017810344696 5
1739986724825 0.7601020336151123 6
1739986725918 0.7108874917030334 7
1739986727011 0.4030236303806305 8
1739986728104 0.04770423471927643 9
1739986729197 0.6660295128822327 10
1739986730288 0.2454398274421692 11
1739986731386 0.08200555294752121 12
1739986732477 0.6433165669441223 13
1739986733572 0.3371650278568268 14
1739986734662 0.16272008419036865 15
1739986735759 0.3300771117210388 16
1739986736854 0.372802197933197 17
1739986737945 0.005102901719510555 18
1739986739047 0.1142510250210762 19
1739986740150 0.6188149452209473 20
1739986741248 0.5907837152481079 21
1739986742344 0.4112962484359741 22
1739986743440 0.11201467365026474 23
1739986744534 0.2397259622812271 24
1739986745631 0.6484273076057434 25
1739986746724 0.05223722755908966 26
1739986747815 0.14408110082149506 27
1739986748908 0.2825436294078827 28
1739986750002 0.4993152916431427 29
1739986751096 0.6644108295440674 30
1739986752192 0.15681150555610657 31
1739986753285 0.32051753997802734 32
1739986754379 0.0 33
1739986755472 0.3320189416408539 34
1739986756568 0.661337673664093 35
1739986757660 0.2779340445995331 36
1739986758758 0.6114473938941956 37
1739986759857 0.12934350967407227 38
1739986760948 0.46397754549980164 39
1739986762050 0.6659427285194397 40
1739986763148 0.23489221930503845 41
1739986764242 0.0038461540825664997 42
1739986765342 0.012521249242126942 43
1739986766443 0.23805966973304749 44
1739986767546 0.5811964869499207 45
1739986768642 0.5098802447319031 46
1739986769739 0.3768596053123474 47
1739986770832 0.10517779737710953 48
1739986771929 0.5559740662574768 49
1739986773028 0.6392980217933655 50
1739986774124 0.23483099043369293 51
1739986775219 0.37972399592399597 52
1739986776311 0.0 53
1739986777405 0.48958560824394226 54
1739986778499 0.6642067432403564 55
1739986779594 0.11068759858608246 56
1739986780690 0.0 57
1739986781782 0.1915290206670761 58
1739986782875 0.6641492247581482 59
1739986783986 0.49122148752212524 60
1739986785083 0.4966928958892822 61
1739986786175 0.09807763248682022 62
1739986787266 0.0 63
1739986788359 0.4390847682952881 64
1739986789458 0.6631116271018982 65
1739986790552 0.0220173392444849 66
1739986791647 0.16768024861812592 67
1739986792743 0.6670429110527039 68
1739986793840 0.6636602878570557 69
1739986794936 0.6655809283256531 70
1739986796029 0.6646246910095215 71
1739986797127 0.19891248643398285 72
1739986798222 0.0 73
1739986799316 0.40744078159332275 74
1739986800408 0.27224263548851013 75
1739986801509 0.007071310188621283 76
1739986802600 0.571117639541626 77
1739986803694 0.5533391237258911 78
1739986804786 0.23292726278305054 79
1739986805883 0.6405811309814453 80
1739986806972 0.22093459963798523 81
1739986808065 0.2668597102165222 82
1739986809157 0.19853538274765015 83
1739986810258 0.6306976675987244 84
1739986811346 0.665690541267395 85
1739986812441 0.5559855699539185 86
1739986813532 0.36513277888298035 87
1739986814632 0.48094531893730164 88
1739986815728 0.6395400166511536 89
1739986816819 0.09219643473625183 90
1739986817910 0.45522016286849976 91
1739986819004 0.08309326320886612 92
1739986820098 0.022450098767876625 93
1739986821194 0.189738467335701 94
1739986822279 0.6663931608200073 95
1739986823372 0.6674883365631104 96
1739986824467 0.28569647669792175 97
1739986825567 0.3904554843902588 98
1739986826662 0.65935879945755 99
