1739986718226 0.4033336043357849 0
1739986719335 0.6241950988769531 1
1739986720431 0.43059709668159485 2
1739986721526 0.5151084065437317 3
1739986722622 0.5611778497695923 4
1739986723726 0.6725396513938904 5
1739986724825 0.7052615284919739 6
1739986725918 0.7172530293464661 7
1739986727011 0.2504727840423584 8
1739986728104 0.6139304041862488 9
1739986729197 0.0 10
1739986730288 0.39939138293266296 11
1739986731386 0.6000455021858215 12
1739986732477 0.06640876084566116 13
1739986733572 0.38058724999427795 14
1739986734662 0.6210513114929199 15
1739986735759 0.3498828113079071 16
1739986736854 0.42359691858291626 17
1739986737945 0.66547691822052 18
1739986739047 0.6100253462791443 19
1739986740150 0.11193004250526428 20
1739986741248 0.0908542275428772 21
1739986742344 0.2427649199962616 22
1739986743440 0.606872022151947 23
1739986744534 0.4398735761642456 24
1739986745631 0.06680765002965927 25
1739986746724 0.6471426486968994 26
1739986747815 0.5470008850097656 27
1739986748908 0.3856673836708069 28
1739986750002 0.19720664620399475 29
1739986751096 0.006279435008764267 30
1739986752192 0.6168408989906311 31
1739986753285 0.44523856043815613 32
1739986754379 0.6628145575523376 33
1739986755472 0.3544929027557373 34
1739986756568 0.011766012758016586 35
1739986757660 0.5423567295074463 36
1739986758758 0.2014029622077942 37
1739986759857 0.5539796948432922 38
1739986760948 0.27712035179138184 39
1739986762050 0.0022624435368925333 40
1739986763148 0.4908148944377899 41
1739986764242 0.6673834919929504 42
1739986765342 0.6634359359741211 43
1739986766443 0.46897685527801514 44
1739986767546 0.24999691545963287 45
1739986768642 0.21149827539920807 46
1739986769739 0.5239298343658447 47
1739986770832 0.6450127363204956 48
1739986771929 0.1477499157190323 49
1739986773028 0.0813823863863945 50
1739986774124 0.5198444128036499 51
1739986775219 0.40268588066101074 52
1739986776311 0.664301335811615 53
1739986777405 0.19794967770576477 54
1739986778499 0.0 55
1739986779594 0.5768807530403137 56
1739986780690 0.6660338640213013 57
1739986781782 0.5908521413803101 58
1739986782875 0.0 59
1739986783986 0.24669697880744934 60
1739986785083 0.2280721813440323 61
1739986786175 0.6012789011001587 62
1739986787266 0.664333164691925 63
1739986788359 0.258760929107666 64
1739986789458 0.018567640334367752 65
1739986790552 0.6557246446609497 66
1739986791647 0.5534297227859497 67
1739986792743 0.0 68
1739986793840 0.002481389557942748 69
1739986794936 0.0 70
1739986796029 0.0 71
1739986797127 0.5583896636962891 72
1739986798222 0.6643726825714111 73
1739986799316 0.28649693727493286 74
1739986800408 0.44961974024772644 75
1739986801509 0.6600165367126465 76
1739986802600 0.1210891604423523 77
1739986803694 0.2380003035068512 78
1739986804786 0.6031011939048767 79
1739986805883 0.06437313556671143 80
1739986806972 0.4787660539150238 81
1739986808065 0.45457521080970764 82
1739986809157 0.5800110101699829 83
1739986810258 0.0848100408911705 84
1739986811346 0.0034965036902576685 85
1739986812441 0.34752142429351807 86
1739986813532 0.522783637046814 87
1739986814632 0.31593143939971924 88
1739986815728 0.2630663514137268 89
1739986816819 0.6245481967926025 90
1739986817910 0.3845585882663727 91
1739986819004 0.6421965956687927 92
1739986820098 0.6620909571647644 93
1739986821194 0.5518617033958435 94
1739986822279 0.0 95
1739986823372 0.002564102876931429 96
1739986824467 0.4407109022140503 97
1739986825567 0.4770219624042511 98
1739986826662 0.07828401774168015 99
