1739964213472 0.23333333432674408 0
1739964217454 0.236111119389534 1
1739964221365 0.23055556416511536 2
1739964225211 0.3861111104488373 3
1739964229046 0.3083333373069763 4
1739964232868 0.008333333767950535 5
1739964236696 0.3305555582046509 6
1739964240530 0.2777777910232544 7
1739964244352 0.05000000074505806 8
1739964248190 0.19166667759418488 9
1739964252031 0.1388888955116272 10
1739964255852 0.22777777910232544 11
1739964259678 0.16388888657093048 12
1739964263496 0.0 13
1739964267336 0.0833333358168602 14
1739964271161 0.12222222238779068 15
1739964274983 0.23888888955116272 16
1739964278926 0.20000000298023224 17
1739964282795 0.0555555559694767 18
1739964286679 0.42500001192092896 19
1739964290574 0.0972222238779068 20
1739964294448 0.2805555760860443 21
1739964298294 0.19166667759418488 22
1739964302157 0.04444444552063942 23
1739964306071 0.1805555671453476 24
1739964310015 0.2888889014720917 25
1739964313874 0.125 26
1739964317777 0.3222222328186035 27
1739964321675 0.0555555559694767 28
1739964325651 0.07500000298023224 29
1739964329552 0.31388890743255615 30
1739964333420 0.10277777910232544 31
1739964337290 0.2638888955116272 32
1739964341202 0.0972222238779068 33
1739964345185 0.2611111104488373 34
1739964349192 0.06666667014360428 35
1739964353067 0.22777777910232544 36
1739964356926 0.40833333134651184 37
1739964360796 0.0 38
1739964364708 0.22777777910232544 39
1739964368528 0.19166667759418488 40
1739964372511 0.06388889253139496 41
1739964376406 0.03888889029622078 42
1739964380281 0.03333333507180214 43
1739964384104 0.008333333767950535 44
1739964387965 0.2666666805744171 45
1739964391787 0.14722222089767456 46
1739964395617 0.22777777910232544 47
1739964399500 0.2527777850627899 48
1739964403431 0.15555556118488312 49
1739964407379 0.10277777910232544 50
1739964411314 0.0055555556900799274 51
1739964415222 0.14722222089767456 52
1739964419085 0.1388888955116272 53
1739964422986 0.14166666567325592 54
1739964426889 0.05833333358168602 55
1739964430738 0.16388888657093048 56
1739964434580 0.2222222238779068 57
1739964438494 0.21666666865348816 58
1739964442394 0.16111111640930176 59
1739964446278 0.0 60
1739964450130 0.22500000894069672 61
1739964454064 0.43888890743255615 62
1739964457925 0.16388888657093048 63
1739964461746 0.236111119389534 64
1739964465587 0.01666666753590107 65
1739964469524 0.16944444179534912 66
1739964473391 0.5 67
1739964477299 0.5 68
1739964481149 0.40833333134651184 69
1739964484973 0.2750000059604645 70
1739964488800 0.42222222685813904 71
1739964492669 0.31111112236976624 72
1739964496504 0.31388890743255615 73
1739964500339 0.10833333432674408 74
1739964504149 0.28333333134651184 75
1739964507962 0.14444445073604584 76
1739964511824 0.31111112236976624 77
1739964515743 0.5 78
1739964519607 0.2527777850627899 79
1739964523532 0.24166667461395264 80
1739964527424 0.5 81
1739964531285 0.5 82
1739964535178 0.12222222238779068 83
1739964539030 0.19722223281860352 84
1739964542917 0.30000001192092896 85
1739964546834 0.5 86
1739964550703 0.20000000298023224 87
1739964554582 0.3333333432674408 88
1739964558468 0.15000000596046448 89
1739964562423 0.4027777910232544 90
1739964566296 0.36944445967674255 91
1739964570141 0.1388888955116272 92
1739964574082 0.472222238779068 93
1739964577938 0.3222222328186035 94
1739964581850 0.25 95
1739964585823 0.1805555671453476 96
1739964589761 0.3583333492279053 97
1739964593697 0.06388889253139496 98
1739964597646 0.24722222983837128 99
