1739964213472 0.25555557012557983 0
1739964217454 0.23888888955116272 1
1739964221365 0.2222222238779068 2
1739964225211 0.1388888955116272 3
1739964229046 0.20555555820465088 4
1739964232868 0.48055556416511536 5
1739964236696 0.16944444179534912 6
1739964240530 0.2222222238779068 7
1739964244352 0.43888890743255615 8
1739964248190 0.2666666805744171 9
1739964252031 0.3638888895511627 10
1739964255852 0.27222222089767456 11
1739964259678 0.3194444477558136 12
1739964263496 0.5 13
1739964267336 0.4055555760860443 14
1739964271161 0.4000000059604645 15
1739964274983 0.2750000059604645 16
1739964278926 0.28611111640930176 17
1739964282795 0.45277780294418335 18
1739964286679 0.07500000298023224 19
1739964290574 0.3861111104488373 20
1739964294448 0.18611112236976624 21
1739964298294 0.32500001788139343 22
1739964302157 0.4444444477558136 23
1739964306071 0.3055555522441864 24
1739964310015 0.17499999701976776 25
1739964313874 0.3777777850627899 26
1739964317777 0.16111111640930176 27
1739964321675 0.42500001192092896 28
1739964325651 0.40833333134651184 29
1739964329552 0.15833333134651184 30
1739964333420 0.3916666805744171 31
1739964337290 0.22777777910232544 32
1739964341202 0.36944445967674255 33
1739964345185 0.21111111342906952 34
1739964349192 0.4166666865348816 35
1739964353067 0.25833332538604736 36
1739964356926 0.125 37
1739964360796 0.5 38
1739964364708 0.2888889014720917 39
1739964368528 0.28333333134651184 40
1739964372511 0.43611112236976624 41
1739964376406 0.4888888895511627 42
1739964380281 0.4583333432674408 43
1739964384104 0.49722224473953247 44
1739964387965 0.22500000894069672 45
1739964391787 0.3611111342906952 46
1739964395617 0.25 47
1739964399500 0.21388889849185944 48
1739964403431 0.32500001788139343 49
1739964407379 0.38055557012557983 50
1739964411314 0.5027778148651123 51
1739964415222 0.3194444477558136 52
1739964419085 0.2805555760860443 53
1739964422986 0.347222238779068 54
1739964426889 0.4583333432674408 55
1739964430738 0.32500001788139343 56
1739964434580 0.26944446563720703 57
1739964438494 0.2527777850627899 58
1739964442394 0.29722222685813904 59
1739964446278 0.5 60
1739964450130 0.2527777850627899 61
1739964454064 0.08055555820465088 62
1739964457925 0.3583333492279053 63
1739964461746 0.24722222983837128 64
1739964465587 0.46666666865348816 65
1739964469524 0.31388890743255615 66
1739964473391 0.0 67
1739964477299 0.0 68
1739964481149 0.06388889253139496 69
1739964484973 0.1944444477558136 70
1739964488800 0.05000000074505806 71
1739964492669 0.18888889253139496 72
1739964496504 0.20277778804302216 73
1739964500339 0.3611111342906952 74
1739964504149 0.17777778208255768 75
1739964507962 0.3444444537162781 76
1739964511824 0.15833333134651184 77
1739964515743 0.0 78
1739964519607 0.236111119389534 79
1739964523532 0.2666666805744171 80
1739964527424 0.0 81
1739964531285 0.0 82
1739964535178 0.36666667461395264 83
1739964539030 0.27222222089767456 84
1739964542917 0.17222222685813904 85
1739964546834 0.0 86
1739964550703 0.30000001192092896 87
1739964554582 0.15000000596046448 88
1739964558468 0.3305555582046509 89
1739964562423 0.09166666865348816 90
1739964566296 0.10277777910232544 91
1739964570141 0.3444444537162781 92
1739964574082 0.008333333767950535 93
1739964577938 0.16388888657093048 94
1739964581850 0.23333333432674408 95
1739964585823 0.29722222685813904 96
1739964589761 0.11388888955116272 97
1739964593697 0.4138889014720917 98
1739964597646 0.24166667461395264 99
