1739990274040 0.6623231172561646 0
1739990275752 0.6236012578010559 1
1739990277455 0.6684181690216064 2
1739990279148 0.7328760623931885 3
1739990280838 0.8157786726951599 4
1739990282536 0.8298898935317993 5
1739990284238 0.8610499501228333 6
1739990285940 0.8694777488708496 7
1739990287640 0.8884415626525879 8
1739990289329 0.8670588731765747 9
1739990291028 0.9133321642875671 10
1739990292731 0.9120225310325623 11
1739990294429 0.9166857004165649 12
1739990296131 0.9214727878570557 13
1739990297809 0.9252224564552307 14
1739990299505 0.9252557158470154 15
1739990301206 0.9260243773460388 16
1739990302910 0.9378997087478638 17
1739990304609 0.9308891892433167 18
1739990306304 0.9467278122901917 19
1739990307990 0.9472968578338623 20
1739990309694 0.9554082155227661 21
1739990311395 0.9543849229812622 22
1739990313094 0.9415616393089294 23
1739990314789 0.9667128920555115 24
1739990316466 0.9616774320602417 25
1739990318171 0.9657285213470459 26
1739990319867 0.9798244833946228 27
1739990321563 0.9643582701683044 28
1739990323265 0.9767864346504211 29
1739990324953 0.9784490466117859 30
1739990326646 0.9722984433174133 31
1739990328352 0.9741547107696533 32
1739990330049 0.9783605337142944 33
1739990331748 0.9769883751869202 34
1739990333442 0.9824581742286682 35
1739990335140 0.980530321598053 36
1739990336844 0.985803484916687 37
1739990338549 0.9826515913009644 38
1739990340254 0.9733951687812805 39
1739990341953 0.9800940752029419 40
1739990343648 0.9826467037200928 41
1739990345350 0.9901289939880371 42
1739990347053 0.9838111996650696 43
1739990348753 0.9914782047271729 44
1739990350449 0.9827800393104553 45
1739990352145 0.9932946562767029 46
1739990353843 0.9855086803436279 47
1739990355541 0.9830955266952515 48
1739990357240 0.9851869940757751 49
1739990358939 0.9906815886497498 50
1739990360632 0.990034282207489 51
1739990362322 0.9951980113983154 52
1739990364020 0.9889447689056396 53
1739990365722 0.995048463344574 54
1739990367424 0.9908028841018677 55
1739990369120 0.991861879825592 56
1739990370820 0.9952913522720337 57
1739990372519 0.9879810810089111 58
1739990374223 0.9898356199264526 59
1739990375925 0.9953168630599976 60
1739990377621 0.9954548478126526 61
1739990379321 0.987140417098999 62
1739990381011 0.9877272844314575 63
1739990382718 0.9951643347740173 64
1739990384418 0.9895913600921631 65
1739990386120 0.9937745928764343 66
1739990387821 0.9940556287765503 67
1739990389514 0.9961344003677368 68
1739990391212 0.9951640367507935 69
1739990392913 0.9929413795471191 70
1739990394613 0.996512770652771 71
1739990396312 0.9910892248153687 72
1739990398006 0.998548686504364 73
1739990399703 0.9954307675361633 74
1739990401402 0.9959186911582947 75
1739990403108 0.9914610385894775 76
1739990404802 0.9953000545501709 77
1739990406502 0.9948621988296509 78
1739990408192 0.992587149143219 79
1739990409890 0.993925154209137 80
1739990411592 0.9921680092811584 81
1739990413287 0.9915851354598999 82
1739990414990 0.9939709305763245 83
1739990416683 0.9961782693862915 84
1739990418377 0.9944828152656555 85
1739990420075 0.9950225949287415 86
1739990421766 0.9952479004859924 87
1739990423465 0.998759388923645 88
1739990425157 0.9929215908050537 89
1739990426849 0.9963117837905884 90
1739990428552 0.9976077675819397 91
1739990430253 0.9943394660949707 92
1739990431947 0.9969073534011841 93
1739990433647 0.9976852536201477 94
1739990435335 0.9976112842559814 95
1739990437034 0.9927776455879211 96
1739990438730 0.9921181201934814 97
1739990440425 0.9927671551704407 98
1739990442123 0.9972449541091919 99
