1739990274040 0.35532501339912415 0
1739990275752 0.6230003833770752 1
1739990277455 0.6875447630882263 2
1739990279148 0.706259548664093 3
1739990280838 0.6861205697059631 4
1739990282536 0.7255479693412781 5
1739990284238 0.7415182590484619 6
1739990285940 0.7774516344070435 7
1739990287640 0.8140079379081726 8
1739990289329 0.8491471409797668 9
1739990291028 0.8561009168624878 10
1739990292731 0.8707111477851868 11
1739990294429 0.9042388200759888 12
1739990296131 0.9256218075752258 13
1739990297809 0.9063165783882141 14
1739990299505 0.928473711013794 15
1739990301206 0.9265456795692444 16
1739990302910 0.9230287075042725 17
1739990304609 0.9436613321304321 18
1739990306304 0.9421098232269287 19
1739990307990 0.9530701041221619 20
1739990309694 0.9572142362594604 21
1739990311395 0.9586315751075745 22
1739990313094 0.9570345282554626 23
1739990314789 0.9683293700218201 24
1739990316466 0.9552394151687622 25
1739990318171 0.9550654888153076 26
1739990319867 0.959166407585144 27
1739990321563 0.9729435443878174 28
1739990323265 0.9760288596153259 29
1739990324953 0.970405638217926 30
1739990326646 0.980742335319519 31
1739990328352 0.9739290475845337 32
1739990330049 0.9739829301834106 33
1739990331748 0.9817129373550415 34
1739990333442 0.9831433296203613 35
1739990335140 0.9788800477981567 36
1739990336844 0.9795688390731812 37
1739990338549 0.9750608801841736 38
1739990340254 0.9835679531097412 39
1739990341953 0.9838046431541443 40
1739990343648 0.9766542315483093 41
1739990345350 0.9858571887016296 42
1739990347053 0.9862737059593201 43
1739990348753 0.978844165802002 44
1739990350449 0.9935205578804016 45
1739990352145 0.9858718514442444 46
1739990353843 0.9834803342819214 47
1739990355541 0.9878659248352051 48
1739990357240 0.9906255602836609 49
1739990358939 0.9844451546669006 50
1739990360632 0.990003228187561 51
1739990362322 0.9915372729301453 52
1739990364020 0.9907592535018921 53
1739990365722 0.995434045791626 54
1739990367424 0.9835584163665771 55
1739990369120 0.9986504912376404 56
1739990370820 0.9898263812065125 57
1739990372519 0.9912492036819458 58
1739990374223 0.9963511228561401 59
1739990375925 0.9855055212974548 60
1739990377621 0.9964548349380493 61
1739990379321 0.9918992519378662 62
1739990381011 0.9912974834442139 63
1739990382718 0.9922546148300171 64
1739990384418 0.9908984899520874 65
1739990386120 0.9878801703453064 66
1739990387821 0.9988688230514526 67
1739990389514 0.9918606281280518 68
1739990391212 0.995241105556488 69
1739990392913 0.9955435991287231 70
1739990394613 0.9987390041351318 71
1739990396312 0.9933191537857056 72
1739990398006 0.9965611100196838 73
1739990399703 0.9917731285095215 74
1739990401402 0.9951397180557251 75
1739990403108 0.9946199059486389 76
1739990404802 0.9962204694747925 77
1739990406502 0.9949835538864136 78
1739990408192 0.9969073534011841 79
1739990409890 0.9852567315101624 80
1739990411592 0.9963646531105042 81
1739990413287 0.9903096556663513 82
1739990414990 0.9942142367362976 83
1739990416683 0.9914342761039734 84
1739990418377 0.994840145111084 85
1739990420075 0.9940158128738403 86
1739990421766 0.9950436353683472 87
1739990423465 0.9988166093826294 88
1739990425157 0.9952265024185181 89
1739990426849 0.9963327646255493 90
1739990428552 0.9942968487739563 91
1739990430253 0.9971980452537537 92
1739990431947 0.9950058460235596 93
1739990433647 0.9964996576309204 94
1739990435335 0.9936729073524475 95
1739990437034 0.997278094291687 96
1739990438730 0.9943786263465881 97
1739990440425 0.9951505064964294 98
1739990442123 0.992093563079834 99
