1739985381669 0.23055556416511536 0
1739985385874 0.19722223281860352 1
1739985389807 0.38055557012557983 2
1739985393731 0.18611112236976624 3
1739985397677 0.2916666865348816 4
1739985401682 0.0555555559694767 5
1739985405598 0.39444446563720703 6
1739985409486 0.04444444552063942 7
1739985413413 0.02222222276031971 8
1739985417345 0.2944444417953491 9
1739985421198 0.1111111119389534 10
1739985425080 0.1666666716337204 11
1739985429094 0.34166666865348816 12
1739985433009 0.31388890743255615 13
1739985437024 0.2083333432674408 14
1739985440934 0.3166666626930237 15
1739985444869 0.21111111342906952 16
1739985448799 0.23333333432674408 17
1739985452725 0.21666666865348816 18
1739985456680 0.32500001788139343 19
1739985460624 0.28333333134651184 20
1739985464527 0.02222222276031971 21
1739985468456 0.04444444552063942 22
1739985472368 0.08611111342906952 23
1739985476333 0.27222222089767456 24
1739985480276 0.1666666716337204 25
1739985484213 0.45000001788139343 26
1739985488163 0.38055557012557983 27
1739985492120 0.38333335518836975 28
1739985496038 0.2083333432674408 29
1739985499946 0.46666666865348816 30
1739985503884 0.5 31
1739985507700 0.2777777910232544 32
1739985511504 0.3083333373069763 33
1739985515302 0.3777777850627899 34
1739985519110 0.3166666626930237 35
1739985522909 0.3888888955116272 36
1739985526711 0.5 37
1739985530510 0.29722222685813904 38
1739985534319 0.4861111342906952 39
1739985538217 0.24722222983837128 40
1739985542128 0.30000001192092896 41
1739985546078 0.39444446563720703 42
1739985550023 0.3194444477558136 43
1739985553946 0.28333333134651184 44
1739985557940 0.24722222983837128 45
1739985561792 0.14722222089767456 46
1739985565602 0.4416666626930237 47
1739985569413 0.17222222685813904 48
1739985573213 0.30277779698371887 49
1739985577019 0.4166666865348816 50
1739985580821 0.07777778059244156 51
1739985584627 0.3305555582046509 52
1739985588450 0.22500000894069672 53
1739985592264 0.43611112236976624 54
1739985596077 0.39444446563720703 55
1739985599897 0.42500001192092896 56
1739985603709 0.05277777835726738 57
1739985607527 0.347222238779068 58
1739985611344 0.5083333253860474 59
1739985615164 0.2777777910232544 60
1739985618973 0.16944444179534912 61
1739985622778 0.19166667759418488 62
1739985626592 0.125 63
1739985630401 0.0972222238779068 64
1739985634217 0.16388888657093048 65
1739985638025 0.3083333373069763 66
1739985641838 0.07222222536802292 67
1739985645650 0.17499999701976776 68
1739985649460 0.3583333492279053 69
1739985653277 0.24722222983837128 70
1739985657092 0.06388889253139496 71
1739985660903 0.10833333432674408 72
1739985664722 0.39722222089767456 73
1739985668536 0.32500001788139343 74
1739985672343 0.22500000894069672 75
1739985676156 0.0 76
1739985679987 0.0 77
1739985683964 0.05000000074505806 78
1739985687925 0.3861111104488373 79
1739985691882 0.15833333134651184 80
1739985695745 0.20277778804302216 81
1739985699701 0.1805555671453476 82
1739985703656 0.28333333134651184 83
1739985707608 0.08611111342906952 84
1739985711509 0.13333334028720856 85
1739985715385 0.15833333134651184 86
1739985719302 0.20277778804302216 87
1739985723194 0.375 88
1739985727104 0.3194444477558136 89
1739985731003 0.24166667461395264 90
1739985735035 0.11388888955116272 91
1739985739155 0.24722222983837128 92
1739985743163 0.05277777835726738 93
1739985747300 0.08888889104127884 94
1739985751309 0.23333333432674408 95
1739985755311 0.15000000596046448 96
1739985759332 0.20555555820465088 97
1739985763167 0.19722223281860352 98
1739985766967 0.31388890743255615 99
