1739985381669 0.25 0
1739985385874 0.25833332538604736 1
1739985389807 0.10833333432674408 2
1739985393731 0.3083333373069763 3
1739985397677 0.16111111640930176 4
1739985401682 0.4333333373069763 5
1739985405598 0.13055555522441864 6
1739985409486 0.43611112236976624 7
1739985413413 0.4888888895511627 8
1739985417345 0.17777778208255768 9
1739985421198 0.42222222685813904 10
1739985425080 0.2916666865348816 11
1739985429094 0.14444445073604584 12
1739985433009 0.20277778804302216 13
1739985437024 0.24722222983837128 14
1739985440934 0.1527777761220932 15
1739985444869 0.30000001192092896 16
1739985448799 0.2805555760860443 17
1739985452725 0.2805555760860443 18
1739985456680 0.16944444179534912 19
1739985460624 0.25 20
1739985464527 0.4555555582046509 21
1739985468456 0.4305555522441864 22
1739985472368 0.35277777910232544 23
1739985476333 0.23333333432674408 24
1739985480276 0.3166666626930237 25
1739985484213 0.0416666679084301 26
1739985488163 0.0833333358168602 27
1739985492120 0.0833333358168602 28
1739985496038 0.3083333373069763 29
1739985499946 0.01666666753590107 30
1739985503884 0.0 31
1739985507700 0.18888889253139496 32
1739985511504 0.18888889253139496 33
1739985515302 0.09444444626569748 34
1739985519110 0.21666666865348816 35
1739985522909 0.10000000149011612 36
1739985526711 0.0 37
1739985530510 0.15833333134651184 38
1739985534319 0.011111111380159855 39
1739985538217 0.23888888955116272 40
1739985542128 0.18888889253139496 41
1739985546078 0.10000000149011612 42
1739985550023 0.1527777761220932 43
1739985553946 0.21111111342906952 44
1739985557940 0.2083333432674408 45
1739985561792 0.35277777910232544 46
1739985565602 0.05277777835726738 47
1739985569413 0.32777777314186096 48
1739985573213 0.14166666567325592 49
1739985577019 0.05833333358168602 50
1739985580821 0.4055555760860443 51
1739985584627 0.14166666567325592 52
1739985588450 0.2222222238779068 53
1739985592264 0.05000000074505806 54
1739985596077 0.08888889104127884 55
1739985599897 0.07500000298023224 56
1739985603709 0.4333333373069763 57
1739985607527 0.12777778506278992 58
1739985611344 0.04444444552063942 59
1739985615164 0.20555555820465088 60
1739985618973 0.32500001788139343 61
1739985622778 0.28611111640930176 62
1739985626592 0.34166666865348816 63
1739985630401 0.3777777850627899 64
1739985634217 0.32500001788139343 65
1739985638025 0.1944444477558136 66
1739985641838 0.4333333373069763 67
1739985645650 0.30277779698371887 68
1739985649460 0.12777778506278992 69
1739985653277 0.2083333432674408 70
1739985657092 0.39444446563720703 71
1739985660903 0.3777777850627899 72
1739985664722 0.0694444477558136 73
1739985668536 0.17777778208255768 74
1739985672343 0.22500000894069672 75
1739985676156 0.5 76
1739985679987 0.5 77
1739985683964 0.43611112236976624 78
1739985687925 0.10277777910232544 79
1739985691882 0.3194444477558136 80
1739985695745 0.2944444417953491 81
1739985699701 0.2916666865348816 82
1739985703656 0.19166667759418488 83
1739985707608 0.4027777910232544 84
1739985711509 0.347222238779068 85
1739985715385 0.29722222685813904 86
1739985719302 0.2916666865348816 87
1739985723194 0.10555555671453476 88
1739985727104 0.14722222089767456 89
1739985731003 0.23055556416511536 90
1739985735035 0.37222224473953247 91
1739985739155 0.2611111104488373 92
1739985743163 0.4194444417953491 93
1739985747300 0.39722222089767456 94
1739985751309 0.24166667461395264 95
1739985755311 0.3222222328186035 96
1739985759332 0.2611111104488373 97
1739985763167 0.2805555760860443 98
1739985766967 0.1527777761220932 99
