1739986457914 0.3798157572746277 0
1739986458189 0.369697630405426 1
1739986458453 0.17709356546401978 2
1739986458718 0.6383187174797058 3
1739986458985 0.5586278438568115 4
1739986459250 0.1458333432674408 5
1739986459516 0.12444444745779037 6
1739986459795 0.6157286167144775 7
1739986460064 0.5011356472969055 8
1739986460329 0.6115591526031494 9
1739986460595 0.2247629463672638 10
1739986460862 0.0 11
1739986461131 0.12280701845884323 12
1739986461397 0.6662807464599609 13
1739986461664 0.6635156869888306 14
1739986461931 0.20036429166793823 15
1739986462196 0.0 16
1739986462466 0.2143946886062622 17
1739986462733 0.25733768939971924 18
1739986463003 0.4010024964809418 19
1739986463270 0.6675531268119812 20
1739986463536 0.6657978296279907 21
1739986463801 0.6645540595054626 22
1739986464065 0.2028985470533371 23
1739986464328 0.0 24
1739986464593 0.0 25
1739986464855 0.45885545015335083 26
1739986465120 0.6633231043815613 27
1739986465386 0.6652237176895142 28
1739986465649 0.0 29
1739986465913 0.013071896508336067 30
1739986466182 0.6300603151321411 31
1739986466446 0.6570538282394409 32
1739986466717 0.665814995765686 33
1739986466980 0.6650732755661011 34
1739986467245 0.6676141619682312 35
1739986467513 0.6639241576194763 36
1739986467778 0.6626731157302856 37
1739986468044 0.21989528834819794 38
1739986468313 0.0 39
1739986468580 0.0 40
1739986468850 0.5779081583023071 41
1739986469117 0.6666426062583923 42
1739986469382 0.6661021113395691 43
1739986469648 0.4407452344894409 44
1739986469915 0.18939203023910522 45
1739986470182 0.01111111231148243 46
1739986470450 0.035087719559669495 47
1739986470716 0.6613821983337402 48
1739986470981 0.6643654704093933 49
1739986471250 0.6005384922027588 50
1739986471518 0.0 51
1739986471785 0.0 52
1739986472051 0.21192054450511932 53
1739986472315 0.6677507758140564 54
1739986472579 0.37800025939941406 55
1739986472844 0.08658009022474289 56
1739986473112 0.35621246695518494 57
1739986473389 0.6635498404502869 58
1739986473657 0.6661021113395691 59
1739986473919 0.4546475112438202 60
1739986474187 0.0 61
1739986474455 0.0 62
1739986474720 0.028985507786273956 63
1739986474987 0.1942257285118103 64
1739986475255 0.0 65
1739986475522 0.0 66
1739986475791 0.18018017709255219 67
1739986476059 0.6641345620155334 68
1739986476326 0.6654053926467896 69
1739986476594 0.26140353083610535 70
1739986476861 0.0 71
1739986477130 0.0 72
1739986477394 0.41416120529174805 73
1739986477663 0.36253517866134644 74
1739986477931 0.20430108904838562 75
1739986478194 0.17204301059246063 76
1739986478460 0.2149122804403305 77
1739986478729 0.6652919054031372 78
1739986478993 0.21276596188545227 79
1739986479258 0.0 80
1739986479522 0.012578616850078106 81
1739986479785 0.6670224070549011 82
1739986480046 0.6409807205200195 83
1739986480308 0.6634625196456909 84
1739986480568 0.6508739590644836 85
1739986480832 0.20134228467941284 86
1739986481098 0.0 87
1739986481363 0.0 88
1739986481625 0.4758607745170593 89
1739986481891 0.6680471301078796 90
1739986482160 0.6637604236602783 91
1739986482426 0.4369451403617859 92
1739986482689 0.0 93
1739986482954 0.0 94
1739986483220 0.19366852939128876 95
1739986483489 0.0 96
1739986483751 0.22250255942344666 97
1739986484018 0.6585196852684021 98
1739986484280 0.6656503677368164 99
