1739986457914 0.32421359419822693 0
1739986458189 0.3754180371761322 1
1739986458453 0.6244264841079712 2
1739986458718 0.28768378496170044 3
1739986458985 0.30501100420951843 4
1739986459250 0.5884008407592773 5
1739986459516 0.6529779434204102 6
1739986459795 0.1753052920103073 7
1739986460064 0.5315256118774414 8
1739986460329 0.08666666597127914 9
1739986460595 0.42811521887779236 10
1739986460862 0.6660542488098145 11
1739986461131 0.6447824239730835 12
1739986461397 0.0 13
1739986461664 0.0 14
1739986461931 0.42027148604393005 15
1739986462196 0.6665701866149902 16
1739986462466 0.4290335774421692 17
1739986462733 0.43867215514183044 18
1739986463003 0.3230524957180023 19
1739986463270 0.0 20
1739986463536 0.0 21
1739986463801 0.0 22
1739986464065 0.4243355393409729 23
1739986464328 0.6624720692634583 24
1739986464593 0.6654765605926514 25
1739986464855 0.23595085740089417 26
1739986465120 0.0 27
1739986465386 0.012345679104328156 28
1739986465649 0.6611482501029968 29
1739986465913 0.6619606018066406 30
1739986466182 0.26030683517456055 31
1739986466446 0.03652968257665634 32
1739986466717 0.0 33
1739986466980 0.0 34
1739986467245 0.0 35
1739986467513 0.0 36
1739986467778 0.0 37
1739986468044 0.44097527861595154 38
1739986468313 0.6642488837242126 39
1739986468580 0.6666426062583923 40
1739986468850 0.22539739310741425 41
1739986469117 0.0 42
1739986469382 0.0 43
1739986469648 0.22703222930431366 44
1739986469915 0.5535067319869995 45
1739986470182 0.6672548055648804 46
1739986470450 0.6593393683433533 47
1739986470716 0.010582011193037033 48
1739986470981 0.0 49
1739986471250 0.08429118990898132 50
1739986471518 0.6640410423278809 51
1739986471785 0.6679977774620056 52
1739986472051 0.45126599073410034 53
1739986472315 0.0 54
1739986472579 0.3245645761489868 55
1739986472844 0.6480531096458435 56
1739986473112 0.4391786456108093 57
1739986473389 0.0 58
1739986473657 0.0 59
1739986473919 0.22365592420101166 60
1739986474187 0.6664409637451172 61
1739986474455 0.6692423224449158 62
1739986474720 0.6695001125335693 63
1739986474987 0.5380201935768127 64
1739986475255 0.6637604236602783 65
1739986475522 0.6646448373794556 66
1739986475791 0.597841739654541 67
1739986476059 0.0 68
1739986476326 0.0 69
1739986476594 0.4304659366607666 70
1739986476861 0.6666843295097351 71
1739986477130 0.6675407290458679 72
1739986477394 0.21610495448112488 73
1739986477663 0.535819411277771 74
1739986477931 0.5802469253540039 75
1739986478194 0.6206163167953491 76
1739986478460 0.4492945373058319 77
1739986478729 0.01075268816202879 78
1739986478993 0.436013400554657 79
1739986479258 0.6617908477783203 80
1739986479522 0.6680762767791748 81
1739986479785 0.019900497049093246 82
1739986480046 0.4423408508300781 83
1739986480308 0.0 84
1739986480568 0.1855670064687729 85
1739986480832 0.42762765288352966 86
1739986481098 0.6675244569778442 87
1739986481363 0.6642488837242126 88
1739986481625 0.2062615156173706 89
1739986481891 0.0 90
1739986482160 0.0 91
1739986482426 0.21350763738155365 92
1739986482689 0.6660634875297546 93
1739986482954 0.6666426062583923 94
1739986483220 0.42156895995140076 95
1739986483489 0.6657978296279907 96
1739986483751 0.4500138461589813 97
1739986484018 0.012578616850078106 98
1739986484280 0.0 99
