1739989897966 0.46400687098503113 0
1739989899665 0.6518064737319946 1
1739989901355 0.732972264289856 2
1739989903051 0.717958927154541 3
1739989904752 0.8180937767028809 4
1739989906448 0.8241455554962158 5
1739989908146 0.8521530628204346 6
1739989909838 0.8859069347381592 7
1739989911539 0.8866916298866272 8
1739989913243 0.8805261254310608 9
1739989914939 0.8990443348884583 10
1739989916634 0.9021846055984497 11
1739989918330 0.9195366501808167 12
1739989920020 0.9138345122337341 13
1739989921717 0.9320985674858093 14
1739989923413 0.9204807877540588 15
1739989925111 0.9382606148719788 16
1739989926802 0.9419894814491272 17
1739989928492 0.9474606513977051 18
1739989930187 0.9428473711013794 19
1739989931887 0.9427560567855835 20
1739989933581 0.965785801410675 21
1739989935273 0.9581946134567261 22
1739989936959 0.9515756964683533 23
1739989938655 0.9636921882629395 24
1739989940346 0.9695255756378174 25
1739989942042 0.9551563858985901 26
1739989943741 0.9788746237754822 27
1739989945428 0.9719922542572021 28
1739989947124 0.9728759527206421 29
1739989948821 0.9720887541770935 30
1739989950516 0.9699488878250122 31
1739989952215 0.9621931314468384 32
1739989953901 0.9757596254348755 33
1739989955594 0.9770980477333069 34
1739989957291 0.9800565242767334 35
1739989958986 0.9814254641532898 36
1739989960689 0.9791112542152405 37
1739989962382 0.980855405330658 38
1739989964066 0.9784048199653625 39
1739989965764 0.9718883633613586 40
1739989967459 0.9851034879684448 41
1739989969155 0.983579158782959 42
1739989970850 0.9827341437339783 43
1739989972526 0.9887134432792664 44
1739989974224 0.9827067852020264 45
1739989975927 0.98960280418396 46
1739989977625 0.9888447523117065 47
1739989979321 0.9902392029762268 48
1739989981002 0.9841970801353455 49
1739989982693 0.9893503785133362 50
1739989984390 0.9917722344398499 51
1739989986088 0.9852006435394287 52
1739989987781 0.9889883399009705 53
1739989989471 0.9902046322822571 54
1739989991153 0.9920331239700317 55
1739989992848 0.9898921251296997 56
1739989994545 0.993483304977417 57
1739989996242 0.9918929934501648 58
1739989997936 0.9887830018997192 59
1739989999622 0.9951033592224121 60
1739990001323 0.9887340664863586 61
1739990003021 0.9943585991859436 62
1739990004719 0.9905058145523071 63
1739990006407 0.9910129904747009 64
1739990008102 0.9975256323814392 65
1739990009791 0.9904720187187195 66
1739990011484 0.9950760006904602 67
1739990013180 0.9943140745162964 68
1739990014864 0.9929537177085876 69
1739990016563 0.993014395236969 70
1739990018252 0.9953516721725464 71
1739990019951 0.9901911020278931 72
1739990021641 0.9937370419502258 73
1739990023336 0.9892587065696716 74
1739990025038 0.9933357834815979 75
1739990026732 0.998798131942749 76
1739990028424 0.9949666857719421 77
1739990030124 0.9963924884796143 78
1739990031820 0.9950143694877625 79
1739990033519 0.9964261651039124 80
1739990035214 0.9935256242752075 81
1739990036903 0.9943219423294067 82
1739990038594 0.9941123723983765 83
1739990040290 0.9945623278617859 84
1739990041993 0.9964160323143005 85
1739990043690 0.9963698983192444 86
1739990045374 0.9939394593238831 87
1739990047070 0.9948652982711792 88
1739990048768 0.993949830532074 89
1739990050463 0.9972492456436157 90
1739990052162 0.9976445436477661 91
1739990053852 0.9939920902252197 92
1739990055546 0.9978826642036438 93
1739990057245 0.9940517544746399 94
1739990058943 0.9975867867469788 95
1739990060639 0.9977033138275146 96
1739990062334 0.9951356649398804 97
1739990064033 0.9963698983192444 98
1739990065730 0.9928210973739624 99
