1739989897966 0.5609331727027893 0
1739989899665 0.5855874419212341 1
1739989901355 0.6362906694412231 2
1739989903051 0.710870623588562 3
1739989904752 0.6854128241539001 4
1739989906448 0.7166886925697327 5
1739989908146 0.7578997611999512 6
1739989909838 0.7841232419013977 7
1739989911539 0.8169680833816528 8
1739989913243 0.8531360030174255 9
1739989914939 0.8685436844825745 10
1739989916634 0.8878865838050842 11
1739989918330 0.9133260846138 12
1739989920020 0.9021846055984497 13
1739989921717 0.929847002029419 14
1739989923413 0.9367417693138123 15
1739989925111 0.9369771480560303 16
1739989926802 0.9399605393409729 17
1739989928492 0.9522546529769897 18
1739989930187 0.9534938335418701 19
1739989931887 0.9596901535987854 20
1739989933581 0.955642580986023 21
1739989935273 0.9682039022445679 22
1739989936959 0.9576585292816162 23
1739989938655 0.96302330493927 24
1739989940346 0.9624365568161011 25
1739989942042 0.9680595993995667 26
1739989943741 0.9763469099998474 27
1739989945428 0.9762564897537231 28
1739989947124 0.9710037112236023 29
1739989948821 0.9694472551345825 30
1739989950516 0.9812681078910828 31
1739989952215 0.9787548184394836 32
1739989953901 0.9816982746124268 33
1739989955594 0.9838610887527466 34
1739989957291 0.9783996343612671 35
1739989958986 0.9838176369667053 36
1739989960689 0.9895828366279602 37
1739989962382 0.9755007028579712 38
1739989964066 0.9767405986785889 39
1739989965764 0.9902927875518799 40
1739989967459 0.9859179258346558 41
1739989969155 0.9894601702690125 42
1739989970850 0.9888526797294617 43
1739989972526 0.9895126819610596 44
1739989974224 0.9847548007965088 45
1739989975927 0.9902424216270447 46
1739989977625 0.9928948879241943 47
1739989979321 0.9899487495422363 48
1739989981002 0.9901004433631897 49
1739989982693 0.9867173433303833 50
1739989984390 0.9901207685470581 51
1739989986088 0.9883801937103271 52
1739989987781 0.9903706908226013 53
1739989989471 0.9888423681259155 54
1739989991153 0.9915239810943604 55
1739989992848 0.994684636592865 56
1739989994545 0.9916529655456543 57
1739989996242 0.9938232898712158 58
1739989997936 0.9937798976898193 59
1739989999622 0.9891189336776733 60
1739990001323 0.9964212775230408 61
1739990003021 0.9917099475860596 62
1739990004719 0.9931749105453491 63
1739990006407 0.9933127760887146 64
1739990008102 0.9925307035446167 65
1739990009791 0.9952472448348999 66
1739990011484 0.9923797845840454 67
1739990013180 0.9933155179023743 68
1739990014864 0.9937266111373901 69
1739990016563 0.991798996925354 70
1739990018252 0.9931198358535767 71
1739990019951 0.9904818534851074 72
1739990021641 0.9879142045974731 73
1739990023336 0.9963821768760681 74
1739990025038 0.9915284514427185 75
1739990026732 0.9940458536148071 76
1739990028424 0.997435986995697 77
1739990030124 0.9953871965408325 78
1739990031820 0.9964333176612854 79
1739990033519 0.9949854612350464 80
1739990035214 0.9923349022865295 81
1739990036903 0.9950436353683472 82
1739990038594 0.9929915070533752 83
1739990040290 0.9947512149810791 84
1739990041993 0.9946154952049255 85
1739990043690 0.9989165663719177 86
1739990045374 0.9932332038879395 87
1739990047070 0.9963826537132263 88
1739990048768 0.9938578009605408 89
1739990050463 0.9963670969009399 90
1739990052162 0.996462345123291 91
1739990053852 0.9951217770576477 92
1739990055546 0.9927739500999451 93
1739990057245 0.9964441657066345 94
1739990058943 0.9970870614051819 95
1739990060639 1.0 96
1739990062334 0.9951088428497314 97
1739990064033 0.9916166663169861 98
1739990065730 0.9964665770530701 99
