1739991827804 0.5898061990737915 0
1739991830602 0.7253099679946899 1
1739991833392 0.8007023334503174 2
1739991836188 0.8682814240455627 3
1739991838983 0.8884440064430237 4
1739991841777 0.9012219309806824 5
1739991844569 0.9244391322135925 6
1739991847364 0.9318253993988037 7
1739991850159 0.9408333897590637 8
1739991852956 0.9478775262832642 9
1739991855755 0.9533413648605347 10
1739991858546 0.9609002470970154 11
1739991861337 0.9611913561820984 12
1739991864120 0.9636572599411011 13
1739991866904 0.9599916934967041 14
1739991869693 0.9810178279876709 15
1739991872485 0.9719820618629456 16
1739991875276 0.9782248139381409 17
1739991878050 0.9805946350097656 18
1739991880844 0.9832379221916199 19
1739991883636 0.9831551909446716 20
1739991886431 0.9833202958106995 21
1739991889221 0.9823408126831055 22
1739991892023 0.9826892614364624 23
1739991894829 0.988940417766571 24
1739991897656 0.9863991737365723 25
1739991900455 0.9842069149017334 26
1739991903250 0.9853888154029846 27
1739991906057 0.989337682723999 28
1739991908846 0.9891157150268555 29
1739991911658 0.9843316078186035 30
1739991914447 0.9931318163871765 31
1739991917245 0.9909393191337585 32
1739991920039 0.9931609034538269 33
1739991922847 0.9900044202804565 34
1739991925649 0.9936637878417969 35
1739991928452 0.9937491416931152 36
1739991931247 0.9918966889381409 37
1739991934042 0.9938400387763977 38
1739991936837 0.9963980317115784 39
1739991939626 0.9897965788841248 40
1739991942409 0.9887080788612366 41
1739991945194 0.9929243922233582 42
1739991947978 0.9974279999732971 43
1739991950755 0.9959267973899841 44
1739991953544 0.9980623722076416 45
1739991956336 0.9941141605377197 46
1739991959133 0.9956752061843872 47
1739991961929 0.9972830414772034 48
1739991964721 0.9955813884735107 49
1739991967511 0.9967105388641357 50
1739991970294 0.99375319480896 51
1739991973090 0.9961879253387451 52
1739991975884 0.9965813755989075 53
1739991978673 0.997437596321106 54
1739991981463 0.9951667785644531 55
1739991984255 0.9954751133918762 56
1739991987042 0.9964455962181091 57
1739991989830 0.9964076280593872 58
1739991992613 0.998185932636261 59
1739991995400 0.9982278347015381 60
1739991998191 0.9961564540863037 61
1739992000982 0.9982938766479492 62
1739992003772 0.9972043633460999 63
1739992006556 0.9964767694473267 64
1739992009346 0.995913028717041 65
1739992012133 0.9936016798019409 66
1739992014919 0.9966440796852112 67
1739992017708 0.9982668161392212 68
1739992020496 0.9991596937179565 69
1739992023284 0.9953247308731079 70
1739992026073 0.9989417791366577 71
1739992028856 0.9963252544403076 72
1739992031647 0.9967172145843506 73
1739992034435 0.9983899593353271 74
1739992037223 0.997040331363678 75
1739992040010 1.0 76
1739992042796 0.9980201721191406 77
1739992045589 0.9982668161392212 78
1739992048384 0.9973340630531311 79
1739992051169 0.9981855154037476 80
1739992053946 0.9980167746543884 81
1739992056731 0.9991071224212646 82
1739992059517 0.9947372674942017 83
1739992062299 0.9989417791366577 84
1739992065089 0.997447669506073 85
1739992067876 1.0 86
1739992070665 0.9990476369857788 87
1739992073454 0.9983433485031128 88
1739992076242 0.998058021068573 89
1739992079037 0.9974817633628845 90
1739992081832 0.9989417791366577 91
1739992084627 0.9970375299453735 92
1739992087435 0.9979795217514038 93
1739992090228 0.9992673397064209 94
1739992093022 0.9968515634536743 95
1739992095818 0.9968469142913818 96
1739992098615 0.9981855154037476 97
1739992101418 0.9940742254257202 98
1739992104212 0.9973415732383728 99
