1739991827804 0.6259804368019104 0
1739991830602 0.7787432074546814 1
1739991833392 0.8847151398658752 2
1739991836188 0.9259006977081299 3
1739991838983 0.9304423928260803 4
1739991841777 0.9473453164100647 5
1739991844569 0.9463323354721069 6
1739991847364 0.9489057064056396 7
1739991850159 0.9537643194198608 8
1739991852956 0.963988721370697 9
1739991855755 0.9693822860717773 10
1739991858546 0.9696947336196899 11
1739991861337 0.9705250263214111 12
1739991864120 0.9659886956214905 13
1739991866904 0.9738587737083435 14
1739991869693 0.977749228477478 15
1739991872485 0.9787341356277466 16
1739991875276 0.9835333824157715 17
1739991878050 0.9823726415634155 18
1739991880844 0.9890986680984497 19
1739991883636 0.9856901168823242 20
1739991886431 0.9803899526596069 21
1739991889221 0.9861506819725037 22
1739991892023 0.9863185286521912 23
1739991894829 0.9889441132545471 24
1739991897656 0.9920657873153687 25
1739991900455 0.9890546798706055 26
1739991903250 0.9865968823432922 27
1739991906057 0.9931140542030334 28
1739991908846 0.9917933940887451 29
1739991911658 0.9936190247535706 30
1739991914447 0.9915191531181335 31
1739991917245 0.9907584190368652 32
1739991920039 0.9923829436302185 33
1739991922847 0.9942496418952942 34
1739991925649 0.9948888421058655 35
1739991928452 0.9930811524391174 36
1739991931247 0.9927309155464172 37
1739991934042 0.9918540120124817 38
1739991936837 0.9913907647132874 39
1739991939626 0.9945768117904663 40
1739991942409 0.9925021529197693 41
1739991945194 0.9941896796226501 42
1739991947978 0.9975358247756958 43
1739991950755 0.9931090474128723 44
1739991953544 0.9963774681091309 45
1739991956336 0.990649402141571 46
1739991959133 0.9948183298110962 47
1739991961929 0.9947201609611511 48
1739991964721 0.9964879751205444 49
1739991967511 0.9953371286392212 50
1739991970294 0.9966111183166504 51
1739991973090 0.9941921830177307 52
1739991975884 0.9972209334373474 53
1739991978673 0.9933694005012512 54
1739991981463 0.9967347383499146 55
1739991984255 0.9944651126861572 56
1739991987042 0.9976019859313965 57
1739991989830 0.9976392388343811 58
1739991992613 0.9972789287567139 59
1739991995400 0.9972911477088928 60
1739991998191 0.9979592561721802 61
1739992000982 0.9981393218040466 62
1739992003772 0.9951179623603821 63
1739992006556 0.996973991394043 64
1739992009346 0.9927336573600769 65
1739992012133 0.9933634996414185 66
1739992014919 0.9962171316146851 67
1739992017708 0.9983349442481995 68
1739992020496 0.9962696433067322 69
1739992023284 0.994703471660614 70
1739992026073 0.9965133666992188 71
1739992028856 0.9956453442573547 72
1739992031647 0.9945322275161743 73
1739992034435 0.9982938766479492 74
1739992037223 0.9974149465560913 75
1739992040010 0.9973145723342896 76
1739992042796 0.9972939491271973 77
1739992045589 0.9982074499130249 78
1739992048384 0.9972856640815735 79
1739992051169 0.997420608997345 80
1739992053946 0.9984509944915771 81
1739992056731 0.9972047209739685 82
1739992059517 0.9961979389190674 83
1739992062299 0.9966343641281128 84
1739992065089 0.9981260299682617 85
1739992067876 0.9983874559402466 86
1739992070665 0.9962785840034485 87
1739992073454 0.995408296585083 88
1739992076242 0.9981218576431274 89
1739992079037 0.9962705373764038 90
1739992081832 0.997525691986084 91
1739992084627 0.9950878620147705 92
1739992087435 0.9991836547851562 93
1739992090228 0.996551513671875 94
1739992093022 0.9981855154037476 95
1739992095818 0.9957072734832764 96
1739992098615 0.995471179485321 97
1739992101418 0.9953855276107788 98
1739992104212 0.9960494041442871 99
