1739989446132 0.47354501485824585 0
1739989446532 0.5167801380157471 1
1739989446921 0.5784540176391602 2
1739989447311 0.6202923059463501 3
1739989447704 0.6524982452392578 4
1739989448097 0.700887143611908 5
1739989448486 0.6812877655029297 6
1739989448880 0.714636504650116 7
1739989449268 0.7378730773925781 8
1739989449658 0.7428774833679199 9
1739989450047 0.7434388995170593 10
1739989450435 0.7264543771743774 11
1739989450823 0.7382386922836304 12
1739989451212 0.7055375576019287 13
1739989451598 0.7447139620780945 14
1739989451987 0.7494521141052246 15
1739989452374 0.7800137996673584 16
1739989452765 0.824312150478363 17
1739989453156 0.8577579259872437 18
1739989453542 0.8511691093444824 19
1739989453929 0.8873418569564819 20
1739989454319 0.9213797450065613 21
1739989454704 0.8817955255508423 22
1739989455105 0.8823870420455933 23
1739989455493 0.9106482267379761 24
1739989455882 0.9271232485771179 25
1739989456264 0.9264874458312988 26
1739989456647 0.9446520805358887 27
1739989457032 0.9443141222000122 28
1739989457417 0.9747475385665894 29
1739989457803 0.9462177157402039 30
1739989458189 0.9618881940841675 31
1739989458579 0.9817537665367126 32
1739989458967 0.9666194915771484 33
1739989459355 0.9738602042198181 34
1739989459737 0.9636243581771851 35
1739989460126 0.9871605634689331 36
1739989460514 0.9806873798370361 37
1739989460903 0.9773539304733276 38
1739989461286 0.9893326759338379 39
1739989461675 0.9948717951774597 40
1739989462060 0.9950248599052429 41
1739989462447 0.9933333396911621 42
1739989462836 0.9879326820373535 43
1739989463228 1.0 44
1739989463619 0.9843026995658875 45
1739989464007 0.983251690864563 46
1739989464395 0.9947090148925781 47
1739989464786 0.993827223777771 48
1739989465176 0.9900497794151306 49
1739989465562 0.9850746393203735 50
1739989465949 1.0 51
1739989466336 1.0 52
1739989466721 0.9878787994384766 53
1739989467113 0.9898070693016052 54
1739989467502 1.0 55
1739989467885 0.9930555820465088 56
1739989468275 0.9890710711479187 57
1739989468660 0.9948717951774597 58
1739989469049 1.0 59
1739989469434 0.9887588024139404 60
1739989469822 0.9852941036224365 61
1739989470212 1.0 62
1739989470597 0.9947090148925781 63
1739989470987 1.0 64
1739989471376 1.0 65
1739989471763 0.9848517775535583 66
1739989472149 1.0 67
1739989472534 0.9948717951774597 68
1739989472925 1.0 69
1739989473314 0.9948717951774597 70
1739989473703 0.9890238642692566 71
1739989474089 1.0 72
1739989474478 0.9942528605461121 73
1739989474866 0.9892220497131348 74
1739989475265 0.9894180297851562 75
1739989475648 1.0 76
1739989476034 1.0 77
1739989476423 0.9897435903549194 78
1739989476813 0.9950980544090271 79
1739989477202 0.9949495196342468 80
1739989477584 1.0 81
1739989477968 0.9877328276634216 82
1739989478353 0.9885714054107666 83
1739989478735 0.9953051805496216 84
1739989479120 0.9830745458602905 85
1739989479507 0.9953051805496216 86
1739989479890 0.9894572496414185 87
1739989480276 0.9950248599052429 88
1739989480656 0.9945355653762817 89
1739989481040 0.9953051805496216 90
1739989481423 0.9898990392684937 91
1739989481808 0.9948717951774597 92
1739989482192 1.0 93
1739989482578 0.9892473220825195 94
1739989482962 0.9829768538475037 95
1739989483352 0.9886188507080078 96
1739989483737 0.9883005023002625 97
1739989484123 0.9945355653762817 98
1739989484510 0.9896335601806641 99
