1739989446132 0.4563741087913513 0
1739989446532 0.5161081552505493 1
1739989446921 0.5590407848358154 2
1739989447311 0.5749918818473816 3
1739989447704 0.6099671125411987 4
1739989448097 0.6407338380813599 5
1739989448486 0.6841251254081726 6
1739989448880 0.6973041892051697 7
1739989449268 0.7193398475646973 8
1739989449658 0.7474359273910522 9
1739989450047 0.7483516931533813 10
1739989450435 0.7647327184677124 11
1739989450823 0.7968282699584961 12
1739989451212 0.7983841896057129 13
1739989451598 0.8298248648643494 14
1739989451987 0.8517670631408691 15
1739989452374 0.8320996761322021 16
1739989452765 0.8170194029808044 17
1739989453156 0.8664774894714355 18
1739989453542 0.8914141654968262 19
1739989453929 0.8662042617797852 20
1739989454319 0.8635784983634949 21
1739989454704 0.8821601271629333 22
1739989455105 0.9068750143051147 23
1739989455493 0.8834136724472046 24
1739989455882 0.9036537408828735 25
1739989456264 0.916644811630249 26
1739989456647 0.9273838996887207 27
1739989457032 0.9282838702201843 28
1739989457417 0.9145729541778564 29
1739989457803 0.9348506331443787 30
1739989458189 0.9349206686019897 31
1739989458579 0.90853351354599 32
1739989458967 0.9569253325462341 33
1739989459355 0.9554108381271362 34
1739989459737 0.9286752939224243 35
1739989460126 0.9399372339248657 36
1739989460514 0.9516720771789551 37
1739989460903 0.9599761366844177 38
1739989461286 0.9582750797271729 39
1739989461675 0.941659688949585 40
1739989462060 0.9635571241378784 41
1739989462447 0.968612551689148 42
1739989462836 0.9721997976303101 43
1739989463228 0.9737374186515808 44
1739989463619 0.9562668204307556 45
1739989464007 0.9503968954086304 46
1739989464395 0.967867374420166 47
1739989464786 0.9676887392997742 48
1739989465176 0.966143786907196 49
1739989465562 0.9727658033370972 50
1739989465949 0.9718458652496338 51
1739989466336 0.9687511324882507 52
1739989466721 0.9571959376335144 53
1739989467113 0.9783400893211365 54
1739989467502 0.9727155566215515 55
1739989467885 0.978482186794281 56
1739989468275 0.9750248789787292 57
1739989468660 0.9654253721237183 58
1739989469049 0.9619385004043579 59
1739989469434 0.9840659499168396 60
1739989469822 0.9781153202056885 61
1739989470212 0.9792267084121704 62
1739989470597 0.9616162180900574 63
1739989470987 0.9715608954429626 64
1739989471376 0.9722474813461304 65
1739989471763 0.977545976638794 66
1739989472149 0.973564863204956 67
1739989472534 0.9762963056564331 68
1739989472925 0.9833824634552002 69
1739989473314 0.9818357825279236 70
1739989473703 0.9740937948226929 71
1739989474089 0.9735457897186279 72
1739989474478 0.9763993620872498 73
1739989474866 0.9851851463317871 74
1739989475265 0.9946236610412598 75
1739989475648 0.9727994799613953 76
1739989476034 0.9806763529777527 77
1739989476423 0.9833278656005859 78
1739989476813 0.9781250357627869 79
1739989477202 0.9837828874588013 80
1739989477584 0.9738773107528687 81
1739989477968 0.9790140390396118 82
1739989478353 0.9729432463645935 83
1739989478735 0.9847623705863953 84
1739989479120 0.9830745458602905 85
1739989479507 0.9891769289970398 86
1739989479890 0.9877418279647827 87
1739989480276 0.9798296689987183 88
1739989480656 0.9941520690917969 89
1739989481040 0.9894572496414185 90
1739989481423 0.9823708534240723 91
1739989481808 0.977678656578064 92
1739989482192 0.9782267808914185 93
1739989482578 0.9830963015556335 94
1739989482962 0.9850548505783081 95
1739989483352 0.9948717951774597 96
1739989483737 0.9952380657196045 97
1739989484123 0.9894694089889526 98
1739989484510 1.0 99
