1739989508585 0.699684222539266 0
1739989508980 0.6920878489812216 1
1739989509369 0.686078409353892 2
1739989509755 0.680306871732076 3
1739989510142 0.6752964456876119 4
1739989510527 0.66566002368927 5
1739989510913 0.6605315804481506 6
1739989511300 0.6488438447316488 7
1739989511688 0.6355963746706644 8
1739989512075 0.6168752710024515 9
1739989512463 0.5971910953521729 10
1739989512850 0.5736335515975952 11
1739989513240 0.5479691823323568 12
1739989513629 0.5245013336340586 13
1739989514013 0.5082487861315409 14
1739989514400 0.4780889054139455 15
1739989514788 0.4589108129342397 16
1739989515172 0.43359769384066266 17
1739989515561 0.4088013370831807 18
1739989515949 0.3785616358121236 19
1739989516335 0.3560933768749237 20
1739989516726 0.34812600413958233 21
1739989517115 0.30874936779340106 22
1739989517503 0.27198301752408344 23
1739989517893 0.27250875035921734 24
1739989518274 0.2682686100403468 25
1739989518662 0.23227456212043762 26
1739989519048 0.22267193595568338 27
1739989519433 0.21110414961973825 28
1739989519820 0.19214153786500296 29
1739989520210 0.19790552059809366 30
1739989520600 0.16258443395296732 31
1739989520993 0.1462002769112587 32
1739989521382 0.15575680633385977 33
1739989521766 0.14796713491280875 34
1739989522154 0.1268706073363622 35
1739989522544 0.1235918253660202 36
1739989522929 0.12484705448150635 37
1739989523316 0.1089258963863055 38
1739989523703 0.11878035962581635 39
1739989524092 0.11152807995676994 40
1739989524481 0.11331484466791153 41
1739989524872 0.09068431208531062 42
1739989525268 0.08647774656613667 43
1739989525657 0.09287994106610616 44
1739989526044 0.08644649386405945 45
1739989526436 0.0797123983502388 46
1739989526822 0.08118866384029388 47
1739989527210 0.09309942399462064 48
1739989527595 0.06928740069270134 49
1739989527981 0.08336607863505681 50
1739989528367 0.06705159569780032 51
1739989528755 0.0763515184322993 52
1739989529146 0.06702241487801075 53
1739989529531 0.08462529629468918 54
1739989529918 0.05805434907476107 55
1739989530308 0.0652131475508213 56
1739989530694 0.07151238371928532 57
1739989531079 0.050070157274603844 58
1739989531468 0.06087500477830569 59
1739989531857 0.05804867297410965 60
1739989532242 0.07285626729329427 61
1739989532629 0.04835039501388868 62
1739989533017 0.04953058436512947 63
1739989533406 0.04968104511499405 64
1739989533794 0.057215265929698944 65
1739989534181 0.0636666901409626 66
1739989534568 0.05084210137526194 67
1739989534956 0.054336825385689735 68
1739989535345 0.04485324025154114 69
1739989535731 0.04795817658305168 70
1739989536118 0.04209899095197519 71
1739989536506 0.0340509849290053 72
1739989536895 0.04360614468653997 73
1739989537281 0.043796213964621224 74
1739989537666 0.04831321289141973 75
1739989538056 0.03870057935516039 76
1739989538446 0.0285863745957613 77
1739989538833 0.03415520737568537 78
1739989539223 0.035256488248705864 79
1739989539611 0.03644260764122009 80
1739989540000 0.0270891763890783 81
1739989540389 0.04338041817148527 82
1739989540775 0.051337648183107376 83
1739989541164 0.03843367906908194 84
1739989541554 0.03721923939883709 85
1739989541940 0.03488582372665405 86
1739989542329 0.03159044807155927 87
1739989542718 0.04417784574131171 88
1739989543108 0.035114407539367676 89
1739989543495 0.0362867588798205 90
1739989543885 0.0223893237610658 91
1739989544270 0.0426702651505669 92
1739989544661 0.032309649201730885 93
1739989545048 0.033037047212322555 94
1739989545435 0.030655166134238243 95
1739989545823 0.026300839458902676 96
1739989546209 0.031232774257659912 97
1739989546593 0.027851801986495655 98
1739989546980 0.03794857176641623 99
