1739989568931 0.5618127584457397 0
1739989569332 0.5296775102615356 1
1739989569723 0.5749549269676208 2
1739989570113 0.547619640827179 3
1739989570505 0.6118355989456177 4
1739989570897 0.6670459508895874 5
1739989571285 0.6368743777275085 6
1739989571676 0.6861996650695801 7
1739989572067 0.7181293964385986 8
1739989572457 0.7281237840652466 9
1739989572847 0.7404491901397705 10
1739989573239 0.741611123085022 11
1739989573629 0.7655640840530396 12
1739989574021 0.7823421359062195 13
1739989574412 0.7871794700622559 14
1739989574802 0.8023449182510376 15
1739989575193 0.8060476779937744 16
1739989575582 0.8247582912445068 17
1739989575969 0.84462571144104 18
1739989576356 0.846179723739624 19
1739989576742 0.8640402555465698 20
1739989577131 0.893943727016449 21
1739989577523 0.8937515616416931 22
1739989577911 0.9026368856430054 23
1739989578297 0.8941337466239929 24
1739989578683 0.9035107493400574 25
1739989579075 0.9155484437942505 26
1739989579468 0.9192519187927246 27
1739989579858 0.9294468760490417 28
1739989580248 0.936194658279419 29
1739989580635 0.9282463788986206 30
1739989581026 0.9546601176261902 31
1739989581414 0.9464597702026367 32
1739989581804 0.9582695960998535 33
1739989582192 0.9480764269828796 34
1739989582582 0.9745151996612549 35
1739989582974 0.9668508768081665 36
1739989583366 0.9731422662734985 37
1739989583755 0.9546570181846619 38
1739989584143 0.9682528376579285 39
1739989584531 0.9670440554618835 40
1739989584923 0.9717769622802734 41
1739989585312 0.9829233884811401 42
1739989585704 0.9619680643081665 43
1739989586095 0.9665635824203491 44
1739989586483 0.9814527034759521 45
1739989586872 0.9653995037078857 46
1739989587263 0.9836220741271973 47
1739989587653 0.9789700508117676 48
1739989588041 0.972028911113739 49
1739989588432 0.9813401699066162 50
1739989588822 0.9856650233268738 51
1739989589213 0.9739549160003662 52
1739989589605 0.9850689172744751 53
1739989590001 0.980656087398529 54
1739989590393 0.9794618487358093 55
1739989590784 0.98103928565979 56
1739989591178 0.9859944581985474 57
1739989591569 0.9806181788444519 58
1739989591958 0.9842481017112732 59
1739989592350 0.9796671867370605 60
1739989592742 0.9865424036979675 61
1739989593131 0.9849046468734741 62
1739989593519 0.9858697652816772 63
1739989593907 0.9878787994384766 64
1739989594298 0.9851430654525757 65
1739989594687 0.980672299861908 66
1739989595075 0.9855804443359375 67
1739989595462 0.9763987064361572 68
1739989595854 0.9853147268295288 69
1739989596247 0.9824172854423523 70
1739989596635 0.9824969172477722 71
1739989597026 0.9806076884269714 72
1739989597417 0.9869524240493774 73
1739989597807 0.9828485250473022 74
1739989598195 0.9863053560256958 75
1739989598582 0.9804090261459351 76
1739989598965 0.9851973056793213 77
1739989599353 0.9813398122787476 78
1739989599740 0.9786166548728943 79
1739989600126 0.97957444190979 80
1739989600513 0.9941797256469727 81
1739989600896 0.9864495992660522 82
1739989601284 0.9833239316940308 83
1739989601672 0.9858443140983582 84
1739989602057 0.9761304259300232 85
1739989602446 0.9886822700500488 86
1739989602834 0.9890415668487549 87
1739989603220 0.9860879778862 88
1739989603612 0.9944347739219666 89
1739989604007 0.9942318797111511 90
1739989604396 0.9872362613677979 91
1739989604801 0.9910904169082642 92
1739989605190 0.9922490119934082 93
1739989605580 0.9856692552566528 94
1739989605969 0.9849206805229187 95
1739989606356 0.9866275787353516 96
1739989606740 0.9892255663871765 97
1739989607128 0.9860509634017944 98
1739989607515 0.9883216619491577 99
