1739989568931 0.3581278920173645 0
1739989569332 0.43218597769737244 1
1739989569723 0.5618060827255249 2
1739989570113 0.6159358024597168 3
1739989570505 0.6575100421905518 4
1739989570897 0.6993040442466736 5
1739989571285 0.6854114532470703 6
1739989571676 0.7140309810638428 7
1739989572067 0.7237889170646667 8
1739989572457 0.7333333492279053 9
1739989572847 0.7332836985588074 10
1739989573239 0.7345662117004395 11
1739989573629 0.7363409996032715 12
1739989574021 0.7520403861999512 13
1739989574412 0.756901741027832 14
1739989574802 0.7785245776176453 15
1739989575193 0.7768329381942749 16
1739989575582 0.811470627784729 17
1739989575969 0.8410272598266602 18
1739989576356 0.8485844135284424 19
1739989576742 0.8633627891540527 20
1739989577131 0.8906466364860535 21
1739989577523 0.8984119296073914 22
1739989577911 0.9051212668418884 23
1739989578297 0.889999270439148 24
1739989578683 0.9056333303451538 25
1739989579075 0.9173150062561035 26
1739989579468 0.9270288348197937 27
1739989579858 0.9329928755760193 28
1739989580248 0.939860999584198 29
1739989580635 0.9329695701599121 30
1739989581026 0.9559082984924316 31
1739989581414 0.9496023058891296 32
1739989581804 0.9597676992416382 33
1739989582192 0.9498244524002075 34
1739989582582 0.974981963634491 35
1739989582974 0.9666825532913208 36
1739989583366 0.9760088324546814 37
1739989583755 0.9571026563644409 38
1739989584143 0.9661568403244019 39
1739989584531 0.9680187702178955 40
1739989584923 0.9733986258506775 41
1739989585312 0.9834142923355103 42
1739989585704 0.9627029299736023 43
1739989586095 0.9660753011703491 44
1739989586483 0.980780303478241 45
1739989586872 0.9680702686309814 46
1739989587263 0.9824630618095398 47
1739989587653 0.9792971014976501 48
1739989588041 0.9720579981803894 49
1739989588432 0.9808716773986816 50
1739989588822 0.9857823848724365 51
1739989589213 0.9753867983818054 52
1739989589605 0.9864197969436646 53
1739989590001 0.9803664088249207 54
1739989590393 0.9778698682785034 55
1739989590784 0.9798590540885925 56
1739989591178 0.9878345727920532 57
1739989591569 0.9814991354942322 58
1739989591958 0.9844924211502075 59
1739989592350 0.9802172183990479 60
1739989592742 0.9871606826782227 61
1739989593131 0.9863132834434509 62
1739989593519 0.986608624458313 63
1739989593907 0.9858593940734863 64
1739989594298 0.9849958419799805 65
1739989594687 0.9791802167892456 66
1739989595075 0.9859522581100464 67
1739989595462 0.975446879863739 68
1739989595854 0.9861788749694824 69
1739989596247 0.9827243089675903 70
1739989596635 0.9837268590927124 71
1739989597026 0.9804905652999878 72
1739989597417 0.9851505160331726 73
1739989597807 0.9822099208831787 74
1739989598195 0.9864130020141602 75
1739989598582 0.9794343709945679 76
1739989598965 0.986305832862854 77
1739989599353 0.9809211492538452 78
1739989599740 0.9783490896224976 79
1739989600126 0.9827573299407959 80
1739989600513 0.9942007064819336 81
1739989600896 0.9862691164016724 82
1739989601284 0.9828033447265625 83
1739989601672 0.9853007197380066 84
1739989602057 0.9777779579162598 85
1739989602446 0.9890920519828796 86
1739989602834 0.9887330532073975 87
1739989603220 0.9872280359268188 88
1739989603612 0.995091438293457 89
1739989604007 0.9941267371177673 90
1739989604396 0.9866215586662292 91
1739989604801 0.9907991886138916 92
1739989605190 0.9920463562011719 93
1739989605580 0.985875129699707 94
1739989605969 0.9839035868644714 95
1739989606356 0.9859963655471802 96
1739989606740 0.988677442073822 97
1739989607128 0.9854358434677124 98
1739989607515 0.9882466197013855 99
