1739991169047 0.5211079716682434 0
1739991171204 0.6924355626106262 1
1739991173346 0.7055169939994812 2
1739991175502 0.748073160648346 3
1739991177647 0.7896413207054138 4
1739991179806 0.8381892442703247 5
1739991181958 0.8498489856719971 6
1739991184103 0.8770302534103394 7
1739991186262 0.9035840630531311 8
1739991188406 0.9349886178970337 9
1739991190562 0.9262927770614624 10
1739991192718 0.9371603727340698 11
1739991194873 0.944837749004364 12
1739991197020 0.9538814425468445 13
1739991199175 0.9581344723701477 14
1739991201321 0.9501372575759888 15
1739991203467 0.9624307751655579 16
1739991205622 0.9691985845565796 17
1739991207771 0.9663054943084717 18
1739991209926 0.969838559627533 19
1739991212078 0.9745117425918579 20
1739991214223 0.9746053814888 21
1739991216379 0.974382221698761 22
1739991218535 0.9766145348548889 23
1739991220688 0.9808807969093323 24
1739991222848 0.979984700679779 25
1739991224991 0.973195493221283 26
1739991227134 0.986055314540863 27
1739991229286 0.9858092069625854 28
1739991231425 0.9889997243881226 29
1739991233575 0.9859047532081604 30
1739991235729 0.9842259883880615 31
1739991237888 0.9875527024269104 32
1739991240031 0.9904693365097046 33
1739991242180 0.9887341856956482 34
1739991244331 0.9863635301589966 35
1739991246485 0.9920675754547119 36
1739991248640 0.9947985410690308 37
1739991250793 0.9885841012001038 38
1739991252939 0.9905765652656555 39
1739991255079 0.9896460175514221 40
1739991257246 0.9922932386398315 41
1739991259405 0.9925974607467651 42
1739991261563 0.99544757604599 43
1739991263716 0.9936808347702026 44
1739991265860 0.9914816617965698 45
1739991268008 0.9923675656318665 46
1739991270168 0.9936849474906921 47
1739991272325 0.9890344142913818 48
1739991274494 0.9921184182167053 49
1739991276638 0.9940133094787598 50
1739991278786 0.988441526889801 51
1739991280935 0.9932777881622314 52
1739991283088 0.996432363986969 53
1739991285244 0.9941145181655884 54
1739991287398 0.9976668953895569 55
1739991289539 0.9937150478363037 56
1739991291678 0.9915149807929993 57
1739991293832 0.9978022575378418 58
1739991295978 0.9899434447288513 59
1739991298133 0.9937244057655334 60
1739991300279 0.9905878305435181 61
1739991302426 0.9938201308250427 62
1739991304558 0.9965277910232544 63
1739991306724 0.9935411214828491 64
1739991308880 0.9951447248458862 65
1739991311037 0.9969278573989868 66
1739991313195 0.9940534830093384 67
1739991315346 0.9963131546974182 68
1739991317480 0.9925621151924133 69
1739991319634 0.9978004097938538 70
1739991321785 0.9948834776878357 71
1739991323932 0.9953701496124268 72
1739991326085 0.995140016078949 73
1739991328232 0.9953907132148743 74
1739991330365 0.9962314367294312 75
1739991332513 0.9933494329452515 76
1739991334675 0.9955129027366638 77
1739991336827 0.9977859854698181 78
1739991338981 0.9942218065261841 79
1739991341122 0.9962753653526306 80
1739991343261 0.9963964819908142 81
1739991345410 0.9989316463470459 82
1739991347570 0.9966438412666321 83
1739991349712 0.99770587682724 84
1739991351879 0.9961972236633301 85
1739991354039 0.9951376914978027 86
1739991356176 0.9960116744041443 87
1739991358335 0.9952352046966553 88
1739991360489 0.9946720600128174 89
1739991362642 1.0 90
1739991364788 0.9953544735908508 91
1739991366935 0.9957133531570435 92
1739991369065 0.9954942464828491 93
1739991371218 0.994866132736206 94
1739991373367 0.998798131942749 95
1739991375523 0.9928387999534607 96
1739991377673 0.9964212775230408 97
1739991379819 0.995339572429657 98
1739991381964 0.9962202310562134 99
