1739991169047 0.5617496371269226 0
1739991171204 0.6510015726089478 1
1739991173346 0.77237868309021 2
1739991175502 0.8162287473678589 3
1739991177647 0.8404925465583801 4
1739991179806 0.8780643939971924 5
1739991181958 0.8832463622093201 6
1739991184103 0.8966793417930603 7
1739991186262 0.9091500639915466 8
1739991188406 0.9290338754653931 9
1739991190562 0.9360309839248657 10
1739991192718 0.9307138919830322 11
1739991194873 0.9539886713027954 12
1739991197020 0.9465935230255127 13
1739991199175 0.9474929571151733 14
1739991201321 0.9587242007255554 15
1739991203467 0.9591416716575623 16
1739991205622 0.9637383818626404 17
1739991207771 0.9616490006446838 18
1739991209926 0.9749119281768799 19
1739991212078 0.9627385139465332 20
1739991214223 0.9635838270187378 21
1739991216379 0.9765082001686096 22
1739991218535 0.9735512733459473 23
1739991220688 0.9795565009117126 24
1739991222848 0.9787298440933228 25
1739991224991 0.9768229722976685 26
1739991227134 0.9810426235198975 27
1739991229286 0.9819584488868713 28
1739991231425 0.9868098497390747 29
1739991233575 0.9871360063552856 30
1739991235729 0.9808111786842346 31
1739991237888 0.9829524755477905 32
1739991240031 0.988023579120636 33
1739991242180 0.9913507699966431 34
1739991244331 0.9838383197784424 35
1739991246485 0.991690993309021 36
1739991248640 0.9877843260765076 37
1739991250793 0.9879546761512756 38
1739991252939 0.9881722927093506 39
1739991255079 0.9922671914100647 40
1739991257246 0.9920802712440491 41
1739991259405 0.9918406009674072 42
1739991261563 0.9902311563491821 43
1739991263716 0.9919301271438599 44
1739991265860 0.9883641600608826 45
1739991268008 0.9894624948501587 46
1739991270168 0.996224045753479 47
1739991272325 0.9908735156059265 48
1739991274494 0.9951481223106384 49
1739991276638 0.9954025149345398 50
1739991278786 0.9916112422943115 51
1739991280935 0.9915136694908142 52
1739991283088 0.9938501715660095 53
1739991285244 0.994070827960968 54
1739991287398 0.9976325631141663 55
1739991289539 0.9927859306335449 56
1739991291678 0.9937933683395386 57
1739991293832 0.9949785470962524 58
1739991295978 0.9901340007781982 59
1739991298133 0.9920063614845276 60
1739991300279 0.9934530854225159 61
1739991302426 0.9978890419006348 62
1739991304558 0.9964476823806763 63
1739991306724 0.9954959154129028 64
1739991308880 0.9915585517883301 65
1739991311037 0.9991055727005005 66
1739991313195 1.0 67
1739991315346 0.9964268207550049 68
1739991317480 0.9963522553443909 69
1739991319634 0.9954379796981812 70
1739991321785 0.9935911893844604 71
1739991323932 0.9975082874298096 72
1739991326085 0.9967901110649109 73
1739991328232 0.9961450099945068 74
1739991330365 0.9929347038269043 75
1739991332513 0.9978566765785217 76
1739991334675 0.9923847317695618 77
1739991336827 0.9923501014709473 78
1739991338981 0.9944791197776794 79
1739991341122 0.9926758408546448 80
1739991343261 0.996921956539154 81
1739991345410 0.9954140186309814 82
1739991347570 0.9967001080513 83
1739991349712 0.9978004097938538 84
1739991351879 0.9933730363845825 85
1739991354039 0.9965507388114929 86
1739991356176 0.9930755496025085 87
1739991358335 0.9950107336044312 88
1739991360489 0.9980981349945068 89
1739991362642 0.9977661371231079 90
1739991364788 0.9950622320175171 91
1739991366935 0.994462788105011 92
1739991369065 0.9961504340171814 93
1739991371218 0.9987180233001709 94
1739991373367 0.9950715899467468 95
1739991375523 0.9942472577095032 96
1739991377673 0.998759388923645 97
1739991379819 0.9940483570098877 98
1739991381964 0.9963415861129761 99
