1739981908765 0.20427197217941284 0
1739981937417 0.18742480874061584 1
1739981966111 0.14831529557704926 2
1739981994755 0.12845969200134277 3
1739982023524 0.20968712866306305 4
1739982052257 0.18772564828395844 5
1739982080938 0.28760531544685364 6
1739982109615 0.26263538002967834 7
1739982138332 0.3637184500694275 8
1739982167052 0.32882070541381836 9
1739982195772 0.3528880774974823 10
1739982224318 0.38718414306640625 11
1739982252803 0.3610108196735382 12
1739982281280 0.4314079284667969 13
1739982309790 0.21179302036762238 14
1739982338260 0.2611311674118042 15
1739982366806 0.14229844510555267 16
1739982395443 0.4503610134124756 17
1739982424030 0.23194946348667145 18
1739982452576 0.355896532535553 19
1739982481211 0.2385679930448532 20
1739982509811 0.2590252757072449 21
1739982538332 0.216305673122406 22
1739982566847 0.2864019572734833 23
1739982595385 0.42839953303337097 24
1739982623950 0.25511434674263 25
1739982652420 0.32129964232444763 26
1739982681032 0.1802045702934265 27
1739982709481 0.5201564431190491 28
1739982737445 0.2836943566799164 29
1739982765057 0.09055355936288834 30
1739982792928 0.2948255240917206 31
1739982821484 0.3047533333301544 32
1739982849271 0.3056558668613434 33
1739982876865 0.41456079483032227 34
1739982905059 0.3080625832080841 35
1739982933583 0.16185319423675537 36
1739982961743 0.41546329855918884 37
1739982989981 0.20066186785697937 38
1739983018152 0.40132373571395874 39
1739983046343 0.3552948534488678 40
1739983074904 0.29302048683166504 41
1739983103211 0.32611313462257385 42
1739983131454 0.48465704917907715 43
1739983159952 0.36010828614234924 44
1739983188388 0.2749699354171753 45
1739983216754 0.29362213611602783 46
1739983244912 0.3474729359149933 47
1739983273239 0.30445247888565063 48
1739983301710 0.32641398906707764 49
1739983330208 0.2972322702407837 50
1739983358573 0.360409140586853 51
1739983386921 0.19103489816188812 52
1739983415365 0.21239471435546875 53
1739983443666 0.4413357377052307 54
1739983471726 0.33724430203437805 55
1739983500130 0.1531287580728531 56
1739983528768 0.13387486338615417 57
1739983557120 0.30445247888565063 58
1739983585443 0.30896514654159546 59
1739983613850 0.35649821162223816 60
1739983642364 0.49488571286201477 61
1739983670966 0.12635378539562225 62
1739983699472 0.5499398708343506 63
1739983727954 0.33182913064956665 64
1739983756358 0.3252106010913849 65
1739983784777 0.32581228017807007 66
1739983813117 0.3673285245895386 67
1739983841466 0.37063780426979065 68
1739983869927 0.20667871832847595 69
1739983898242 0.22412756085395813 70
1739983926655 0.3673285245895386 71
1739983955103 0.21209385991096497 72
1739983983474 0.35439231991767883 73
1739984011913 0.2560168504714966 74
1739984040243 0.31738871335983276 75
1739984068718 0.31046929955482483 76
1739984096270 0.25391095876693726 77
1739984123618 0.2659446597099304 78
1739984151123 0.3110710084438324 79
1739984177798 0.3222021758556366 80
1739984204319 0.4891696572303772 81
1739984231036 0.41004812717437744 82
1739984257967 0.3020457327365875 83
1739984284584 0.3167870044708252 84
1739984311842 0.3056558668613434 85
1739984339133 0.10348977893590927 86
1739984365963 0.4025270938873291 87
1739984392221 0.127557173371315 88
1739984418538 0.33243080973625183 89
1739984444863 0.23826715350151062 90
1739984471398 0.32069796323776245 91
1739984496867 0.28429603576660156 92
1739984521762 0.3411552309989929 93
1739984546914 0.22954273223876953 94
1739984572073 0.3059566915035248 95
1739984597379 0.4299037456512451 96
