1739981908765 0.37093862891197205 0
1739981937417 0.3998194932937622 1
1739981966111 0.4437424838542938 2
1739981994755 0.4554753601551056 3
1739982023524 0.37575212121009827 4
1739982052257 0.38748496770858765 5
1739982080938 0.2975330948829651 6
1739982109615 0.32129967212677 7
1739982138332 0.20637786388397217 8
1739982167052 0.2361612617969513 9
1739982195772 0.22894103825092316 10
1739982224318 0.19073405861854553 11
1739982252803 0.20998796820640564 12
1739982281280 0.1531287580728531 13
1739982309790 0.36762937903404236 14
1739982338260 0.33212995529174805 15
1739982366806 0.43983152508735657 16
1739982395443 0.12364620715379715 17
1739982424030 0.3522863984107971 18
1739982452576 0.23826715350151062 19
1739982481211 0.3309265971183777 20
1739982509811 0.32340553402900696 21
1739982538332 0.3417569398880005 22
1739982566847 0.2830926775932312 23
1739982595385 0.15132370591163635 24
1739982623950 0.3309265971183777 25
1739982652420 0.24638989567756653 26
1739982681032 0.3971119225025177 27
1739982709481 0.05324910208582878 28
1739982737445 0.29302048683166504 29
1739982765057 0.5045126080513 30
1739982792928 0.2864019274711609 31
1739982821484 0.2668471932411194 32
1739982849271 0.2722623646259308 33
1739982876865 0.16335740685462952 34
1739982905059 0.27376654744148254 35
1739982933583 0.4157641530036926 36
1739982961743 0.15132370591163635 37
1739982989981 0.38417571783065796 38
1739983018152 0.16756919026374817 39
1739983046343 0.23495788872241974 40
1739983074904 0.2939229905605316 41
1739983103211 0.25 42
1739983131454 0.0944645032286644 43
1739983159952 0.20607702434062958 44
1739983188388 0.28188931941986084 45
1739983216754 0.29542720317840576 46
1739983244912 0.23495788872241974 47
1739983273239 0.2695547640323639 48
1739983301710 0.2560168504714966 49
1739983330208 0.2743682563304901 50
1739983358573 0.21480144560337067 51
1739983386921 0.40102291107177734 52
1739983415365 0.3583032488822937 53
1739983443666 0.12936222553253174 54
1739983471726 0.27316486835479736 55
1739983500130 0.4244885742664337 56
1739983528768 0.4575812518596649 57
1739983557120 0.2752707600593567 58
1739983585443 0.277376651763916 59
1739983613850 0.2223225086927414 60
1739983642364 0.10469314455986023 61
1739983670966 0.4693140685558319 62
1739983699472 0.0222623348236084 63
1739983727954 0.26233455538749695 64
1739983756358 0.2632370889186859 65
1739983784777 0.2617328464984894 66
1739983813117 0.22412756085395813 67
1739983841466 0.20457281172275543 68
1739983869927 0.3637184202671051 69
1739983898242 0.3498796820640564 70
1739983926655 0.22442840039730072 71
1739983955103 0.3808664381504059 72
1739983983474 0.22322504222393036 73
1739984011913 0.3384476602077484 74
1739984040243 0.27677497267723083 75
1739984068718 0.28249096870422363 76
1739984096270 0.3249097466468811 77
1739984123618 0.3074609041213989 78
1739984151123 0.2725631892681122 79
1739984177798 0.2665463387966156 80
1739984204319 0.09807461500167847 81
1739984231036 0.16756919026374817 82
1739984257967 0.29241877794265747 83
1739984284584 0.28158843517303467 84
1739984311842 0.28399521112442017 85
1739984339133 0.4696149528026581 86
1739984365963 0.19374248385429382 87
1739984392221 0.4741275906562805 88
1739984418538 0.24909746646881104 89
1739984444863 0.34566786885261536 90
1739984471398 0.27105897665023804 91
1739984496867 0.29843562841415405 92
1739984521762 0.22713598608970642 93
1739984546914 0.3474729359149933 94
1739984572073 0.27286404371261597 95
1739984597379 0.16275572776794434 96
