1739964213472 0.27222225069999695 0
1739964217454 0.279629647731781 1
1739964221365 0.27222225069999695 2
1739964225211 0.44814813137054443 3
1739964229046 0.35370373725891113 4
1739964232868 0.011111111380159855 5
1739964236696 0.3888888955116272 6
1739964240530 0.3240741193294525 7
1739964244352 0.059259261935949326 8
1739964248190 0.22777777910232544 9
1739964252031 0.16111111640930176 10
1739964255852 0.25555557012557983 11
1739964259678 0.1944444477558136 12
1739964263496 0.0 13
1739964267336 0.09444444626569748 14
1739964271161 0.14259259402751923 15
1739964274983 0.279629647731781 16
1739964278926 0.23148149251937866 17
1739964282795 0.059259261935949326 18
1739964286679 0.49074071645736694 19
1739964290574 0.11296296119689941 20
1739964294448 0.3259259760379791 21
1739964298294 0.22037038207054138 22
1739964302157 0.053703706711530685 23
1739964306071 0.20185184478759766 24
1739964310015 0.3351852297782898 25
1739964313874 0.14444445073604584 26
1739964317777 0.3777778148651123 27
1739964321675 0.06481482088565826 28
1739964325651 0.08888889104127884 29
1739964329552 0.35740742087364197 30
1739964333420 0.12037037312984467 31
1739964337290 0.3055555820465088 32
1739964341202 0.10925927013158798 33
1739964345185 0.3074074387550354 34
1739964349192 0.0703703761100769 35
1739964353067 0.2629629969596863 36
1739964356926 0.46481481194496155 37
1739964360796 0.0 38
1739964364708 0.2648148536682129 39
1739964368528 0.2240740954875946 40
1739964372511 0.07222222536802292 41
1739964376406 0.04074074327945709 42
1739964380281 0.03888889029622078 43
1739964384104 0.007407407741993666 44
1739964387965 0.3074074387550354 45
1739964391787 0.16296295821666718 46
1739964395617 0.2666666805744171 47
1739964399500 0.2944444715976715 48
1739964403431 0.17592594027519226 49
1739964407379 0.12037037312984467 50
1739964411314 0.0055555556900799274 51
1739964415222 0.16851851344108582 52
1739964419085 0.1666666567325592 53
1739964422986 0.16851851344108582 54
1739964426889 0.05925926938652992 55
1739964430738 0.1814814954996109 56
1739964434580 0.25925928354263306 57
1739964438494 0.25740745663642883 58
1739964442394 0.19074076414108276 59
1739964446278 0.0 60
1739964450130 0.2611111104488373 61
1739964454064 0.5074073672294617 62
1739964457925 0.1925925761461258 63
1739964461746 0.2685185372829437 64
1739964465587 0.01666666753590107 65
1739964469524 0.1925925761461258 66
1739964473391 0.5814814567565918 67
1739964477299 0.5851851105690002 68
1739964481149 0.4814814329147339 69
1739964484973 0.3166666626930237 70
1739964488800 0.4962962865829468 71
1739964492669 0.368518590927124 72
1739964496504 0.37037041783332825 73
1739964500339 0.13148148357868195 74
1739964504149 0.3351852297782898 75
1739964507962 0.16111111640930176 76
1739964511824 0.3740741014480591 77
1739964515743 0.5796294808387756 78
1739964519607 0.30185186862945557 79
1739964523532 0.28518521785736084 80
1739964527424 0.5796295404434204 81
1739964531285 0.5944443941116333 82
1739964535178 0.1407407522201538 83
1739964539030 0.23518520593643188 84
1739964542917 0.3481481671333313 85
1739964546834 0.581481397151947 86
1739964550703 0.22962962090969086 87
1739964554582 0.3888888955116272 88
1739964558468 0.17407406866550446 89
1739964562423 0.4574073851108551 90
1739964566296 0.4314815104007721 91
1739964570141 0.15925925970077515 92
1739964574082 0.5555554628372192 93
1739964577938 0.3740741014480591 94
1739964581850 0.2907407879829407 95
1739964585823 0.21111111342906952 96
1739964589761 0.4296296238899231 97
1739964593697 0.07592593133449554 98
1739964597646 0.28518521785736084 99
