1739964213472 0.30185189843177795 0
1739964217454 0.28888893127441406 1
1739964221365 0.25555557012557983 2
1739964225211 0.1537037044763565 3
1739964229046 0.23333333432674408 4
1739964232868 0.5537036657333374 5
1739964236696 0.1814814954996109 6
1739964240530 0.25925928354263306 7
1739964244352 0.5148147940635681 8
1739964248190 0.3055555820465088 9
1739964252031 0.4203703701496124 10
1739964255852 0.31296297907829285 11
1739964259678 0.37222227454185486 12
1739964263496 0.5759258270263672 13
1739964267336 0.4796295762062073 14
1739964271161 0.4722221791744232 15
1739964274983 0.31851857900619507 16
1739964278926 0.3351852297782898 17
1739964282795 0.5296295881271362 18
1739964286679 0.0833333358168602 19
1739964290574 0.45370370149612427 20
1739964294448 0.2203703671693802 21
1739964298294 0.3759259581565857 22
1739964302157 0.5092592239379883 23
1739964306071 0.35370373725891113 24
1739964310015 0.20000000298023224 25
1739964313874 0.4296296238899231 26
1739964317777 0.18703702092170715 27
1739964321675 0.4851851761341095 28
1739964325651 0.4722221791744232 29
1739964329552 0.1796296238899231 30
1739964333420 0.46481481194496155 31
1739964337290 0.2611111104488373 32
1739964341202 0.42777779698371887 33
1739964345185 0.24444444477558136 34
1739964349192 0.48148149251937866 35
1739964353067 0.2962963283061981 36
1739964356926 0.138888880610466 37
1739964360796 0.5870369672775269 38
1739964364708 0.3351851999759674 39
1739964368528 0.3351851999759674 40
1739964372511 0.51666659116745 41
1739964376406 0.5703702569007874 42
1739964380281 0.5370370149612427 43
1739964384104 0.5870369672775269 44
1739964387965 0.25740739703178406 45
1739964391787 0.4185185134410858 46
1739964395617 0.2907407581806183 47
1739964399500 0.25740742683410645 48
1739964403431 0.3777778148651123 49
1739964407379 0.45000001788139343 50
1739964411314 0.5888888239860535 51
1739964415222 0.35925930738449097 52
1739964419085 0.32962965965270996 53
1739964422986 0.39814817905426025 54
1739964426889 0.5333332419395447 55
1739964430738 0.38333338499069214 56
1739964434580 0.3185185492038727 57
1739964438494 0.2888889014720917 58
1739964442394 0.34444448351860046 59
1739964446278 0.5870369076728821 60
1739964450130 0.2925926148891449 61
1739964454064 0.09074074774980545 62
1739964457925 0.4185185432434082 63
1739964461746 0.28888893127441406 64
1739964465587 0.5444444417953491 65
1739964469524 0.3629629909992218 66
1739964473391 0.0 67
1739964477299 0.0 68
1739964481149 0.07222222536802292 69
1739964484973 0.22407406568527222 70
1739964488800 0.05925926938652992 71
1739964492669 0.21296295523643494 72
1739964496504 0.2370370477437973 73
1739964500339 0.42222222685813904 74
1739964504149 0.2074074000120163 75
1739964507962 0.3999999761581421 76
1739964511824 0.1944444477558136 77
1739964515743 0.0 78
1739964519607 0.279629647731781 79
1739964523532 0.29814815521240234 80
1739964527424 0.0 81
1739964531285 0.0 82
1739964535178 0.4296296238899231 83
1739964539030 0.31296297907829285 84
1739964542917 0.20185187458992004 85
1739964546834 0.0 86
1739964550703 0.34259265661239624 87
1739964554582 0.17777776718139648 88
1739964558468 0.38518521189689636 89
1739964562423 0.10555555671453476 90
1739964566296 0.11851851642131805 91
1739964570141 0.4037036895751953 92
1739964574082 0.009259260259568691 93
1739964577938 0.19629628956317902 94
1739964581850 0.279629647731781 95
1739964585823 0.34259262681007385 96
1739964589761 0.1388888955116272 97
1739964593697 0.47777774930000305 98
1739964597646 0.2777778208255768 99
