1739980000267 0.7300252001318667 0
1739980004164 0.6986610101328956 1
1739980008065 0.6950791209936142 2
1739980011953 0.6942265851630105 3
1739980015826 0.6951741960313585 4
1739980019679 0.6951087418529722 5
1739980023533 0.6940309315919876 6
1739980027386 0.6957744982507493 7
1739980031254 0.6957346263859007 8
1739980035125 0.6938060608175066 9
1739980039011 0.6943012217680613 10
1739980042921 0.6957675430509779 11
1739980046778 0.6951666891574859 12
1739980050675 0.6939508991109 13
1739980054579 0.6938758542140325 14
1739980058458 0.6940229753653209 15
1739980062332 0.6956529498100281 16
1739980066215 0.6943115058872434 17
1739980070105 0.6939303378264109 18
1739980073964 0.6950401650534735 19
1739980077835 0.6935866273111767 20
1739980081721 0.6938603715764151 21
1739980085617 0.6942377746105194 22
1739980089512 0.6935740368233787 23
1739980093426 0.6953102601899042 24
1739980097332 0.6952303194337421 25
1739980101241 0.6946486479706234 26
1739980105199 0.6942074047194586 27
1739980109251 0.6934391385979123 28
1739980113277 0.694518013132943 29
1739980117368 0.6944475713703367 30
1739980121413 0.6966618590884739 31
1739980125457 0.6941580004162259 32
1739980129489 0.6935061229599847 33
1739980133466 0.6934505816962984 34
1739980137346 0.6934250106414159 35
1739980141204 0.6934828314516279 36
1739980145077 0.695261761214998 37
1739980148939 0.6937486840618982 38
1739980152818 0.6969447718726264 39
1739980156677 0.6939000182681614 40
1739980160551 0.6945331818527646 41
1739980164421 0.6935900972949134 42
1739980168340 0.6933051957024469 43
1739980172236 0.6933773646752039 44
1739980176090 0.6934015807178285 45
1739980179951 0.6946615835030874 46
1739980183832 0.694844283329116 47
1739980187700 0.6939225931962331 48
1739980191582 0.6936049855417675 49
1739980195444 0.6934963090552224 50
1739980199327 0.6933828757868873 51
1739980203177 0.6935172379016876 52
1739980206980 0.6939681437280443 53
1739980210792 0.6939312623606788 54
1739980214596 0.693600747651524 55
1739980218453 0.6942179729541142 56
1739980222328 0.6940768006775114 57
1739980226260 0.6945442418257396 58
1739980230248 0.6936109559403525 59
1739980234169 0.6933972441487842 60
1739980238061 0.6936018788152271 61
1739980241976 0.6937564369704988 62
1739980245851 0.6928686949941847 63
1739980249742 0.6962643345197042 64
1739980253630 0.6953153073787689 65
1739980257496 0.6935334328148101 66
1739980261475 0.6933063232236438 67
1739980265451 0.6934229579236773 68
1739980269414 0.693475964665413 69
1739980273280 0.6933755718999439 70
1739980277228 0.6933922717968622 71
1739980281104 0.6939037359423108 72
1739980284990 0.696584529015753 73
1739980289036 0.6943391230371263 74
1739980292972 0.6933520737621519 75
1739980296876 0.6942513830131954 76
1739980300782 0.6935117774539523 77
1739980304704 0.6933177245987786 78
1739980308578 0.6933936191929712 79
1739980312490 0.6950543287727567 80
1739980316369 0.6934868776135974 81
1739980320239 0.6932688491211997 82
1739980324099 0.6933991607692507 83
1739980327974 0.693451146947013 84
1739980331846 0.6936259418725967 85
1739980335710 0.6933531943294737 86
1739980339556 0.6934661616881689 87
1739980343471 0.6944378621048397 88
1739980347456 0.6935566428634855 89
1739980351432 0.6932859122753143 90
1739980355325 0.6935367951790492 91
1739980359230 0.6938073664903641 92
1739980363121 0.6937930600510703 93
1739980366996 0.6934659938017528 94
1739980370885 0.6940390835205714 95
1739980374816 0.6941292865408791 96
1739980378831 0.6940174049801296 97
1739980382708 0.6933633820878135 98
1739980386569 0.6937122142977185 99
