1739987566591 0.3247815668582916 0
1739987568149 0.4328795075416565 1
1739987569705 0.2878974974155426 2
1739987571264 0.4245266020298004 3
1739987572807 0.2840800881385803 4
1739987574370 0.11068925261497498 5
1739987575913 0.4396553933620453 6
1739987577464 0.5226907134056091 7
1739987579013 0.3127205967903137 8
1739987580557 0.2713817059993744 9
1739987582097 0.4720856845378876 10
1739987583640 0.3500290811061859 11
1739987585182 0.3795473873615265 12
1739987586724 0.2277575582265854 13
1739987588267 0.5144756436347961 14
1739987589809 0.0 15
1739987591347 0.47535622119903564 16
1739987592893 0.2224687784910202 17
1739987594434 0.25315672159194946 18
1739987595979 0.5225926637649536 19
1739987597522 0.39912182092666626 20
1739987599065 0.18224377930164337 21
1739987600606 0.4027632772922516 22
1739987602130 0.03736884891986847 23
1739987603643 0.2618373930454254 24
1739987605202 0.2791530191898346 25
1739987606744 0.2814033031463623 26
1739987608291 0.14411185681819916 27
1739987609845 0.45109155774116516 28
1739987611382 0.23895293474197388 29
1739987612923 0.43788909912109375 30
1739987614473 0.2159026861190796 31
1739987616017 0.5147455334663391 32
1739987617559 0.07590440660715103 33
1739987619108 0.6662237644195557 34
1739987620646 0.4191027879714966 35
1739987622194 0.0 36
1739987623742 0.1689690500497818 37
1739987625286 0.6652252078056335 38
1739987626831 0.04675324633717537 39
1739987628375 0.6157613396644592 40
1739987629919 0.5543522834777832 41
1739987631465 0.1046169102191925 42
1739987633006 0.2820291221141815 43
1739987634544 0.5664747357368469 44
1739987636095 0.6669242978096008 45
1739987637642 0.06997253000736237 46
1739987639185 0.551755964756012 47
1739987640732 0.36898207664489746 48
1739987642273 0.6033602952957153 49
1739987643812 0.17699310183525085 50
1739987645358 0.5317190289497375 51
1739987646902 0.0036076924297958612 52
1739987648450 0.26819485425949097 53
1739987650006 0.6650870442390442 54
1739987651552 0.20148494839668274 55
1739987653095 0.34988707304000854 56
1739987654644 0.6647980809211731 57
1739987656179 0.503742516040802 58
1739987657742 0.3408445715904236 59
1739987659287 0.5196133852005005 60
1739987660826 0.6604100465774536 61
1739987662390 0.383137971162796 62
1739987663937 0.5619728565216064 63
1739987665484 0.656844973564148 64
1739987667041 0.6640267968177795 65
1739987668591 0.40171945095062256 66
1739987670131 0.6537151336669922 67
1739987671679 0.11470895260572433 68
1739987673223 0.46957144141197205 69
1739987674769 0.06861863285303116 70
1739987676325 0.5198512673377991 71
1739987677868 0.2857743799686432 72
1739987679412 0.5995954871177673 73
1739987680964 0.6527661085128784 74
1739987682513 0.637238621711731 75
1739987684065 0.6382278203964233 76
1739987685620 0.04961271956562996 77
1739987687164 0.0 78
1739987688714 0.5686790347099304 79
1739987690260 0.5715337991714478 80
1739987691807 0.29426780343055725 81
1739987693358 0.02990671619772911 82
1739987694900 0.003527336986735463 83
1739987696414 0.3703013062477112 84
1739987697957 0.06118082255125046 85
1739987699503 0.0016339869471266866 86
1739987701044 0.4079694151878357 87
1739987702589 0.5639551877975464 88
1739987704136 0.5213149189949036 89
1739987705676 0.4409402906894684 90
1739987707220 0.5401204824447632 91
1739987708763 0.6275942921638489 92
1739987710304 0.1814747154712677 93
1739987711857 0.4572378695011139 94
1739987713398 0.4180319905281067 95
1739987714941 0.5842763185501099 96
1739987716486 0.662700891494751 97
1739987718032 0.6645616888999939 98
1739987719573 0.664679229259491 99
