1739987566591 0.37458816170692444 0
1739987568149 0.2307731658220291 1
1739987569705 0.4110345244407654 2
1739987571264 0.24741989374160767 3
1739987572807 0.39613404870033264 4
1739987574370 0.5862917304039001 5
1739987575913 0.38803914189338684 6
1739987577464 0.26105934381484985 7
1739987579013 0.37194353342056274 8
1739987580557 0.44888946413993835 9
1739987582097 0.4122996926307678 10
1739987583640 0.3296782374382019 11
1739987585182 0.30094248056411743 12
1739987586724 0.44568437337875366 13
1739987588267 0.17212991416454315 14
1739987589809 0.6664326786994934 15
1739987591347 0.23901605606079102 16
1739987592893 0.4657052457332611 17
1739987594434 0.427604615688324 18
1739987595979 0.2255982607603073 19
1739987597522 0.28386062383651733 20
1739987599065 0.4902745485305786 21
1739987600606 0.28914815187454224 22
1739987602130 0.6288154721260071 23
1739987603643 0.47100093960762024 24
1739987605202 0.40319088101387024 25
1739987606744 0.40009748935699463 26
1739987608291 0.5123395919799805 27
1739987609845 0.2759801745414734 28
1739987611382 0.4184646010398865 29
1739987612923 0.2144077569246292 30
1739987614473 0.5308747887611389 31
1739987616017 0.14657209813594818 32
1739987617559 0.5901870727539062 33
1739987619108 0.0 34
1739987620646 0.2627517879009247 35
1739987622194 0.6675618290901184 36
1739987623742 0.5176962614059448 37
1739987625286 0.0 38
1739987626831 0.6601324081420898 39
1739987628375 0.051945026963949203 40
1739987629919 0.11955514550209045 41
1739987631465 0.5809089541435242 42
1739987633006 0.4088785648345947 43
1739987634544 0.21668273210525513 44
1739987636095 0.0 45
1739987637642 0.5818266868591309 46
1739987639185 0.14202144742012024 47
1739987640732 0.3061739504337311 48
1739987642273 0.14637784659862518 49
1739987643812 0.6442772746086121 50
1739987645358 0.19678309559822083 51
1739987646902 0.6637799143791199 52
1739987648450 0.41940563917160034 53
1739987650006 0.01899741031229496 54
1739987651552 0.5645175576210022 55
1739987653095 0.33890536427497864 56
1739987654644 0.0 57
1739987656179 0.19438695907592773 58
1739987657742 0.34531038999557495 59
1739987659287 0.28928565979003906 60
1739987660826 0.043067436665296555 61
1739987662390 0.28785964846611023 62
1739987663937 0.1758555769920349 63
1739987665484 0.034079357981681824 64
1739987667041 0.001792114693671465 65
1739987668591 0.45286279916763306 66
1739987670131 0.059225261211395264 67
1739987671679 0.543390154838562 68
1739987673223 0.21667152643203735 69
1739987674769 0.6383559107780457 70
1739987676325 0.15573760867118835 71
1739987677868 0.42822277545928955 72
1739987679412 0.10277415812015533 73
1739987680964 0.01210224349051714 74
1739987682513 0.10739346593618393 75
1739987684065 0.10927723348140717 76
1739987685620 0.6292021870613098 77
1739987687164 0.6621854901313782 78
1739987688714 0.22477711737155914 79
1739987690260 0.21373696625232697 80
1739987691807 0.5889616012573242 81
1739987693358 0.6526613235473633 82
1739987694900 0.6607922315597534 83
1739987696414 0.4136008620262146 84
1739987697957 0.661642849445343 85
1739987699503 0.6618731021881104 86
1739987701044 0.4017293453216553 87
1739987702589 0.24089820683002472 88
1739987704136 0.36647292971611023 89
1739987705676 0.38348785042762756 90
1739987707220 0.2346103936433792 91
1739987708763 0.06939666718244553 92
1739987710304 0.5178561210632324 93
1739987711857 0.279543399810791 94
1739987713398 0.3759380877017975 95
1739987714941 0.2895146906375885 96
1739987716486 0.01839713379740715 97
1739987718032 0.006988212466239929 98
1739987719573 0.022282805293798447 99
