1739990919121 0.4981211721897125 0
1739990921257 0.7234391570091248 1
1739990923408 0.772194504737854 2
1739990925566 0.8176128268241882 3
1739990927706 0.872166097164154 4
1739990929848 0.872805118560791 5
1739990931997 0.8848839998245239 6
1739990934140 0.9034543037414551 7
1739990936282 0.9116718769073486 8
1739990938428 0.9143617153167725 9
1739990940579 0.939282238483429 10
1739990942714 0.9371780157089233 11
1739990944865 0.9364876747131348 12
1739990947010 0.9457558989524841 13
1739990949149 0.9425756335258484 14
1739990951293 0.952136754989624 15
1739990953433 0.9520401358604431 16
1739990955575 0.9646739363670349 17
1739990957722 0.9606725573539734 18
1739990959860 0.9574568271636963 19
1739990962006 0.9591397643089294 20
1739990964151 0.9759799242019653 21
1739990966297 0.966641366481781 22
1739990968439 0.9717274904251099 23
1739990970580 0.9701731204986572 24
1739990972732 0.9815831184387207 25
1739990974878 0.9800034165382385 26
1739990977016 0.9783785343170166 27
1739990979166 0.982967734336853 28
1739990981310 0.9846562743186951 29
1739990983462 0.9815707802772522 30
1739990985612 0.9848777651786804 31
1739990987756 0.9870655536651611 32
1739990989900 0.9842411279678345 33
1739990992038 0.9842305183410645 34
1739990994185 0.985797643661499 35
1739990996334 0.9893518686294556 36
1739990998478 0.9802289009094238 37
1739991000621 0.988761305809021 38
1739991002759 0.9890429973602295 39
1739991004906 0.9903435707092285 40
1739991007057 0.9911361336708069 41
1739991009203 0.9944621324539185 42
1739991011344 0.9924931526184082 43
1739991013478 0.9898544549942017 44
1739991015618 0.9878395199775696 45
1739991017766 0.9884733557701111 46
1739991019918 0.9830359220504761 47
1739991022059 0.988569438457489 48
1739991024189 0.994292676448822 49
1739991026337 0.991516649723053 50
1739991028481 0.9928746223449707 51
1739991030628 0.9943325519561768 52
1739991032771 0.9923697710037231 53
1739991034897 0.9908328652381897 54
1739991037036 0.9942759275436401 55
1739991039178 0.9965811967849731 56
1739991041323 0.9954820871353149 57
1739991043464 0.9962012767791748 58
1739991045593 0.9964212775230408 59
1739991047722 0.9927734136581421 60
1739991049865 0.9937213659286499 61
1739991052016 0.9952048659324646 62
1739991054157 0.9952630400657654 63
1739991056298 0.9941089153289795 64
1739991058412 0.9929534196853638 65
1739991060549 0.9910506010055542 66
1739991062707 0.9957346320152283 67
1739991064848 0.9938671588897705 68
1739991066990 0.9977376461029053 69
1739991069122 0.995398759841919 70
1739991071254 0.9928417801856995 71
1739991073397 0.9965299367904663 72
1739991075550 0.993696391582489 73
1739991077694 0.9966076016426086 74
1739991079844 0.9964856505393982 75
1739991081973 0.991830587387085 76
1739991084111 0.9951125383377075 77
1739991086263 0.9954789876937866 78
1739991088410 0.9935847520828247 79
1739991090556 0.9964765906333923 80
1739991092697 0.998834490776062 81
1739991094834 0.9932668805122375 82
1739991096981 0.9977586269378662 83
1739991099122 0.9977356195449829 84
1739991101271 0.9964791536331177 85
1739991103398 0.9964536428451538 86
1739991105542 0.997907280921936 87
1739991107686 0.9967738389968872 88
1739991109843 0.9976992011070251 89
1739991111990 0.9976616501808167 90
1739991114125 0.9961329698562622 91
1739991116272 0.9975574612617493 92
1739991118415 0.9960007071495056 93
1739991120562 0.9986737966537476 94
1739991122718 0.9921907782554626 95
1739991124861 0.9967540502548218 96
1739991127002 0.9942559599876404 97
1739991129147 0.9936190247535706 98
1739991131284 0.9977698922157288 99
