1739990919121 0.583539605140686 0
1739990921257 0.5957304239273071 1
1739990923408 0.6764429807662964 2
1739990925566 0.7294666171073914 3
1739990927706 0.7602764368057251 4
1739990929848 0.7987053394317627 5
1739990931997 0.8612473607063293 6
1739990934140 0.8836934566497803 7
1739990936282 0.9056668281555176 8
1739990938428 0.9132212996482849 9
1739990940579 0.9276252388954163 10
1739990942714 0.9318203330039978 11
1739990944865 0.9314064383506775 12
1739990947010 0.9415258169174194 13
1739990949149 0.9523733258247375 14
1739990951293 0.9643082618713379 15
1739990953433 0.952846348285675 16
1739990955575 0.967637300491333 17
1739990957722 0.9636002779006958 18
1739990959860 0.9673603177070618 19
1739990962006 0.9725566506385803 20
1739990964151 0.9647868871688843 21
1739990966297 0.9734703302383423 22
1739990968439 0.9734069108963013 23
1739990970580 0.9734029173851013 24
1739990972732 0.9830769300460815 25
1739990974878 0.982821524143219 26
1739990977016 0.9784882068634033 27
1739990979166 0.9821351766586304 28
1739990981310 0.9824446439743042 29
1739990983462 0.9804985523223877 30
1739990985612 0.9851987361907959 31
1739990987756 0.982430100440979 32
1739990989900 0.9843615293502808 33
1739990992038 0.9942489266395569 34
1739990994185 0.9877216219902039 35
1739990996334 0.9873397350311279 36
1739990998478 0.9906240105628967 37
1739991000621 0.9853596687316895 38
1739991002759 0.9875120520591736 39
1739991004906 0.9888600707054138 40
1739991007057 0.9929196834564209 41
1739991009203 0.9963052272796631 42
1739991011344 0.9920958280563354 43
1739991013478 0.9936164617538452 44
1739991015618 0.9903355836868286 45
1739991017766 0.9881749749183655 46
1739991019918 0.9840208292007446 47
1739991022059 0.9881395697593689 48
1739991024189 0.9956637024879456 49
1739991026337 0.9927898049354553 50
1739991028481 0.9927629828453064 51
1739991030628 0.9953600168228149 52
1739991032771 0.9921121001243591 53
1739991034897 0.995114803314209 54
1739991037036 0.9939249157905579 55
1739991039178 0.9913875460624695 56
1739991041323 0.9973291754722595 57
1739991043464 0.997433066368103 58
1739991045593 0.9951240420341492 59
1739991047722 0.9952266812324524 60
1739991049865 0.9940975308418274 61
1739991052016 0.9986264705657959 62
1739991054157 0.9943995475769043 63
1739991056298 0.9930086731910706 64
1739991058412 0.9952340126037598 65
1739991060549 0.9929873943328857 66
1739991062707 0.9923660755157471 67
1739991064848 0.9956570863723755 68
1739991066990 0.9952237606048584 69
1739991069122 0.9962676763534546 70
1739991071254 0.9933690428733826 71
1739991073397 0.9940539598464966 72
1739991075550 0.9975749254226685 73
1739991077694 0.997832715511322 74
1739991079844 0.9964626431465149 75
1739991081973 0.9937156438827515 76
1739991084111 0.9964197874069214 77
1739991086263 0.9954537153244019 78
1739991088410 0.990706205368042 79
1739991090556 0.9972984790802002 80
1739991092697 0.9932048916816711 81
1739991094834 0.998759388923645 82
1739991096981 0.997334897518158 83
1739991099122 1.0 84
1739991101271 0.9977661371231079 85
1739991103398 0.9953694343566895 86
1739991105542 0.9953717589378357 87
1739991107686 0.9986737966537476 88
1739991109843 0.9989011287689209 89
1739991111990 0.9963063597679138 90
1739991114125 0.9975360631942749 91
1739991116272 0.9937665462493896 92
1739991118415 0.9982517957687378 93
1739991120562 0.996162474155426 94
1739991122718 0.992592453956604 95
1739991124861 0.9962012767791748 96
1739991127002 0.9912188053131104 97
1739991129147 0.9976280927658081 98
1739991131284 0.9978327751159668 99
