1739986582699 0.4468821585178375 0
1739986583798 0.5782090425491333 1
1739986584895 0.8524233102798462 2
1739986585986 0.8706298470497131 3
1739986587079 0.9037142992019653 4
1739986588172 0.8880786299705505 5
1739986589268 0.8999112248420715 6
1739986590364 0.9169244170188904 7
1739986591466 0.9085124135017395 8
1739986592568 0.9117013216018677 9
1739986593667 0.9060059785842896 10
1739986594763 0.8918156027793884 11
1739986595860 0.9137477278709412 12
1739986596953 0.883446216583252 13
1739986598042 0.9551699161529541 14
1739986599136 0.9304852485656738 15
1739986600225 0.8964681029319763 16
1739986601322 0.9439429640769958 17
1739986602417 0.9304104447364807 18
1739986603516 0.9258807897567749 19
1739986604609 0.9313472509384155 20
1739986605703 0.8956809639930725 21
1739986606798 0.9452544450759888 22
1739986607892 0.7994048595428467 23
1739986608981 0.22981828451156616 24
1739986610081 0.9987180233001709 25
1739986611177 0.8500849008560181 26
1739986612272 0.5471423268318176 27
1739986613365 0.1538461595773697 28
1739986614464 0.7167491316795349 29
1739986615564 0.45467033982276917 30
1739986616663 0.5860724449157715 31
1739986617762 0.003777472535148263 32
1739986618854 0.27193933725357056 33
1739986619951 0.2774202227592468 34
1739986621049 0.7376492023468018 35
1739986622144 0.15629370510578156 36
1739986623242 0.005286380648612976 37
1739986624340 0.8741258978843689 38
1739986625430 0.2916524112224579 39
1739986626524 0.7692307829856873 40
1739986627619 0.30989012122154236 41
1739986628710 0.0 42
1739986629806 0.47945207357406616 43
1739986630901 1.0 44
1739986632002 0.1249895766377449 45
1739986633099 0.4377373456954956 46
1739986634191 0.523095428943634 47
1739986635290 0.7210308313369751 48
1739986636391 1.0 49
1739986637489 0.1905428022146225 50
1739986638587 0.04138396307826042 51
1739986639687 0.9724742770195007 52
1739986640786 0.10858649760484695 53
1739986641880 0.0 54
1739986642974 0.7860906720161438 55
1739986644071 0.46900540590286255 56
1739986645172 0.03638074919581413 57
1739986646266 0.8566434383392334 58
1739986647354 0.32786884903907776 59
1739986648453 0.0 60
1739986649557 0.24191750586032867 61
1739986650659 0.6056374907493591 62
1739986651760 0.960530698299408 63
1739986652859 1.0 64
1739986653955 0.22240637242794037 65
1739986655055 0.0 66
1739986656157 0.8205128908157349 67
1739986657250 0.9965035915374756 68
1739986658344 0.05384615808725357 69
1739986659439 0.0 70
1739986660533 0.8129457831382751 71
1739986661626 0.9667711853981018 72
1739986662725 0.5134211778640747 73
1739986663817 0.5627924799919128 74
1739986664910 0.6912748217582703 75
1739986666005 0.1505064219236374 76
1739986667101 0.4341154396533966 77
1739986668192 0.7359232902526855 78
1739986669288 0.5589680671691895 79
1739986670384 0.7550444602966309 80
1739986671479 0.2620338797569275 81
1739986672577 0.8514735698699951 82
1739986673673 1.0 83
1739986674764 1.0 84
1739986675859 0.4528948962688446 85
1739986676952 0.0 86
1739986678047 0.4002925455570221 87
1739986679140 0.8842136859893799 88
1739986680234 0.257796972990036 89
1739986681334 0.7630738615989685 90
1739986682437 0.7147186398506165 91
1739986683535 0.9905256032943726 92
1739986684633 0.6845270395278931 93
1739986685727 0.28388312458992004 94
1739986686822 0.007611619308590889 95
1739986687917 0.24388715624809265 96
1739986689009 0.9479533433914185 97
1739986690106 0.9829707145690918 98
1739986691200 0.4398665130138397 99
