1739986582699 0.5556665658950806 0
1739986583798 0.551373302936554 1
1739986584895 0.5115656852722168 2
1739986585986 0.753216564655304 3
1739986587079 0.7779915928840637 4
1739986588172 0.8319910764694214 5
1739986589268 0.8413660526275635 6
1739986590364 0.834900975227356 7
1739986591466 0.8661875128746033 8
1739986592568 0.8726790547370911 9
1739986593667 0.8845760822296143 10
1739986594763 0.8778709769248962 11
1739986595860 0.9016661047935486 12
1739986596953 0.8883338570594788 13
1739986598042 0.865736186504364 14
1739986599136 0.9072798490524292 15
1739986600225 0.9568381905555725 16
1739986601322 0.9036061763763428 17
1739986602417 0.9018827676773071 18
1739986603516 0.9418818950653076 19
1739986604609 0.9150272607803345 20
1739986605703 0.9547098875045776 21
1739986606798 0.9020911455154419 22
1739986607892 0.27991586923599243 23
1739986608981 0.7799263000488281 24
1739986610081 0.0 25
1739986611177 0.1392935812473297 26
1739986612272 0.43670788407325745 27
1739986613365 0.8450058102607727 28
1739986614464 0.28553420305252075 29
1739986615564 0.5534188151359558 30
1739986616663 0.4191364347934723 31
1739986617762 0.997558057308197 32
1739986618854 0.7314440011978149 33
1739986619951 0.7232995629310608 34
1739986621049 0.261547327041626 35
1739986622144 0.8413851261138916 36
1739986623242 0.9966798424720764 37
1739986624340 0.1215880960226059 38
1739986625430 0.7085422873497009 39
1739986626524 0.23076924681663513 40
1739986627619 0.6883289217948914 41
1739986628710 1.0 42
1739986629806 0.5258241891860962 43
1739986630901 0.0 44
1739986632002 0.884615421295166 45
1739986633099 0.5470366477966309 46
1739986634191 0.4822954833507538 47
1739986635290 0.259520560503006 48
1739986636391 0.0 49
1739986637489 0.8012117743492126 50
1739986638587 0.9572935700416565 51
1739986639687 0.029436573386192322 52
1739986640786 0.8795433640480042 53
1739986641880 1.0 54
1739986642974 0.2125874161720276 55
1739986644071 0.516664981842041 56
1739986645172 0.9756464958190918 57
1739986646266 0.14764268696308136 58
1739986647354 0.6613088846206665 59
1739986648453 1.0 60
1739986649557 0.7640156745910645 61
1739986650659 0.40594667196273804 62
1739986651760 0.039790865033864975 63
1739986652859 0.0 64
1739986653955 0.7899618148803711 65
1739986655055 1.0 66
1739986656157 0.19093407690525055 67
1739986657250 0.0 68
1739986658344 0.9502263069152832 69
1739986659439 1.0 70
1739986660533 0.18417198956012726 71
1739986661626 0.05103601887822151 72
1739986662725 0.5080658197402954 73
1739986663817 0.4508165121078491 74
1739986664910 0.3100834786891937 75
1739986666005 0.8508459329605103 76
1739986667101 0.5950921177864075 77
1739986668192 0.28482332825660706 78
1739986669288 0.46086063981056213 79
1739986670384 0.27276912331581116 80
1739986671479 0.7329108715057373 81
1739986672577 0.1535114198923111 82
1739986673673 0.0 83
1739986674764 0.0 84
1739986675859 0.5613007545471191 85
1739986676952 1.0 86
1739986678047 0.6214836239814758 87
1739986679140 0.12313973158597946 88
1739986680234 0.7422415018081665 89
1739986681334 0.2748468518257141 90
1739986682437 0.2928248941898346 91
1739986683535 0.011112862266600132 92
1739986684633 0.32499101758003235 93
1739986685727 0.7039507627487183 94
1739986686822 0.9971067905426025 95
1739986687917 0.7666088342666626 96
1739986689009 0.0536767803132534 97
1739986690106 0.012687595561146736 98
1739986691200 0.5614232420921326 99
