1739987566591 0.4609217643737793 0
1739987568149 0.6503267884254456 1
1739987569705 0.40790045261383057 2
1739987571264 0.6261587142944336 3
1739987572807 0.4162640869617462 4
1739987574370 0.14742383360862732 5
1739987575913 0.5511330366134644 6
1739987577464 0.6990436911582947 7
1739987579013 0.4523809254169464 8
1739987580557 0.36636677384376526 9
1739987582097 0.591484785079956 10
1739987583640 0.5125448107719421 11
1739987585182 0.5629112124443054 12
1739987586724 0.33337220549583435 13
1739987588267 0.7624521255493164 14
1739987589809 0.0 15
1739987591347 0.6723534464836121 16
1739987592893 0.323123574256897 17
1739987594434 0.3666524291038513 18
1739987595979 0.7144653797149658 19
1739987597522 0.5833836793899536 20
1739987599065 0.27188554406166077 21
1739987600606 0.5910747051239014 22
1739987602130 0.05636071041226387 23
1739987603643 0.341017484664917 24
1739987605202 0.415469229221344 25
1739987606744 0.4057087302207947 26
1739987608291 0.2222222238779068 27
1739987609845 0.6365315318107605 28
1739987611382 0.3652510643005371 29
1739987612923 0.6666666865348816 30
1739987614473 0.26338353753089905 31
1739987616017 0.7777777910232544 32
1739987617559 0.11287478357553482 33
1739987619108 0.9974747896194458 34
1739987620646 0.6233513951301575 35
1739987622194 0.0 36
1739987623742 0.2341880351305008 37
1739987625286 1.0 38
1739987626831 0.03472791984677315 39
1739987628375 0.9162112474441528 40
1739987629919 0.832846462726593 41
1739987631465 0.1412612944841385 42
1739987633006 0.4024551510810852 43
1739987634544 0.7791057229042053 44
1739987636095 1.0 45
1739987637642 0.11208576709032059 46
1739987639185 0.8095238208770752 47
1739987640732 0.5546908378601074 48
1739987642273 0.8449927568435669 49
1739987643812 0.1317015439271927 50
1739987645358 0.7489482760429382 51
1739987646902 0.0018338143127039075 52
1739987648450 0.38879653811454773 53
1739987650006 0.9949065446853638 54
1739987651552 0.23077283799648285 55
1739987653095 0.5041676759719849 56
1739987654644 1.0 57
1739987656179 0.7231860756874084 58
1739987657742 0.4987439215183258 59
1739987659287 0.6626102924346924 60
1739987660826 0.9772416353225708 61
1739987662390 0.5673545002937317 62
1739987663937 0.7826115489006042 63
1739987665484 0.9746147990226746 64
1739987667041 0.9983896613121033 65
1739987668591 0.4557170271873474 66
1739987670131 0.9641245603561401 67
1739987671679 0.17341245710849762 68
1739987673223 0.6928984522819519 69
1739987674769 0.06547936052083969 70
1739987676325 0.7709519267082214 71
1739987677868 0.4081520438194275 72
1739987679412 0.8769882321357727 73
1739987680964 0.968943178653717 74
1739987682513 0.9125866293907166 75
1739987684065 0.92017662525177 76
1739987685620 0.06071849167346954 77
1739987687164 0.0 78
1739987688714 0.7783684730529785 79
1739987690260 0.763062059879303 80
1739987691807 0.26523616909980774 81
1739987693358 0.016991766169667244 82
1739987694900 0.002096436219289899 83
1739987696414 0.479286253452301 84
1739987697957 0.035179995000362396 85
1739987699503 0.0008291873964481056 86
1739987701044 0.5076537132263184 87
1739987702589 0.7311298847198486 88
1739987704136 0.6247624158859253 89
1739987705676 0.5638654232025146 90
1739987707220 0.7294078469276428 91
1739987708763 0.9211417436599731 92
1739987710304 0.25062447786331177 93
1739987711857 0.6310450434684753 94
1739987713398 0.5110369920730591 95
1739987714941 0.7389714121818542 96
1739987716486 0.9857618808746338 97
1739987718032 0.9974220991134644 98
1739987719573 0.9890842437744141 99
