1739987566591 0.546009361743927 0
1739987568149 0.3454785943031311 1
1739987569705 0.5826177597045898 2
1739987571264 0.37125492095947266 3
1739987572807 0.5828625559806824 4
1739987574370 0.8609488010406494 5
1739987575913 0.4805201590061188 6
1739987577464 0.3150855600833893 7
1739987579013 0.5486111044883728 8
1739987580557 0.6558231711387634 9
1739987582097 0.4843446910381317 10
1739987583640 0.4848484992980957 11
1739987585182 0.437349796295166 12
1739987586724 0.6658413410186768 13
1739987588267 0.2380952388048172 14
1739987589809 1.0 15
1739987591347 0.3263438642024994 16
1739987592893 0.68013596534729 17
1739987594434 0.6283212304115295 18
1739987595979 0.2757444381713867 19
1739987597522 0.42485323548316956 20
1739987599065 0.7267025113105774 21
1739987600606 0.41210615634918213 22
1739987602130 0.944444477558136 23
1739987603643 0.661701500415802 24
1739987605202 0.5880544781684875 25
1739987606744 0.5853615999221802 26
1739987608291 0.7777777910232544 27
1739987609845 0.35001832246780396 28
1739987611382 0.631944477558136 29
1739987612923 0.33151185512542725 30
1739987614473 0.7494773268699646 31
1739987616017 0.2222222238779068 32
1739987617559 0.8888888955116272 33
1739987619108 0.0 34
1739987620646 0.3864467144012451 35
1739987622194 1.0 36
1739987623742 0.7680776119232178 37
1739987625286 0.0 38
1739987626831 0.978344202041626 39
1739987628375 0.07877280563116074 40
1739987629919 0.16572615504264832 41
1739987631465 0.8591269850730896 42
1739987633006 0.5974501371383667 43
1739987634544 0.2244301438331604 44
1739987636095 0.0 45
1739987637642 0.8857589960098267 46
1739987639185 0.19658119976520538 47
1739987640732 0.44904083013534546 48
1739987642273 0.1557069569826126 49
1739987643812 0.892491340637207 50
1739987645358 0.24422165751457214 51
1739987646902 1.0 52
1739987648450 0.6121832728385925 53
1739987650006 0.010319368913769722 54
1739987651552 0.7767257690429688 55
1739987653095 0.498736709356308 56
1739987654644 0.0 57
1739987656179 0.27298152446746826 58
1739987657742 0.5068782567977905 59
1739987659287 0.33976852893829346 60
1739987660826 0.026063723489642143 61
1739987662390 0.4262310266494751 62
1739987663937 0.22251971065998077 63
1739987665484 0.02120327763259411 64
1739987667041 0.0009416195680387318 65
1739987668591 0.5606928467750549 66
1739987670131 0.04500164836645126 67
1739987671679 0.8201010823249817 68
1739987673223 0.29623281955718994 69
1739987674769 0.9323441386222839 70
1739987676325 0.2267676740884781 71
1739987677868 0.6074737906455994 72
1739987679412 0.1289328634738922 73
1739987680964 0.008905080147087574 74
1739987682513 0.09459099918603897 75
1739987684065 0.08512205630540848 76
1739987685620 0.938808262348175 77
1739987687164 1.0 78
1739987688714 0.22336483001708984 79
1739987690260 0.2331240177154541 80
1739987691807 0.7555010318756104 81
1739987693358 0.9590082168579102 82
1739987694900 0.9933233261108398 83
1739987696414 0.5320432782173157 84
1739987697957 0.9674469828605652 85
1739987699503 0.9992063641548157 86
1739987701044 0.49581825733184814 87
1739987702589 0.2591201066970825 88
1739987704136 0.37983107566833496 89
1739987705676 0.4548048973083496 90
1739987707220 0.28932860493659973 91
1739987708763 0.08280027657747269 92
1739987710304 0.7529869079589844 93
1739987711857 0.3754916787147522 94
1739987713398 0.49749013781547546 95
1739987714941 0.255738765001297 96
1739987716486 0.010225431062281132 97
1739987718032 0.0036422694101929665 98
1739987719573 0.011684027500450611 99
