1739990595877 0.49090486764907837 0
1739990596366 0.5303192138671875 1
1739990596850 0.7047297358512878 2
1739990597330 0.7063943147659302 3
1739990597808 0.7662672996520996 4
1739990598285 0.7546710968017578 5
1739990598765 0.7293793559074402 6
1739990599247 0.7409958839416504 7
1739990599727 0.7306020259857178 8
1739990600213 0.7213021516799927 9
1739990600695 0.796322226524353 10
1739990601176 0.8175079226493835 11
1739990601658 0.898017168045044 12
1739990602139 0.8971116542816162 13
1739990602622 0.8936922550201416 14
1739990603103 0.9521178603172302 15
1739990603586 0.9256569743156433 16
1739990604069 0.9462332725524902 17
1739990604554 0.9473352432250977 18
1739990605034 0.9648233652114868 19
1739990605516 0.9842185378074646 20
1739990605993 0.969975471496582 21
1739990606471 1.0 22
1739990606952 0.9593499898910522 23
1739990607434 0.9803640246391296 24
1739990607913 0.9794721603393555 25
1739990608391 0.9805953502655029 26
1739990608865 0.9944444894790649 27
1739990609344 1.0 28
1739990609822 1.0 29
1739990610299 0.9875000715255737 30
1739990610776 1.0 31
1739990611254 0.9840390086174011 32
1739990611740 0.986923098564148 33
1739990612222 0.9947916865348816 34
1739990612699 1.0 35
1739990613181 0.9903501868247986 36
1739990613664 1.0 37
1739990614145 0.9695011377334595 38
1739990614625 0.9947916865348816 39
1739990615105 0.9800578951835632 40
1739990615587 1.0 41
1739990616068 0.9914530515670776 42
1739990616552 0.9935897588729858 43
1739990617033 0.9862513542175293 44
1739990617518 0.9947916865348816 45
1739990617999 0.9947916865348816 46
1739990618480 0.995238184928894 47
1739990618960 0.9949495196342468 48
1739990619441 1.0 49
1739990619924 1.0 50
1739990620402 0.978778600692749 51
1739990620873 0.9894909858703613 52
1739990621356 1.0 53
1739990621833 0.9949495196342468 54
1739990622312 0.9855324625968933 55
1739990622788 0.9893226623535156 56
1739990623263 1.0 57
1739990623741 1.0 58
1739990624220 0.9853102564811707 59
1739990624697 0.9953703880310059 60
1739990625174 1.0 61
1739990625651 0.9935897588729858 62
1739990626126 1.0 63
1739990626601 0.9901961088180542 64
1739990627079 0.9944444894790649 65
1739990627557 1.0 66
1739990628035 0.9885510802268982 67
1739990628512 0.9781362414360046 68
1739990628990 0.9946236610412598 69
1739990629468 0.9889601469039917 70
1739990629947 0.9954954981803894 71
1739990630422 0.9875862002372742 72
1739990630899 1.0 73
1739990631379 0.9940476417541504 74
1739990631858 0.9903361201286316 75
1739990632340 0.9840232729911804 76
1739990632823 0.9876374006271362 77
1739990633306 0.9811323881149292 78
1739990633788 0.9879197478294373 79
1739990634268 0.9892473220825195 80
1739990634753 1.0 81
1739990635236 1.0 82
1739990635714 0.993055522441864 83
1739990636196 0.9858517646789551 84
1739990636675 0.9906084537506104 85
1739990637154 0.9950980544090271 86
1739990637636 0.9949495196342468 87
1739990638117 0.9896825551986694 88
1739990638601 0.9837088584899902 89
1739990639078 0.984375 90
1739990639555 0.9812169075012207 91
1739990640035 0.9811315536499023 92
1739990640520 0.9895424842834473 93
1739990641003 0.9952380657196045 94
1739990641483 0.987777829170227 95
1739990641963 0.9819521903991699 96
1739990642446 0.9840232729911804 97
1739990642924 0.9864583015441895 98
1739990643406 0.9740259647369385 99
