1739990595877 0.5023351907730103 0
1739990596366 0.5305383205413818 1
1739990596850 0.5997176170349121 2
1739990597330 0.6168328523635864 3
1739990597808 0.6775597333908081 4
1739990598285 0.7271096110343933 5
1739990598765 0.7495903968811035 6
1739990599247 0.7709815502166748 7
1739990599727 0.7747926115989685 8
1739990600213 0.8134943246841431 9
1739990600695 0.8356953859329224 10
1739990601176 0.8428845405578613 11
1739990601658 0.8431895971298218 12
1739990602139 0.8986868262290955 13
1739990602622 0.909916341304779 14
1739990603103 0.875575065612793 15
1739990603586 0.9190847277641296 16
1739990604069 0.8971440196037292 17
1739990604554 0.9182281494140625 18
1739990605034 0.9285153150558472 19
1739990605516 0.9102348685264587 20
1739990605993 0.9338096976280212 21
1739990606471 0.9314643144607544 22
1739990606952 0.9506673216819763 23
1739990607434 0.9364466667175293 24
1739990607913 0.9320799708366394 25
1739990608391 0.9608283042907715 26
1739990608865 0.9555782079696655 27
1739990609344 0.9651281833648682 28
1739990609822 0.9639076590538025 29
1739990610299 0.9508318901062012 30
1739990610776 0.9611574411392212 31
1739990611254 0.9690248370170593 32
1739990611740 0.9590303897857666 33
1739990612222 0.9649249911308289 34
1739990612699 0.9699313044548035 35
1739990613181 0.9721765518188477 36
1739990613664 0.963691234588623 37
1739990614145 0.9560606479644775 38
1739990614625 0.9694241881370544 39
1739990615105 0.9793984293937683 40
1739990615587 0.9709419012069702 41
1739990616068 0.9698617458343506 42
1739990616552 0.9784722328186035 43
1739990617033 0.9690729975700378 44
1739990617518 0.9798445701599121 45
1739990617999 0.9745370745658875 46
1739990618480 0.965152382850647 47
1739990618960 0.9745668172836304 48
1739990619441 0.9794730544090271 49
1739990619924 0.9774172306060791 50
1739990620402 0.9716765880584717 51
1739990620873 0.9778566360473633 52
1739990621356 0.9654762148857117 53
1739990621833 0.972597599029541 54
1739990622312 0.9828692674636841 55
1739990622788 0.9834887981414795 56
1739990623263 0.9784497022628784 57
1739990623741 0.978610634803772 58
1739990624220 0.9846813678741455 59
1739990624697 0.988703727722168 60
1739990625174 0.9756132960319519 61
1739990625651 0.9856724739074707 62
1739990626126 0.9900298118591309 63
1739990626601 0.982001006603241 64
1739990627079 0.969857931137085 65
1739990627557 0.9807896018028259 66
1739990628035 1.0 67
1739990628512 0.9813271760940552 68
1739990628990 0.9814156889915466 69
1739990629468 0.9846112132072449 70
1739990629947 0.9904762506484985 71
1739990630422 0.9904762506484985 72
1739990630899 0.9880800247192383 73
1739990631379 0.984207034111023 74
1739990631858 0.9838065505027771 75
1739990632340 0.9875590205192566 76
1739990632823 0.9812170267105103 77
1739990633306 0.9773343801498413 78
1739990633788 0.9898589849472046 79
1739990634268 0.9859404563903809 80
1739990634753 0.9796380400657654 81
1739990635236 0.9751583337783813 82
1739990635714 0.9799671173095703 83
1739990636196 1.0 84
1739990636675 0.9828370809555054 85
1739990637154 0.9856724739074707 86
1739990637636 0.9764983057975769 87
1739990638117 0.982603907585144 88
1739990638601 0.9904450178146362 89
1739990639078 0.9892473220825195 90
1739990639555 0.9911095499992371 91
1739990640035 0.9912281036376953 92
1739990640520 0.9800187349319458 93
1739990641003 0.9864718317985535 94
1739990641483 0.9773942232131958 95
1739990641963 0.9845399856567383 96
1739990642446 0.9895431399345398 97
1739990642924 0.9765058755874634 98
1739990643406 0.9942528605461121 99
