1739963395264 0.3444444537162781 0
1739963399272 0.30000001192092896 1
1739963403246 0.5611111521720886 2
1739963407202 0.28333333134651184 3
1739963411060 0.43888890743255615 4
1739963414957 0.08055555820465088 5
1739963418860 0.5527777671813965 6
1739963422752 0.07222222536802292 7
1739963426717 0.03333333507180214 8
1739963430592 0.43611112236976624 9
1739963434501 0.1666666716337204 10
1739963438453 0.2666666805744171 11
1739963442347 0.49722224473953247 12
1739963446213 0.46666666865348816 13
1739963450064 0.3166666626930237 14
1739963453921 0.47777777910232544 15
1739963457867 0.29722222685813904 16
1739963461798 0.3222222328186035 17
1739963465634 0.3166666626930237 18
1739963469487 0.4750000238418579 19
1739963473498 0.4055555760860443 20
1739963477434 0.04444444552063942 21
1739963481331 0.06111111119389534 22
1739963485189 0.11944444477558136 23
1739963489108 0.39722222089767456 24
1739963492977 0.25 25
1739963496858 0.644444465637207 26
1739963500856 0.5916666984558105 27
1739963504720 0.5555555820465088 28
1739963508569 0.32777777314186096 29
1739963512576 0.699999988079071 30
1739963516483 0.7777777910232544 31
1739963520342 0.4166666865348816 32
1739963524339 0.45000001788139343 33
1739963528198 0.5944444537162781 34
1739963532112 0.4694444537162781 35
1739963536026 0.5611111521720886 36
1739963539932 0.7666667103767395 37
1739963543822 0.42500001192092896 38
1739963547711 0.7250000238418579 39
1739963551566 0.3583333492279053 40
1739963555456 0.42777779698371887 41
1739963559397 0.5888888835906982 42
1739963563319 0.47777777910232544 43
1739963567239 0.42777779698371887 44
1739963571131 0.35555556416511536 45
1739963574939 0.22777777910232544 46
1739963578744 0.6611111164093018 47
1739963582650 0.25555557012557983 48
1739963586606 0.46388891339302063 49
1739963590647 0.6111111044883728 50
1739963594611 0.12222222238779068 51
1739963598546 0.5055555701255798 52
1739963602468 0.3305555582046509 53
1739963606387 0.6638889312744141 54
1739963610364 0.6027777791023254 55
1739963614300 0.644444465637207 56
1739963618202 0.07777778059244156 57
1739963622089 0.550000011920929 58
1739963625937 0.7055555582046509 59
1739963629773 0.4333333373069763 60
1739963633622 0.2638888955116272 61
1739963637449 0.2944444417953491 62
1739963641292 0.18333333730697632 63
1739963645155 0.1527777761220932 64
1739963649029 0.24444444477558136 65
1739963652931 0.42777779698371887 66
1739963656811 0.10277777910232544 67
1739963660678 0.25555557012557983 68
1739963664550 0.5444444417953491 69
1739963668397 0.38333335518836975 70
1739963672322 0.09166666865348816 71
1739963676214 0.1666666716337204 72
1739963680088 0.6000000238418579 73
1739963683946 0.5055555701255798 74
1739963687812 0.30277779698371887 75
1739963691670 0.0 76
1739963695511 0.0 77
1739963699395 0.07500000298023224 78
1739963703267 0.5777778029441833 79
1739963707128 0.25833332538604736 80
1739963710989 0.3222222328186035 81
1739963714965 0.2527777850627899 82
1739963718986 0.4194444417953491 83
1739963722996 0.1388888955116272 84
1739963726987 0.20000000298023224 85
1739963730899 0.22777777910232544 86
1739963734919 0.31111112236976624 87
1739963738831 0.519444465637207 88
1739963742752 0.46666666865348816 89
1739963746631 0.36666667461395264 90
1739963750476 0.17777778208255768 91
1739963754371 0.3361111283302307 92
1739963758239 0.08888889104127884 93
1739963762068 0.1388888955116272 94
1739963765899 0.36666667461395264 95
1739963769731 0.23888888955116272 96
1739963773546 0.31388890743255615 97
1739963777418 0.2888889014720917 98
1739963781256 0.47777777910232544 99
