1739963395264 0.37222224473953247 0
1739963399272 0.38333335518836975 1
1739963403246 0.15833333134651184 2
1739963407202 0.4888888895511627 3
1739963411060 0.21944445371627808 4
1739963414957 0.6166666746139526 5
1739963418860 0.1944444477558136 6
1739963422752 0.6500000357627869 7
1739963426717 0.7277777791023254 8
1739963430592 0.25 9
1739963434501 0.6333333253860474 10
1739963438453 0.46666666865348816 11
1739963442347 0.1944444477558136 12
1739963446213 0.2944444417953491 13
1739963450064 0.3638888895511627 14
1739963453921 0.236111119389534 15
1739963457867 0.45277780294418335 16
1739963461798 0.4055555760860443 17
1739963465634 0.41111111640930176 18
1739963469487 0.24444444477558136 19
1739963473498 0.3611111342906952 20
1739963477434 0.7277777791023254 21
1739963481331 0.6472222208976746 22
1739963485189 0.5361111164093018 23
1739963489108 0.35555556416511536 24
1739963492977 0.46666666865348816 25
1739963496858 0.0555555559694767 26
1739963500856 0.11666666716337204 27
1739963504720 0.1111111119389534 28
1739963508569 0.4444444477558136 29
1739963512576 0.02777777798473835 30
1739963516483 0.0 31
1739963520342 0.26944446563720703 32
1739963524339 0.30000001192092896 33
1739963528198 0.15000000596046448 34
1739963532112 0.3166666626930237 35
1739963536026 0.16111111640930176 36
1739963539932 0.0 37
1739963543822 0.24166667461395264 38
1739963547711 0.013888888992369175 39
1739963551566 0.3444444537162781 40
1739963555456 0.2611111104488373 41
1739963559397 0.14722222089767456 42
1739963563319 0.24444444477558136 43
1739963567239 0.32500001788139343 44
1739963571131 0.3222222328186035 45
1739963574939 0.5 46
1739963578744 0.07777778059244156 47
1739963582650 0.4555555582046509 48
1739963586606 0.21111111342906952 49
1739963590647 0.08611111342906952 50
1739963594611 0.6277778148651123 51
1739963598546 0.20555555820465088 52
1739963602468 0.3333333432674408 53
1739963606387 0.07777778059244156 54
1739963610364 0.13055555522441864 55
1739963614300 0.10555555671453476 56
1739963618202 0.6527777910232544 57
1739963622089 0.20000000298023224 58
1739963625937 0.03888889029622078 59
1739963629773 0.31388890743255615 60
1739963633622 0.48055556416511536 61
1739963637449 0.4555555582046509 62
1739963641292 0.5222222208976746 63
1739963645155 0.5527777671813965 64
1739963649029 0.5027778148651123 65
1739963652931 0.2944444417953491 66
1739963656811 0.644444465637207 67
1739963660678 0.42500001192092896 68
1739963664550 0.20000000298023224 69
1739963668397 0.3222222328186035 70
1739963672322 0.5972222089767456 71
1739963676214 0.5638889074325562 72
1739963680088 0.10833333432674408 73
1739963683946 0.2611111104488373 74
1739963687812 0.36666667461395264 75
1739963691670 0.7583333253860474 76
1739963695511 0.7222222685813904 77
1739963699395 0.6611111164093018 78
1739963703267 0.15555556118488312 79
1739963707128 0.4833333492279053 80
1739963710989 0.42500001192092896 81
1739963714965 0.4138889014720917 82
1739963718986 0.2777777910232544 83
1739963722996 0.5833333730697632 84
1739963726987 0.5 85
1739963730899 0.4583333432674408 86
1739963734919 0.4611111283302307 87
1739963738831 0.16388888657093048 88
1739963742752 0.21944445371627808 89
1739963746631 0.3611111342906952 90
1739963750476 0.5611111521720886 91
1739963754371 0.4000000059604645 92
1739963758239 0.6305555701255798 93
1739963762068 0.5944444537162781 94
1739963765899 0.3638888895511627 95
1739963769731 0.47777777910232544 96
1739963773546 0.4166666865348816 97
1739963777418 0.4305555522441864 98
1739963781256 0.23888888955116272 99
