1739979190971 0.3444444537162781 0
1739979194911 0.30000001192092896 1
1739979198900 0.5611111521720886 2
1739979202812 0.28333333134651184 3
1739979206726 0.43888890743255615 4
1739979210695 0.08055555820465088 5
1739979214599 0.5527777671813965 6
1739979218561 0.07222222536802292 7
1739979222480 0.03333333507180214 8
1739979226378 0.43611112236976624 9
1739979230374 0.1666666716337204 10
1739979234287 0.2666666805744171 11
1739979238162 0.49722224473953247 12
1739979242128 0.46666666865348816 13
1739979246036 0.3166666626930237 14
1739979249951 0.47777777910232544 15
1739979253925 0.29722222685813904 16
1739979257863 0.3222222328186035 17
1739979261762 0.3166666626930237 18
1739979265647 0.4750000238418579 19
1739979269521 0.4055555760860443 20
1739979273501 0.04444444552063942 21
1739979277400 0.06111111119389534 22
1739979281313 0.11944444477558136 23
1739979285203 0.39722222089767456 24
1739979289089 0.25 25
1739979293023 0.644444465637207 26
1739979296946 0.5916666984558105 27
1739979300878 0.5555555820465088 28
1739979304879 0.32777777314186096 29
1739979308801 0.699999988079071 30
1739979312705 0.7777777910232544 31
1739979316622 0.4166666865348816 32
1739979320563 0.45000001788139343 33
1739979324482 0.5944444537162781 34
1739979328390 0.4694444537162781 35
1739979332287 0.5611111521720886 36
1739979336141 0.7666667103767395 37
1739979340057 0.42500001192092896 38
1739979344010 0.7250000238418579 39
1739979347905 0.3583333492279053 40
1739979351838 0.42777779698371887 41
1739979355761 0.5888888835906982 42
1739979359673 0.47777777910232544 43
1739979363575 0.42777779698371887 44
1739979367482 0.35555556416511536 45
1739979371396 0.22777777910232544 46
1739979375353 0.6611111164093018 47
1739979379229 0.25555557012557983 48
1739979383125 0.46388891339302063 49
1739979387055 0.6111111044883728 50
1739979390961 0.12222222238779068 51
1739979394873 0.5055555701255798 52
1739979398757 0.3305555582046509 53
1739979402642 0.6638889312744141 54
1739979406564 0.6027777791023254 55
1739979410451 0.644444465637207 56
1739979414394 0.07777778059244156 57
1739979418316 0.550000011920929 58
1739979422258 0.7055555582046509 59
1739979426188 0.4333333373069763 60
1739979430117 0.2638888955116272 61
1739979434099 0.2944444417953491 62
1739979438054 0.18333333730697632 63
1739979442085 0.1527777761220932 64
1739979446021 0.24444444477558136 65
1739979449945 0.42777779698371887 66
1739979453853 0.10277777910232544 67
1739979457869 0.25555557012557983 68
1739979461811 0.5444444417953491 69
1739979465850 0.38333335518836975 70
1739979469778 0.09166666865348816 71
1739979473727 0.1666666716337204 72
1739979477645 0.6000000238418579 73
1739979481556 0.5055555701255798 74
1739979485571 0.30277779698371887 75
1739979489477 0.0 76
1739979493384 0.0 77
1739979497281 0.07500000298023224 78
1739979501254 0.5777778029441833 79
1739979505136 0.25833332538604736 80
1739979509028 0.3222222328186035 81
1739979512990 0.2527777850627899 82
1739979516926 0.4194444417953491 83
1739979520792 0.1388888955116272 84
1739979524765 0.20000000298023224 85
1739979528639 0.22777777910232544 86
1739979532549 0.31111112236976624 87
1739979536449 0.519444465637207 88
1739979540364 0.46666666865348816 89
1739979544251 0.36666667461395264 90
1739979548139 0.17777778208255768 91
1739979552056 0.3361111283302307 92
1739979555938 0.08888889104127884 93
1739979559791 0.1388888955116272 94
1739979563656 0.36666667461395264 95
1739979567530 0.23888888955116272 96
1739979571408 0.31388890743255615 97
1739979575265 0.2888889014720917 98
1739979579147 0.47777777910232544 99
