1739979190971 0.37222224473953247 0
1739979194911 0.38333335518836975 1
1739979198900 0.15833333134651184 2
1739979202812 0.4888888895511627 3
1739979206726 0.21944445371627808 4
1739979210695 0.6166666746139526 5
1739979214599 0.1944444477558136 6
1739979218561 0.6500000357627869 7
1739979222480 0.7277777791023254 8
1739979226378 0.25 9
1739979230374 0.6333333253860474 10
1739979234287 0.46666666865348816 11
1739979238162 0.1944444477558136 12
1739979242128 0.2944444417953491 13
1739979246036 0.3638888895511627 14
1739979249951 0.236111119389534 15
1739979253925 0.45277780294418335 16
1739979257863 0.4055555760860443 17
1739979261762 0.41111111640930176 18
1739979265647 0.24444444477558136 19
1739979269521 0.3611111342906952 20
1739979273501 0.7277777791023254 21
1739979277400 0.6472222208976746 22
1739979281313 0.5361111164093018 23
1739979285203 0.35555556416511536 24
1739979289089 0.46666666865348816 25
1739979293023 0.0555555559694767 26
1739979296946 0.11666666716337204 27
1739979300878 0.1111111119389534 28
1739979304879 0.4444444477558136 29
1739979308801 0.02777777798473835 30
1739979312705 0.0 31
1739979316622 0.26944446563720703 32
1739979320563 0.30000001192092896 33
1739979324482 0.15000000596046448 34
1739979328390 0.3166666626930237 35
1739979332287 0.16111111640930176 36
1739979336141 0.0 37
1739979340057 0.24166667461395264 38
1739979344010 0.013888888992369175 39
1739979347905 0.3444444537162781 40
1739979351838 0.2611111104488373 41
1739979355761 0.14722222089767456 42
1739979359673 0.24444444477558136 43
1739979363575 0.32500001788139343 44
1739979367482 0.3222222328186035 45
1739979371396 0.5 46
1739979375353 0.07777778059244156 47
1739979379229 0.4555555582046509 48
1739979383125 0.21111111342906952 49
1739979387055 0.08611111342906952 50
1739979390961 0.6277778148651123 51
1739979394873 0.20555555820465088 52
1739979398757 0.3333333432674408 53
1739979402642 0.07777778059244156 54
1739979406564 0.13055555522441864 55
1739979410451 0.10555555671453476 56
1739979414394 0.6527777910232544 57
1739979418316 0.20000000298023224 58
1739979422258 0.03888889029622078 59
1739979426188 0.31388890743255615 60
1739979430117 0.48055556416511536 61
1739979434099 0.4555555582046509 62
1739979438054 0.5222222208976746 63
1739979442085 0.5527777671813965 64
1739979446021 0.5027778148651123 65
1739979449945 0.2944444417953491 66
1739979453853 0.644444465637207 67
1739979457869 0.42500001192092896 68
1739979461811 0.20000000298023224 69
1739979465850 0.3222222328186035 70
1739979469778 0.5972222089767456 71
1739979473727 0.5638889074325562 72
1739979477645 0.10833333432674408 73
1739979481556 0.2611111104488373 74
1739979485571 0.36666667461395264 75
1739979489477 0.7583333253860474 76
1739979493384 0.7222222685813904 77
1739979497281 0.6611111164093018 78
1739979501254 0.15555556118488312 79
1739979505136 0.4833333492279053 80
1739979509028 0.42500001192092896 81
1739979512990 0.4138889014720917 82
1739979516926 0.2777777910232544 83
1739979520792 0.5833333730697632 84
1739979524765 0.5 85
1739979528639 0.4583333432674408 86
1739979532549 0.4611111283302307 87
1739979536449 0.16388888657093048 88
1739979540364 0.21944445371627808 89
1739979544251 0.3611111342906952 90
1739979548139 0.5611111521720886 91
1739979552056 0.4000000059604645 92
1739979555938 0.6305555701255798 93
1739979559791 0.5944444537162781 94
1739979563656 0.3638888895511627 95
1739979567530 0.47777777910232544 96
1739979571408 0.4166666865348816 97
1739979575265 0.4305555522441864 98
1739979579147 0.23888888955116272 99
