1739979597161 0.7196733402709167 0
1739979601104 0.7062187429931429 1
1739979605046 0.6937740832567215 2
1739979609008 0.6937176860041089 3
1739979612928 0.693737989001804 4
1739979616841 0.6943263163169225 5
1739979620804 0.693968935476409 6
1739979624709 0.6940188934405644 7
1739979628682 0.6962955600685543 8
1739979632583 0.6941682550642225 9
1739979636472 0.6934866716464361 10
1739979640386 0.6935810082488589 11
1739979644304 0.6949641681379742 12
1739979648189 0.6941381093528536 13
1739979652086 0.6935649699634976 14
1739979655977 0.6946313470602036 15
1739979659869 0.6950516478882895 16
1739979663758 0.694252066148652 17
1739979667675 0.6962678008609348 18
1739979671566 0.6941421346531974 19
1739979675472 0.6969155447350608 20
1739979679390 0.694776549604204 21
1739979683336 0.6941858337985145 22
1739979687403 0.6933703601360321 23
1739979691349 0.693397636546029 24
1739979695282 0.693995440337393 25
1739979699223 0.6955877403418224 26
1739979703166 0.69431155886915 27
1739979707139 0.6933976570765178 28
1739979711091 0.6934025082323286 29
1739979714963 0.6953705463144514 30
1739979718860 0.6939911077419917 31
1739979722750 0.6945653935273488 32
1739979726638 0.698055848148134 33
1739979730557 0.694793309768041 34
1739979734448 0.693272559510337 35
1739979738317 0.6933275673124525 36
1739979742230 0.6934617218044069 37
1739979746133 0.6934254239002864 38
1739979750074 0.6933923737870322 39
1739979753956 0.6935060875283348 40
1739979757842 0.6940995534261067 41
1739979761760 0.6938851237297058 42
1739979765675 0.6937792321046193 43
1739979769600 0.6946425153149499 44
1739979773490 0.6939711391925811 45
1739979777369 0.6946953253613578 46
1739979781246 0.6956793384419547 47
1739979785143 0.6943415254354477 48
1739979789028 0.6934186134073469 49
1739979793055 0.6936300850576824 50
1739979796995 0.6953391462564469 51
1739979800879 0.6942406790124045 52
1739979804790 0.6933360907766554 53
1739979808662 0.6935508512788349 54
1739979812576 0.6934761067231496 55
1739979816519 0.6935132361120648 56
1739979820385 0.6937381270858977 57
1739979824255 0.6936310003201167 58
1739979828148 0.6941777050495148 59
1739979832042 0.6937249130672879 60
1739979836009 0.6938580738173591 61
1739979840008 0.6934738218784332 62
1739979843986 0.6940496497684054 63
1739979847877 0.6934246997038523 64
1739979851797 0.6934125542640686 65
1739979855684 0.6952420423428217 66
1739979859615 0.6956224140193727 67
1739979863610 0.6940925627946853 68
1739979867490 0.6933247950341966 69
1739979871441 0.6933321360084745 70
1739979875340 0.6933681365516451 71
1739979879229 0.6934288160668479 72
1739979883209 0.6937807583146625 73
1739979887088 0.6937324742476145 74
1739979890994 0.6939374284611808 75
1739979894899 0.6934567670027415 76
1739979898783 0.693353361222479 77
1739979902687 0.6940942979521222 78
1739979906631 0.6936684730980132 79
1739979910544 0.6935574332873027 80
1739979914416 0.6939139452245501 81
1739979918297 0.6934219631883833 82
1739979922177 0.6933297955327564 83
1739979926068 0.6936228467358483 84
1739979929987 0.6938933806286918 85
1739979933877 0.6947601406110657 86
1739979937803 0.6940394957860311 87
1739979941658 0.6936488747596741 88
1739979945563 0.6943828344345093 89
1739979949599 0.6939277129040824 90
1739979953597 0.6935354659954707 91
1739979957477 0.6933639996581608 92
1739979961340 0.693335951699151 93
1739979965241 0.6957111057307985 94
1739979969140 0.6944887197679943 95
1739979973183 0.6939774715238147 96
1739979977092 0.693309039870898 97
1739979981020 0.6933083431588278 98
1739979984946 0.6932803935474819 99
