1739982846183 0.4077490568161011 0
1739982863715 0.2091020941734314 1
1739982881069 0.2429274171590805 2
1739982898762 0.12484624236822128 3
1739982916412 0.3271832764148712 4
1739982933948 0.20848707854747772 5
1739982951374 0.5190652012825012 6
1739982968789 0.1494464874267578 7
1739982986591 0.3111931085586548 8
1739983004299 0.3142681419849396 9
1739983022226 0.284747838973999 10
1739983040024 0.3130381107330322 11
1739983057837 0.18880689144134521 12
1739983075594 0.13468635082244873 13
1739983093245 0.44833946228027344 14
1739983110815 0.12792128324508667 15
1739983128609 0.5448954105377197 16
1739983146473 0.454489529132843 17
1739983164381 0.2749077379703522 18
1739983182323 0.5553505420684814 19
1739983200325 0.4723247289657593 20
1739983218148 0.49015989899635315 21
1739983235938 0.5473554730415344 22
1739983254078 0.2687576711177826 23
1739983272265 0.22140221297740936 24
1739983290024 0.41143912076950073 25
1739983307545 0.41082409024238586 26
1739983324960 0.6273062825202942 27
1739983342592 0.1439114362001419 28
1739983360285 0.300123006105423 29
1739983377995 0.17712177336215973 30
1739983395801 0.3874538540840149 31
1739983413642 0.16789667308330536 32
1739983431441 0.04428044334053993 33
1739983448896 0.3136531412601471 34
1739983466003 0.48462483286857605 35
1739983483109 0.21402212977409363 36
1739983500255 0.24969248473644257 37
1739983518047 0.22755226492881775 38
1739983535950 0.17712177336215973 39
1739983554129 0.43911439180374146 40
1739983571891 0.1980319768190384 41
1739983589306 0.5510454773902893 42
1739983606821 0.5295202732086182 43
1739983624289 0.23370233178138733 44
1739983642278 0.5768757462501526 45
1739983660497 0.43911439180374146 46
1739983678590 0.33517834544181824 47
1739983696568 0.3677736818790436 48
1739983714257 0.13960638642311096 49
1739983731631 0.4089790880680084 50
1739983749137 0.2460024505853653 51
1739983766642 0.43419432640075684 52
1739983784150 0.25276753306388855 53
1739983801709 0.3837638199329376 54
1739983819256 0.5055350661277771 55
1739983837381 0.338253378868103 56
1739983855467 0.3425584137439728 57
1739983872587 0.46494463086128235 58
1739983890174 0.3622386157512665 59
1739983908032 0.35977858304977417 60
1739983925947 0.38622385263442993 61
1739983944107 0.36531364917755127 62
1739983962396 0.4095940887928009 63
1739983980517 0.4883148670196533 64
1739983998400 0.30934807658195496 65
1739984016349 0.22509224712848663 66
1739984034343 0.43050429224967957 67
1739984052301 0.617466151714325 68
1739984070584 0.25830256938934326 69
1739984088564 0.35977858304977417 70
1739984106698 0.4630996286869049 71
1739984124542 0.4741697311401367 72
1739984142448 0.5897908806800842 73
1739984160453 0.446494460105896 74
1739984178725 0.3733087182044983 75
1739984196903 0.5166051387786865 76
1739984215065 0.4286592900753021 77
1739984233240 0.49630996584892273 78
1739984251403 0.4348093271255493 79
1739984269581 0.3819188177585602 80
1739984287819 0.4440344274044037 81
1739984305887 0.24231241643428802 82
1739984324113 0.25276753306388855 83
1739984342180 0.42435422539711 84
1739984360339 0.4717096984386444 85
1739984378349 0.17097170650959015 86
1739984396043 0.4095940887928009 87
1739984413932 0.06027060002088547 88
1739984431796 0.38314881920814514 89
1739984449356 0.17712177336215973 90
1739984466796 0.4372693598270416 91
1739984484890 0.26998770236968994 92
1739984503151 0.23493234813213348 93
1739984521342 0.20787207782268524 94
1739984539423 0.47109469771385193 95
1739984557621 0.24538744986057281 96
1739984575841 0.43050429224967957 97
1739984593679 0.12238622456789017 98
1739984611566 0.3868388533592224 99
