1739982846183 0.3474784791469574 0
1739982863715 0.5036900043487549 1
1739982881069 0.5233702063560486 2
1739982898762 0.6303812861442566 3
1739982916412 0.4237392246723175 4
1739982933948 0.5141451358795166 5
1739982951374 0.25522753596305847 6
1739982968789 0.5805658102035522 7
1739982986591 0.4409593939781189 8
1739983004299 0.4434194266796112 9
1739983022226 0.454489529132843 10
1739983040024 0.4157441556453705 11
1739983057837 0.570725679397583 12
1739983075594 0.6334563493728638 13
1739983093245 0.28966790437698364 14
1739983110815 0.6107010841369629 15
1739983128609 0.20479704439640045 16
1739983146473 0.2945879399776459 17
1739983164381 0.47355473041534424 18
1739983182323 0.18696185946464539 19
1739983200325 0.26998770236968994 20
1739983218148 0.25584256649017334 21
1739983235938 0.1980319768190384 22
1739983254078 0.4950799345970154 23
1739983272265 0.5295202732086182 24
1739983290024 0.33517834544181824 25
1739983307545 0.3327183127403259 26
1739983324960 0.12238622456789017 27
1739983342592 0.5953259468078613 28
1739983360285 0.4440344274044037 29
1739983377995 0.5781057476997375 30
1739983395801 0.3763837516307831 31
1739983413642 0.561500608921051 32
1739983431441 0.6968019604682922 33
1739983448896 0.4212791919708252 34
1739983466003 0.2570725679397583 35
1739983483109 0.5282902717590332 36
1739983500255 0.4969249665737152 37
1739983518047 0.5104550719261169 38
1739983535950 0.5670356750488281 39
1739983554129 0.316113144159317 40
1739983571891 0.5492004752159119 41
1739983589306 0.18327182531356812 42
1739983606821 0.23493234813213348 43
1739983624289 0.5227552056312561 44
1739983642278 0.16051660478115082 45
1739983660497 0.3271832764148712 46
1739983678590 0.4212791919708252 47
1739983696568 0.35424354672431946 48
1739983714257 0.6014760136604309 49
1739983731631 0.3136531412601471 50
1739983749137 0.5036900043487549 51
1739983766642 0.3136531412601471 52
1739983784150 0.48708486557006836 53
1739983801709 0.3610086143016815 54
1739983819256 0.23677736520767212 55
1739983837381 0.40221402049064636 56
1739983855467 0.4015990197658539 57
1739983872587 0.284747838973999 58
1739983890174 0.34624844789505005 59
1739983908032 0.3536285161972046 60
1739983925947 0.35485854744911194 61
1739983944107 0.37207871675491333 62
1739983962396 0.3499384820461273 63
1739983980517 0.24723246693611145 64
1739983998400 0.4212791919708252 65
1739984016349 0.5307502746582031 66
1739984034343 0.33210331201553345 67
1739984052301 0.13960638642311096 68
1739984070584 0.4741697311401367 69
1739984088564 0.3960639536380768 70
1739984106698 0.25276753306388855 71
1739984124542 0.2706027030944824 72
1739984142448 0.15621155500411987 73
1739984160453 0.2853628396987915 74
1739984178725 0.34932348132133484 75
1739984196903 0.22939729690551758 76
1739984215065 0.2878228724002838 77
1739984233240 0.2429274171590805 78
1739984251403 0.32595324516296387 79
1739984269581 0.3437884449958801 80
1739984287819 0.2964329719543457 81
1739984305887 0.48154979944229126 82
1739984324113 0.47047969698905945 83
1739984342180 0.2902829051017761 84
1739984360339 0.2404673993587494 85
1739984378349 0.571955680847168 86
1739984396043 0.3388683795928955 87
1739984413932 0.6814268231391907 88
1739984431796 0.34009838104248047 89
1739984449356 0.5959409475326538 90
1739984466796 0.3284132778644562 91
1739984484890 0.46432963013648987 92
1739984503151 0.49077489972114563 93
1739984521342 0.5381303429603577 94
1739984539423 0.2650676369667053 95
1739984557621 0.5018450021743774 96
1739984575841 0.3044280409812927 97
1739984593679 0.5947109460830688 98
1739984611566 0.33148831129074097 99
