1739986365819 0.5536723136901855 0
1739986366093 0.2515723407268524 1
1739986366359 1.0 2
1739986366620 0.0765550285577774 3
1739986366879 0.5193953514099121 4
1739986367146 0.23839056491851807 5
1739986367414 1.0 6
1739986367687 0.01075268816202879 7
1739986367954 0.23890124261379242 8
1739986368222 0.9897435903549194 9
1739986368491 0.5777658224105835 10
1739986368754 0.7593247294425964 11
1739986369022 0.7881150245666504 12
1739986369292 0.7579836249351501 13
1739986369557 0.6926407217979431 14
1739986369823 0.7366890907287598 15
1739986370089 0.7612101435661316 16
1739986370354 0.5766754150390625 17
1739986370622 0.7335233688354492 18
1739986370889 0.7611876726150513 19
1739986371155 0.742412805557251 20
1739986371422 0.7487393617630005 21
1739986371689 0.6798568964004517 22
1739986371952 0.7028200626373291 23
1739986372217 0.7899757623672485 24
1739986372484 0.7318267822265625 25
1739986372752 0.7660185694694519 26
1739986373017 0.7256061434745789 27
1739986373282 0.5158041715621948 28
1739986373551 0.7350168228149414 29
1739986373818 0.7921527624130249 30
1739986374086 0.737214982509613 31
1739986374352 0.4709737300872803 32
1739986374618 0.16484418511390686 33
1739986374885 0.9946236610412598 34
1739986375152 0.3333333432674408 35
1739986375418 0.0 36
1739986375685 0.0 37
1739986375954 0.6666666865348816 38
1739986376222 1.0 39
1739986376488 1.0 40
1739986376754 1.0 41
1739986377022 0.12560386955738068 42
1739986377291 0.0 43
1739986377560 0.0 44
1739986377832 0.0 45
1739986378102 0.20555555820465088 46
1739986378368 0.9319897890090942 47
1739986378637 0.8686975240707397 48
1739986378902 0.8316497802734375 49
1739986379168 0.8668813109397888 50
1739986379433 1.0 51
1739986379699 0.32768362760543823 52
1739986379967 0.7114230394363403 53
1739986380233 0.8219975829124451 54
1739986380500 0.7544487714767456 55
1739986380766 0.4939746558666229 56
1739986381036 0.6179894208908081 57
1739986381302 0.691422700881958 58
1739986381562 0.9466666579246521 59
1739986381826 0.7892157435417175 60
1739986382093 0.17527291178703308 61
1739986382359 0.02035984955728054 62
1739986382625 0.9767526388168335 63
1739986382889 0.9846734404563904 64
1739986383156 0.6553672552108765 65
1739986383424 0.0 66
1739986383689 0.0 67
1739986383955 0.0 68
1739986384218 0.3333333432674408 69
1739986384482 1.0 70
1739986384748 1.0 71
1739986385010 1.0 72
1739986385274 0.9954338073730469 73
1739986385536 0.9940476417541504 74
1739986385803 0.01092896144837141 75
1739986386070 0.011366866528987885 76
1739986386335 0.006410256959497929 77
1739986386599 0.024816175922751427 78
1739986386861 0.012169312685728073 79
1739986387127 0.2716417908668518 80
1739986387393 0.25809213519096375 81
1739986387653 0.02228669449687004 82
1739986387919 0.011299435049295425 83
1739986388183 0.019999999552965164 84
1739986388450 0.017810160294175148 85
1739986388715 0.025652840733528137 86
1739986388983 0.023225834593176842 87
1739986389250 0.015557135455310345 88
1739986389515 0.02638889104127884 89
1739986389776 0.16486364603042603 90
1739986390041 0.029367264360189438 91
1739986390308 0.02213383838534355 92
1739986390575 0.03272101283073425 93
1739986390842 0.03258088603615761 94
1739986391100 0.020995190367102623 95
1739986391368 0.028368961066007614 96
1739986391633 0.028277110308408737 97
1739986391899 0.029726777225732803 98
1739986392163 0.039042212069034576 99
