1739986365819 0.4251207709312439 0
1739986366093 0.7843137979507446 1
1739986366359 0.0 2
1739986366620 0.9180675745010376 3
1739986366879 0.5504463911056519 4
1739986367146 0.8668524622917175 5
1739986367414 0.0 6
1739986367687 0.9791013598442078 7
1739986367954 0.8518755435943604 8
1739986368222 0.06878307461738586 9
1739986368491 0.5509834289550781 10
1739986368754 0.6557217836380005 11
1739986369022 0.7278226613998413 12
1739986369292 0.7664524912834167 13
1739986369557 0.7202417254447937 14
1739986369823 0.8289581537246704 15
1739986370089 0.8709303736686707 16
1739986370354 0.9503354430198669 17
1739986370622 0.8947259783744812 18
1739986370889 0.8608607649803162 19
1739986371155 0.9001253843307495 20
1739986371422 0.9254000186920166 21
1739986371689 0.9049320220947266 22
1739986371952 0.9340720176696777 23
1739986372217 0.8621212244033813 24
1739986372484 0.9189001321792603 25
1739986372752 0.8930050134658813 26
1739986373017 0.9145755767822266 27
1739986373282 0.9536280632019043 28
1739986373551 0.8991460800170898 29
1739986373818 0.8962689638137817 30
1739986374086 0.9127709269523621 31
1739986374352 0.9672781229019165 32
1739986374618 0.9949495196342468 33
1739986374885 0.0050505055114626884 34
1739986375152 0.6666666865348816 35
1739986375418 1.0 36
1739986375685 0.9946236610412598 37
1739986375954 0.3333333432674408 38
1739986376222 0.0 39
1739986376488 0.0 40
1739986376754 0.0 41
1739986377022 0.8926553726196289 42
1739986377291 1.0 43
1739986377560 1.0 44
1739986377832 1.0 45
1739986378102 0.9691357612609863 46
1739986378368 0.21989761292934418 47
1739986378637 0.5569444894790649 48
1739986378902 0.7368437647819519 49
1739986379168 0.6780803203582764 50
1739986379433 0.0 51
1739986379699 0.6908212900161743 52
1739986379967 0.8619269728660583 53
1739986380233 0.7209821939468384 54
1739986380500 0.7954217791557312 55
1739986380766 0.9613592028617859 56
1739986381036 0.5579185485839844 57
1739986381302 0.9433838725090027 58
1739986381562 0.24893593788146973 59
1739986381826 0.7295123338699341 60
1739986382093 0.9891592264175415 61
1739986382359 1.0 62
1739986382625 0.005376344081014395 63
1739986382889 0.006289308425039053 64
1739986383156 0.33870968222618103 65
1739986383424 1.0 66
1739986383689 1.0 67
1739986383955 1.0 68
1739986384218 0.6666666865348816 69
1739986384482 0.0 70
1739986384748 0.0 71
1739986385010 0.0 72
1739986385274 0.0 73
1739986385536 0.0 74
1739986385803 1.0 75
1739986386070 1.0 76
1739986386335 0.9935897588729858 77
1739986386599 0.9947916865348816 78
1739986386861 0.9943503141403198 79
1739986387127 0.7740113139152527 80
1739986387393 0.7163559198379517 81
1739986387653 0.9939393997192383 82
1739986387919 1.0 83
1739986388183 0.9876543879508972 84
1739986388450 0.9950248599052429 85
1739986388715 0.9949495196342468 86
1739986388983 1.0 87
1739986389250 0.9948717951774597 88
1739986389515 0.9891456961631775 89
1739986389776 0.7884018421173096 90
1739986390041 0.9947916865348816 91
1739986390308 0.9947916865348816 92
1739986390575 0.9935897588729858 93
1739986390842 0.9950248599052429 94
1739986391100 0.9903382062911987 95
1739986391368 0.9895833730697632 96
1739986391633 0.9931973218917847 97
1739986391899 0.989375114440918 98
1739986392163 0.9950980544090271 99
