1739979267696 0.27617329359054565 0
1739979292569 0.14320096373558044 1
1739979317114 0.20367029309272766 2
1739979341812 0.3188928961753845 3
1739979366750 0.2445848286151886 4
1739979391851 0.1859205812215805 5
1739979416475 0.4130565822124481 6
1739979441249 0.3667268455028534 7
1739979466271 0.1194344237446785 8
1739979491716 0.32370638847351074 9
1739979516559 0.4434416592121124 10
1739979541661 0.40102288126945496 11
1739979567505 0.3586041331291199 12
1739979594890 0.24879664182662964 13
1739979622028 0.43501806259155273 14
1739979649056 0.27677497267723083 15
1739979676174 0.3113718330860138 16
1739979703343 0.33212998509407043 17
1739979730680 0.23495788872241974 18
1739979757859 0.4966907799243927 19
1739979785238 0.4548736810684204 20
1739979812863 0.10920578241348267 21
1739979840258 0.24368230998516083 22
1739979867665 0.19885680079460144 23
1739979895134 0.22322504222393036 24
1739979922570 0.06738869100809097 25
1739979950015 0.2560168504714966 26
1739979977447 0.19043321907520294 27
1739980004860 0.16516245901584625 28
1739980032407 0.1802045702934265 29
1739980059890 0.13658243417739868 30
1739980085532 0.29843562841415405 31
1739980110983 0.26263538002967834 32
1739980136706 0.2521058917045593 33
1739980162241 0.08814681321382523 34
1739980187671 0.39831531047821045 35
1739980212860 0.2196149230003357 36
1739980237827 0.4368230998516083 37
1739980262812 0.34596872329711914 38
1739980287411 0.2978339195251465 39
1739980312278 0.317087858915329 40
1739980337138 0.26203370094299316 41
1739980362542 0.41997596621513367 42
1739980387337 0.2611311674118042 43
1739980412209 0.3188928961753845 44
1739980437182 0.24909746646881104 45
1739980462817 0.19614923000335693 46
1739980488145 0.15222623944282532 47
1739980513866 0.18832732737064362 48
1739980539177 0.2885078489780426 49
1739980564430 0.42087846994400024 50
1739980589270 0.2800842523574829 51
1739980613903 0.40974730253219604 52
1739980638558 0.2412755787372589 53
1739980663983 0.25180506706237793 54
1739980689282 0.31528279185295105 55
1739980713885 0.29031288623809814 56
1739980738561 0.339049369096756 57
1739980763258 0.1335740089416504 58
1739980788504 0.3646209239959717 59
1739980813301 0.3050541579723358 60
1739980837964 0.41756922006607056 61
1739980862566 0.18200963735580444 62
1739980887600 0.4464500844478607 63
1739980912625 0.18381468951702118 64
1739980936675 0.33243080973625183 65
1739980961764 0.17148014903068542 66
1739980986944 0.3691335618495941 67
1739981012635 0.22442841529846191 68
1739981037352 0.36010828614234924 69
1739981061905 0.26774972677230835 70
1739981086388 0.150120347738266 71
1739981111553 0.40914565324783325 72
1739981136591 0.31498196721076965 73
1739981161579 0.11070999503135681 74
1739981188366 0.3859807550907135 75
1739981215444 0.2827918231487274 76
1739981242683 0.28459692001342773 77
1739981269717 0.22563177347183228 78
1739981296741 0.33754512667655945 79
1739981323891 0.05144404247403145 80
1739981350716 0.27406740188598633 81
1739981377874 0.25661852955818176 82
1739981405673 0.40403130650520325 83
1739981433298 0.2945246696472168 84
1739981461102 0.11070999503135681 85
1739981489360 0.32129964232444763 86
1739981517682 0.3273164927959442 87
1739981545811 0.333032488822937 88
1739981573970 0.23435620963573456 89
1739981601846 0.288808673620224 90
1739981630211 0.17629362642765045 91
1739981658396 0.3032490909099579 92
1739981686656 0.23375451564788818 93
1739981715010 0.29332131147384644 94
1739981743549 0.3050541579723358 95
1739981772201 0.15673889219760895 96
1739981800793 0.2472924143075943 97
1739981829405 0.2632370889186859 98
1739981858082 0.2527075707912445 99
