1739979267696 0.31859204173088074 0
1739979292569 0.4476534128189087 1
1739979317114 0.3889891803264618 2
1739979341812 0.27316486835479736 3
1739979366750 0.34536704421043396 4
1739979391851 0.41516247391700745 5
1739979416475 0.18802648782730103 6
1739979441249 0.2135980874300003 7
1739979466271 0.4741275906562805 8
1739979491716 0.26474127173423767 9
1739979516559 0.13507822155952454 10
1739979541661 0.17599277198314667 11
1739979567505 0.21450062096118927 12
1739979594890 0.3246089220046997 13
1739979622028 0.1720818430185318 14
1739979649056 0.29873645305633545 15
1739979676174 0.2749699354171753 16
1739979703343 0.24759326875209808 17
1739979730680 0.34807461500167847 18
1739979757859 0.08182912319898605 19
1739979785238 0.12394706159830093 20
1739979812863 0.4666064977645874 21
1739979840258 0.33122745156288147 22
1739979867665 0.389590859413147 23
1739979895134 0.3634175956249237 24
1739979922570 0.522864043712616 25
1739979950015 0.3143802583217621 26
1739979977447 0.3938026428222656 27
1739980004860 0.3950060307979584 28
1739980032407 0.38718411326408386 29
1739980059890 0.4356197416782379 30
1739980085532 0.2662455141544342 31
1739980110983 0.32099881768226624 32
1739980136706 0.3074609041213989 33
1739980162241 0.49007219076156616 34
1739980187671 0.1747894138097763 35
1739980212860 0.34356197714805603 36
1739980237827 0.1413959115743637 37
1739980262812 0.2412755787372589 38
1739980287411 0.2662454843521118 39
1739980312278 0.2689530551433563 40
1739980337138 0.32581228017807007 41
1739980362542 0.16275572776794434 42
1739980387337 0.3188929259777069 43
1739980412209 0.25180506706237793 44
1739980437182 0.3222021758556366 45
1739980462817 0.38537904620170593 46
1739980488145 0.433513879776001 47
1739980513866 0.4028279185295105 48
1739980539177 0.2833935022354126 49
1739980564430 0.15944644808769226 50
1739980589270 0.3116726875305176 51
1739980613903 0.15974728763103485 52
1739980638558 0.34867632389068604 53
1739980663983 0.32671481370925903 54
1739980689282 0.24759326875209808 55
1739980713885 0.3023465573787689 56
1739980738561 0.23947052657604218 57
1739980763258 0.45367029309272766 58
1739980788504 0.2193140834569931 59
1739980813301 0.2749699354171753 60
1739980837964 0.17539110779762268 61
1739980862566 0.4025270640850067 62
1739980887600 0.13507823646068573 63
1739980912625 0.40403130650520325 64
1739980936675 0.24518653750419617 65
1739980961764 0.4142599403858185 66
1739980986944 0.22623346745967865 67
1739981012635 0.3577015995979309 68
1739981037352 0.21750903129577637 69
1739981061905 0.3225030303001404 70
1739981086388 0.4440433382987976 71
1739981111553 0.17990374565124512 72
1739981136591 0.2584235966205597 73
1739981161579 0.48405539989471436 74
1739981188366 0.19554753601551056 75
1739981215444 0.3047533333301544 76
1739981242683 0.2915162444114685 77
1739981269717 0.3631167411804199 78
1739981296741 0.261432021856308 79
1739981323891 0.5361011028289795 80
1739981350716 0.317087858915329 81
1739981377874 0.3300240933895111 82
1739981405673 0.17569194734096527 83
1739981433298 0.29362213611602783 84
1739981461102 0.4741275906562805 85
1739981489360 0.25421181321144104 86
1739981517682 0.2590252757072449 87
1739981545811 0.22593261301517487 88
1739981573970 0.34867629408836365 89
1739981601846 0.29542723298072815 90
1739981630211 0.40974730253219604 91
1739981658396 0.2858002483844757 92
1739981686656 0.3525872528553009 93
1739981715010 0.2918170988559723 94
1739981743549 0.2635379135608673 95
1739981772201 0.4133574366569519 96
1739981800793 0.3408544063568115 97
1739981829405 0.3279181718826294 98
1739981858082 0.3414560854434967 99
