1739985840669 0.5027778148651123 0
1739985844757 0.21666666865348816 1
1739985848872 0.14166666567325592 2
1739985852951 0.4305555522441864 3
1739985857035 0.0 4
1739985861119 0.23888888955116272 5
1739985865204 0.3222222328186035 6
1739985869266 0.21111111342906952 7
1739985873361 0.2888889014720917 8
1739985877480 0.2638888955116272 9
1739985881569 0.20000000298023224 10
1739985885690 0.08888889104127884 11
1739985889764 0.07222222536802292 12
1739985893844 0.12222222238779068 13
1739985897945 0.21388889849185944 14
1739985902018 0.34166666865348816 15
1739985906071 0.30277779698371887 16
1739985910136 0.4611111283302307 17
1739985914194 0.38333335518836975 18
1739985918267 0.6833333373069763 19
1739985922339 0.25833332538604736 20
1739985926416 0.3444444537162781 21
1739985930492 0.38055557012557983 22
1739985934565 0.75 23
1739985938632 0.6916666626930237 24
1739985942744 0.7166666984558105 25
1739985946818 0.6388888955116272 26
1739985950912 0.03888889029622078 27
1739985955028 0.5666666626930237 28
1739985959071 0.35555556416511536 29
1739985963087 0.22500000894069672 30
1739985967110 0.5 31
1739985971134 0.5888888835906982 32
1739985975149 0.3083333373069763 33
1739985979083 0.23333333432674408 34
1739985983170 0.5083333253860474 35
1739985987090 0.7166666984558105 36
1739985991015 0.25555557012557983 37
1739985994941 0.11388888955116272 38
1739985998857 0.6194444298744202 39
1739986002796 0.7111111283302307 40
1739986006800 0.23333333432674408 41
1739986010870 0.5972222089767456 42
1739986014960 0.644444465637207 43
1739986019067 0.5 44
1739986023187 0.12777778506278992 45
1739986027237 0.7277777791023254 46
1739986031282 0.37222224473953247 47
1739986035355 0.7555555701255798 48
1739986039406 0.18888889253139496 49
1739986043330 0.27222222089767456 50
1739986047273 0.28333333134651184 51
1739986051214 0.17222222685813904 52
1739986055133 0.23333333432674408 53
1739986059052 0.1944444477558136 54
1739986062948 0.20000000298023224 55
1739986066890 0.11944444477558136 56
1739986070842 0.17499999701976776 57
1739986074775 0.3916666805744171 58
1739986078741 0.1805555671453476 59
1739986082588 0.3194444477558136 60
1739986086395 0.40833333134651184 61
1739986090328 0.236111119389534 62
1739986094334 0.1388888955116272 63
1739986098329 0.10555555671453476 64
1739986102219 0.0 65
1739986106133 0.31111112236976624 66
1739986109956 0.42777779698371887 67
1739986113770 0.19722223281860352 68
1739986117588 0.0 69
1739986121392 0.0 70
1739986125228 0.03333333507180214 71
1739986129040 0.11666666716337204 72
1739986132970 0.40833333134651184 73
1739986136987 0.02222222276031971 74
1739986140930 0.35555556416511536 75
1739986144806 0.35277777910232544 76
1739986148901 0.0 77
1739986152818 0.2777777910232544 78
1739986156755 0.21666666865348816 79
1739986160730 0.519444465637207 80
1739986164784 0.07222222536802292 81
1739986168737 0.4333333373069763 82
1739986172730 0.13055555522441864 83
1739986176676 0.5333333611488342 84
1739986180659 0.5611111521720886 85
1739986184584 0.25555557012557983 86
1739986188538 0.7888889312744141 87
1739986192427 0.4166666865348816 88
1739986196356 0.1944444477558136 89
1739986200308 0.75 90
1739986204270 0.16111111640930176 91
1739986208211 0.4055555760860443 92
1739986212145 0.7333333492279053 93
1739986216073 0.6277778148651123 94
1739986220165 0.3888888955116272 95
1739986224241 0.25555557012557983 96
1739986228373 0.3611111342906952 97
1739986232449 0.7111111283302307 98
1739986236521 0.7250000238418579 99
