1739985840669 0.2888889014720917 0
1739985844757 0.47777777910232544 1
1739985848872 0.574999988079071 2
1739985852951 0.3055555522441864 3
1739985857035 0.7305555939674377 4
1739985861119 0.4861111342906952 5
1739985865204 0.38333335518836975 6
1739985869266 0.5722222328186035 7
1739985873361 0.472222238779068 8
1739985877480 0.4861111342906952 9
1739985881569 0.5055555701255798 10
1739985885690 0.6611111164093018 11
1739985889764 0.6555555462837219 12
1739985893844 0.5888888835906982 13
1739985897945 0.4472222328186035 14
1739985902018 0.39722222089767456 15
1739985906071 0.4333333373069763 16
1739985910136 0.236111119389534 17
1739985914194 0.375 18
1739985918267 0.0833333358168602 19
1739985922339 0.4444444477558136 20
1739985926416 0.3861111104488373 21
1739985930492 0.3499999940395355 22
1739985934565 0.0 23
1739985938632 0.03333333507180214 24
1739985942744 0.02222222276031971 25
1739985946818 0.12777778506278992 26
1739985950912 0.6861111521720886 27
1739985955028 0.11388888955116272 28
1739985959071 0.37222224473953247 29
1739985963087 0.5250000357627869 30
1739985967110 0.19166667759418488 31
1739985971134 0.1388888955116272 32
1739985975149 0.3638888895511627 33
1739985979083 0.5222222208976746 34
1739985983170 0.19722223281860352 35
1739985987090 0.013888888992369175 36
1739985991015 0.4444444477558136 37
1739985994941 0.5777778029441833 38
1739985998857 0.15000000596046448 39
1739986002796 0.04722222313284874 40
1739986006800 0.5083333253860474 41
1739986010870 0.12222222238779068 42
1739986014960 0.11666666716337204 43
1739986019067 0.2222222238779068 44
1739986023187 0.6111111044883728 45
1739986027237 0.06111111119389534 46
1739986031282 0.40833333134651184 47
1739986035355 0.02777777798473835 48
1739986039406 0.5444444417953491 49
1739986043330 0.4833333492279053 50
1739986047273 0.5 51
1739986051214 0.5055555701255798 52
1739986055133 0.49166667461395264 53
1739986059052 0.5611111521720886 54
1739986062948 0.550000011920929 55
1739986066890 0.5638889074325562 56
1739986070842 0.5222222208976746 57
1739986074775 0.27222222089767456 58
1739986078741 0.5305555462837219 59
1739986082588 0.40833333134651184 60
1739986086395 0.32777777314186096 61
1739986090328 0.49166667461395264 62
1739986094334 0.5305555462837219 63
1739986098329 0.6333333253860474 64
1739986102219 0.7527778148651123 65
1739986106133 0.39444446563720703 66
1739986109956 0.3333333432674408 67
1739986113770 0.5527777671813965 68
1739986117588 0.7611111402511597 69
1739986121392 0.7611111402511597 70
1739986125228 0.7111111283302307 71
1739986129040 0.6361111402511597 72
1739986132970 0.30000001192092896 73
1739986136987 0.7250000238418579 74
1739986140930 0.37222224473953247 75
1739986144806 0.3638888895511627 76
1739986148901 0.7333333492279053 77
1739986152818 0.48055556416511536 78
1739986156755 0.569444477558136 79
1739986160730 0.23888888955116272 80
1739986164784 0.644444465637207 81
1739986168737 0.29722222685813904 82
1739986172730 0.5888888835906982 83
1739986176676 0.15000000596046448 84
1739986180659 0.1944444477558136 85
1739986184584 0.47777777910232544 86
1739986188538 0.0 87
1739986192427 0.36944445967674255 88
1739986196356 0.5555555820465088 89
1739986200308 0.0 90
1739986204270 0.5944444537162781 91
1739986208211 0.35277777910232544 92
1739986212145 0.0 93
1739986216073 0.12777778506278992 94
1739986220165 0.3222222328186035 95
1739986224241 0.4611111283302307 96
1739986228373 0.36944445967674255 97
1739986232449 0.0 98
1739986236521 0.01666666753590107 99
