1739989508585 0.5060557723045349 0
1739989508980 0.4954887330532074 1
1739989509369 0.5566007494926453 2
1739989509755 0.631542980670929 3
1739989510142 0.6836053133010864 4
1739989510527 0.7082621455192566 5
1739989510913 0.7048459053039551 6
1739989511300 0.7220093607902527 7
1739989511688 0.7246043682098389 8
1739989512075 0.7385875582695007 9
1739989512463 0.7359342575073242 10
1739989512850 0.7289964556694031 11
1739989513240 0.7287961840629578 12
1739989513629 0.7694306373596191 13
1739989514013 0.7269173860549927 14
1739989514400 0.747795820236206 15
1739989514788 0.7694108486175537 16
1739989515172 0.7951006889343262 17
1739989515561 0.8186284899711609 18
1739989515949 0.828703761100769 19
1739989516335 0.8799893856048584 20
1739989516726 0.8855716586112976 21
1739989517115 0.8870360255241394 22
1739989517503 0.9052883386611938 23
1739989517893 0.9026514887809753 24
1739989518274 0.9197801947593689 25
1739989518662 0.923359751701355 26
1739989519048 0.9363436698913574 27
1739989519433 0.9430618286132812 28
1739989519820 0.9477254152297974 29
1739989520210 0.9337261915206909 30
1739989520600 0.9836065769195557 31
1739989520993 0.955612301826477 32
1739989521382 0.9568504691123962 33
1739989521766 0.983207643032074 34
1739989522154 0.9892473220825195 35
1739989522544 0.9723100662231445 36
1739989522929 0.9722222089767456 37
1739989523316 1.0 38
1739989523703 0.9661208391189575 39
1739989524092 0.9759550094604492 40
1739989524481 0.9943503141403198 41
1739989524872 0.9766575694084167 42
1739989525268 0.9851478338241577 43
1739989525657 0.9872162342071533 44
1739989526044 0.9871794581413269 45
1739989526436 0.9803921580314636 46
1739989526822 0.9671658873558044 47
1739989527210 1.0 48
1739989527595 0.9937106966972351 49
1739989527981 0.9697802066802979 50
1739989528367 0.9927536845207214 51
1739989528755 1.0 52
1739989529146 0.9920635223388672 53
1739989529531 0.9689984321594238 54
1739989529918 1.0 55
1739989530308 0.9876995086669922 56
1739989530694 0.9891015887260437 57
1739989531079 1.0 58
1739989531468 0.9799631834030151 59
1739989531857 0.9813711643218994 60
1739989532242 0.9931973218917847 61
1739989532629 0.9945355653762817 62
1739989533017 0.982921302318573 63
1739989533406 0.9935897588729858 64
1739989533794 1.0 65
1739989534181 0.9920635223388672 66
1739989534568 0.9828476905822754 67
1739989534956 0.981616199016571 68
1739989535345 0.9949495196342468 69
1739989535731 0.9894073009490967 70
1739989536118 0.9947090148925781 71
1739989536506 1.0 72
1739989536895 1.0 73
1739989537281 0.9776592254638672 74
1739989537666 0.9768394231796265 75
1739989538056 0.9935897588729858 76
1739989538446 1.0 77
1739989538833 0.9951691031455994 78
1739989539223 0.9952380657196045 79
1739989539611 0.9899940490722656 80
1739989540000 0.9894850254058838 81
1739989540389 0.9950980544090271 82
1739989540775 0.9776646494865417 83
1739989541164 0.9931973218917847 84
1739989541554 0.9879226684570312 85
1739989541940 0.9937106966972351 86
1739989542329 1.0 87
1739989542718 0.9949495196342468 88
1739989543108 0.9790005683898926 89
1739989543495 0.9782708883285522 90
1739989543885 0.9946236610412598 91
1739989544270 0.9885057806968689 92
1739989544661 1.0 93
1739989545048 1.0 94
1739989545435 0.9874973297119141 95
1739989545823 0.9885392189025879 96
1739989546209 0.9880800247192383 97
1739989546593 0.9885023832321167 98
1739989546980 0.9884614944458008 99
