1739989508585 0.5207316875457764 0
1739989508980 0.494971364736557 1
1739989509369 0.5579124689102173 2
1739989509755 0.5842928290367126 3
1739989510142 0.5936951637268066 4
1739989510527 0.6158789396286011 5
1739989510913 0.666292130947113 6
1739989511300 0.6897479295730591 7
1739989511688 0.7140169143676758 8
1739989512075 0.7587301135063171 9
1739989512463 0.7612757682800293 10
1739989512850 0.7866300940513611 11
1739989513240 0.7954772710800171 12
1739989513629 0.815544068813324 13
1739989514013 0.8214467763900757 14
1739989514400 0.8337868452072144 15
1739989514788 0.8181297183036804 16
1739989515172 0.8150628805160522 17
1739989515561 0.8442820310592651 18
1739989515949 0.8809523582458496 19
1739989516335 0.8668217658996582 20
1739989516726 0.8717989921569824 21
1739989517115 0.8734371662139893 22
1739989517503 0.9050847887992859 23
1739989517893 0.874954879283905 24
1739989518274 0.8897029161453247 25
1739989518662 0.9168581962585449 26
1739989519048 0.9068509936332703 27
1739989519433 0.9265438914299011 28
1739989519820 0.9334768056869507 29
1739989520210 0.9342326521873474 30
1739989520600 0.9277297854423523 31
1739989520993 0.9525951743125916 32
1739989521382 0.9371430277824402 33
1739989521766 0.9368635416030884 34
1739989522154 0.9476959109306335 35
1739989522544 0.9599224925041199 36
1739989522929 0.949079692363739 37
1739989523316 0.9368896484375 38
1739989523703 0.9659417867660522 39
1739989524092 0.9608322381973267 40
1739989524481 0.9287238121032715 41
1739989524872 0.9625204801559448 42
1739989525268 0.9724954962730408 43
1739989525657 0.9520437121391296 44
1739989526044 0.9436680674552917 45
1739989526436 0.9645540118217468 46
1739989526822 0.9640151858329773 47
1739989527210 0.9454116821289062 48
1739989527595 0.9747132062911987 49
1739989527981 0.9797008037567139 50
1739989528367 0.9708539247512817 51
1739989528755 0.9530282020568848 52
1739989529146 0.9731183052062988 53
1739989529531 0.9717062711715698 54
1739989529918 0.9719471335411072 55
1739989530308 0.9780148267745972 56
1739989530694 0.9731461405754089 57
1739989531079 0.9720418453216553 58
1739989531468 0.9769152402877808 59
1739989531857 0.9773199558258057 60
1739989532242 0.9666379690170288 61
1739989532629 0.9774810671806335 62
1739989533017 0.9784730672836304 63
1739989533406 0.9746651649475098 64
1739989533794 0.9649493098258972 65
1739989534181 0.952957034111023 66
1739989534568 0.9883041381835938 67
1739989534956 0.9718512296676636 68
1739989535345 0.9773029088973999 69
1739989535731 0.9783484935760498 70
1739989536118 0.9783662557601929 71
1739989536506 0.9818031191825867 72
1739989536895 0.9735795855522156 73
1739989537281 0.9806053042411804 74
1739989537666 0.9834656119346619 75
1739989538056 0.9681929349899292 76
1739989538446 0.9817351698875427 77
1739989538833 0.9786807894706726 78
1739989539223 0.9764751195907593 79
1739989539611 0.9949495196342468 80
1739989540000 0.9842721819877625 81
1739989540389 0.9720821380615234 82
1739989540775 0.9722222685813904 83
1739989541164 0.9791463613510132 84
1739989541554 0.9778252840042114 85
1739989541940 0.968109130859375 86
1739989542329 0.9724661707878113 87
1739989542718 0.9672398567199707 88
1739989543108 0.9946236610412598 89
1739989543495 0.9941520690917969 90
1739989543885 0.9901875853538513 91
1739989544270 0.9761176109313965 92
1739989544661 0.974818229675293 93
1739989545048 0.9774923324584961 94
1739989545435 0.9833547472953796 95
1739989545823 0.9948717951774597 96
1739989546209 0.9896825551986694 97
1739989546593 0.9845328330993652 98
1739989546980 0.9791519045829773 99
