1739993912724 0.7283 0
1739993912757 0.6756 1
1739993912787 0.645 2
1739993912820 0.6131 3
1739993912850 0.5828 4
1739993912880 0.5615 5
1739993912913 0.5442 6
1739993912944 0.5258 7
1739993912974 0.5086 8
1739993913004 0.4949 9
1739993913036 0.484 10
1739993913066 0.4743 11
1739993913100 0.4653 12
1739993913132 0.4568 13
1739993913165 0.4489 14
1739993913195 0.4416 15
1739993913226 0.4349 16
1739993913258 0.4285 17
1739993913292 0.4225 18
1739993913323 0.4169 19
1739993913353 0.4116 20
1739993913387 0.4066 21
1739993913418 0.4019 22
1739993913450 0.3974 23
1739993913481 0.3933 24
1739993913513 0.3894 25
1739993913544 0.3858 26
1739993913577 0.3824 27
1739993913607 0.3793 28
1739993913636 0.3763 29
1739993913668 0.3736 30
1739993913698 0.3711 31
1739993913730 0.3688 32
1739993913760 0.3667 33
1739993913789 0.3648 34
1739993913818 0.363 35
1739993913847 0.3614 36
1739993913876 0.3599 37
1739993913906 0.3586 38
1739993913937 0.3574 39
1739993913968 0.3563 40
1739993913998 0.3553 41
1739993914027 0.3545 42
1739993914055 0.3537 43
1739993914082 0.353 44
1739993914112 0.3524 45
1739993914143 0.3518 46
1739993914175 0.3513 47
1739993914205 0.3509 48
1739993914234 0.3505 49
1739993914266 0.3501 50
1739993914296 0.3498 51
1739993914326 0.3495 52
1739993914359 0.3493 53
1739993914389 0.349 54
1739993914428 0.3488 55
1739993914458 0.3487 56
1739993914488 0.3485 57
1739993914521 0.3484 58
1739993914550 0.3482 59
1739993914580 0.3481 60
1739993914610 0.348 61
1739993914639 0.3479 62
1739993914668 0.3478 63
1739993914697 0.3478 64
1739993914729 0.3477 65
1739993914759 0.3476 66
1739993914788 0.3476 67
1739993914818 0.3475 68
1739993914850 0.3475 69
1739993914880 0.3474 70
1739993914911 0.3474 71
1739993914943 0.3474 72
1739993914972 0.3473 73
1739993915004 0.3473 74
1739993915035 0.3473 75
1739993915064 0.3472 76
1739993915093 0.3472 77
1739993915122 0.3472 78
1739993915151 0.3472 79
1739993915179 0.3472 80
1739993915207 0.3471 81
1739993915235 0.3471 82
1739993915264 0.3471 83
1739993915292 0.3471 84
1739993915322 0.3471 85
1739993915352 0.3471 86
1739993915380 0.3471 87
1739993915413 0.347 88
1739993915442 0.347 89
1739993915470 0.347 90
1739993915498 0.347 91
1739993915526 0.347 92
1739993915554 0.347 93
1739993915584 0.347 94
1739993915613 0.347 95
1739993915643 0.347 96
1739993915676 0.347 97
1739993915707 0.347 98
1739993915738 0.347 99
