1739992166740 0.5775986909866333 0
1739992169553 0.7155516147613525 1
1739992172333 0.7930257320404053 2
1739992175107 0.8652330636978149 3
1739992177899 0.8874414563179016 4
1739992180682 0.8955221772193909 5
1739992183460 0.9166183471679688 6
1739992186239 0.9328790903091431 7
1739992189016 0.9332026839256287 8
1739992191801 0.9545555114746094 9
1739992194599 0.9586691856384277 10
1739992197382 0.9525188207626343 11
1739992200163 0.9682085514068604 12
1739992202945 0.9613698720932007 13
1739992205727 0.9709779024124146 14
1739992208509 0.9733885526657104 15
1739992211290 0.9735750555992126 16
1739992214068 0.9812175035476685 17
1739992216847 0.9847968816757202 18
1739992219630 0.980333149433136 19
1739992222402 0.9822245240211487 20
1739992225176 0.9869343638420105 21
1739992227954 0.9867987632751465 22
1739992230741 0.9795268774032593 23
1739992233515 0.983031690120697 24
1739992236294 0.9903956651687622 25
1739992239072 0.9882910847663879 26
1739992241844 0.9891996383666992 27
1739992244629 0.9925225377082825 28
1739992247416 0.9911816120147705 29
1739992250197 0.9858843088150024 30
1739992252973 0.9895235300064087 31
1739992255749 0.9918333888053894 32
1739992258520 0.9901488423347473 33
1739992261294 0.9954509139060974 34
1739992264068 0.9915755987167358 35
1739992266846 0.9928179979324341 36
1739992269625 0.9954541921615601 37
1739992272409 0.992277979850769 38
1739992275185 0.9955257773399353 39
1739992277966 0.9956342577934265 40
1739992280742 0.9975341558456421 41
1739992283509 0.9961145520210266 42
1739992286284 0.9965081214904785 43
1739992289052 0.9963943362236023 44
1739992291827 0.992077648639679 45
1739992294604 0.9966618418693542 46
1739992297381 0.9930917024612427 47
1739992300144 0.9981288313865662 48
1739992302924 0.9974657297134399 49
1739992305695 0.9979913234710693 50
1739992308470 0.995326042175293 51
1739992311252 0.9948074221611023 52
1739992314027 0.9944965839385986 53
1739992316807 0.9990147352218628 54
1739992319585 0.9963327646255493 55
1739992322351 0.9962435364723206 56
1739992325131 0.9958847165107727 57
1739992327901 0.9961384534835815 58
1739992330679 0.9981855154037476 59
1739992333457 0.9983433485031128 60
1739992336242 0.9951348304748535 61
1739992339027 0.9983149766921997 62
1739992341807 0.9991596937179565 63
1739992344594 0.9971402883529663 64
1739992347375 0.9968052506446838 65
1739992350153 0.9968326091766357 66
1739992352931 0.9980759620666504 67
1739992355710 0.9943835735321045 68
1739992358490 0.9983823299407959 69
1739992361264 0.9962946176528931 70
1739992364046 0.9963451027870178 71
1739992366820 0.9979687333106995 72
1739992369606 0.9961183667182922 73
1739992372379 0.9992278218269348 74
1739992375155 0.9982073307037354 75
1739992377946 0.9973922967910767 76
1739992380725 0.9950820803642273 77
1739992383508 0.9968137741088867 78
1739992386296 0.9955302476882935 79
1739992389092 0.9990476369857788 80
1739992391868 0.9982907772064209 81
1739992394644 0.997256338596344 82
1739992397425 0.9961073994636536 83
1739992400204 0.9959795475006104 84
1739992402975 0.9982413053512573 85
1739992405753 0.9991596937179565 86
1739992408531 0.9967239499092102 87
1739992411309 0.9978719353675842 88
1739992414092 0.9982668161392212 89
1739992416871 1.0 90
1739992419642 0.9962515830993652 91
1739992422425 0.9965009689331055 92
1739992425211 0.9991071224212646 93
1739992427992 0.9963106513023376 94
1739992430772 0.9991341829299927 95
1739992433558 0.9983193874359131 96
1739992436335 0.9974683523178101 97
1739992439120 0.9981218576431274 98
1739992441900 0.9975001811981201 99
