1739992166740 0.6308199167251587 0
1739992169553 0.7663988471031189 1
1739992172333 0.8813188076019287 2
1739992175107 0.9122807383537292 3
1739992177899 0.9334968328475952 4
1739992180682 0.9301623702049255 5
1739992183460 0.9473463892936707 6
1739992186239 0.9582427144050598 7
1739992189016 0.9606962203979492 8
1739992191801 0.9579617381095886 9
1739992194599 0.962435781955719 10
1739992197382 0.9675120711326599 11
1739992200163 0.9739270806312561 12
1739992202945 0.9695805311203003 13
1739992205727 0.9765822291374207 14
1739992208509 0.9721134901046753 15
1739992211290 0.9887476563453674 16
1739992214068 0.9816595911979675 17
1739992216847 0.9808523058891296 18
1739992219630 0.9826544523239136 19
1739992222402 0.986935555934906 20
1739992225176 0.9879331588745117 21
1739992227954 0.9828881621360779 22
1739992230741 0.9837534427642822 23
1739992233515 0.988267183303833 24
1739992236294 0.9922876954078674 25
1739992239072 0.9878801703453064 26
1739992241844 0.9893576502799988 27
1739992244629 0.9931326508522034 28
1739992247416 0.9875257015228271 29
1739992250197 0.9926043152809143 30
1739992252973 0.9897812008857727 31
1739992255749 0.9954177737236023 32
1739992258520 0.993927538394928 33
1739992261294 0.9954853653907776 34
1739992264068 0.9908356666564941 35
1739992266846 0.9922211766242981 36
1739992269625 0.993835985660553 37
1739992272409 0.9934443831443787 38
1739992275185 0.993057906627655 39
1739992277966 0.995528519153595 40
1739992280742 0.9973436594009399 41
1739992283509 0.9951104521751404 42
1739992286284 0.9962785840034485 43
1739992289052 0.9937902092933655 44
1739992291827 0.9914854764938354 45
1739992294604 0.997100293636322 46
1739992297381 0.9965940117835999 47
1739992300144 0.9962723851203918 48
1739992302924 0.9990476369857788 49
1739992305695 0.9937830567359924 50
1739992308470 0.9926422238349915 51
1739992311252 0.9950266480445862 52
1739992314027 0.9948492050170898 53
1739992316807 0.9965404868125916 54
1739992319585 0.9972611665725708 55
1739992322351 0.9958717226982117 56
1739992325131 0.994585394859314 57
1739992327901 0.9982073307037354 58
1739992330679 0.9982821941375732 59
1739992333457 0.9984962344169617 60
1739992336242 0.9970000386238098 61
1739992339027 0.9956233501434326 62
1739992341807 0.998156726360321 63
1739992344594 0.9961798787117004 64
1739992347375 0.9953656792640686 65
1739992350153 0.9982668161392212 66
1739992352931 0.9952974915504456 67
1739992355710 0.992107629776001 68
1739992358490 0.9934309720993042 69
1739992361264 0.9967884421348572 70
1739992364046 0.9953552484512329 71
1739992366820 0.9960595369338989 72
1739992369606 0.9974504709243774 73
1739992372379 0.9957165122032166 74
1739992375155 0.9957351684570312 75
1739992377946 0.9983457326889038 76
1739992380725 0.9971560835838318 77
1739992383508 0.9949280023574829 78
1739992386296 0.9926363229751587 79
1739992389092 0.9976110458374023 80
1739992391868 0.9974790215492249 81
1739992394644 0.9971343874931335 82
1739992397425 0.9947795271873474 83
1739992400204 0.9981547594070435 84
1739992402975 0.9973196983337402 85
1739992405753 0.9981855154037476 86
1739992408531 0.9954378604888916 87
1739992411309 0.9974149465560913 88
1739992414092 0.998125433921814 89
1739992416871 0.9974133372306824 90
1739992419642 0.9952558279037476 91
1739992422425 0.9947932958602905 92
1739992425211 0.9990476369857788 93
1739992427992 0.9965822696685791 94
1739992430772 0.996613621711731 95
1739992433558 0.9952793717384338 96
1739992436335 0.9953254461288452 97
1739992439120 0.996356189250946 98
1739992441900 0.9975087642669678 99
