1739989508585 0.6006609201431274 0
1739989508980 0.5583265423774719 1
1739989509369 0.5484802722930908 2
1739989509755 0.5440959930419922 3
1739989510142 0.5544333457946777 4
1739989510527 0.5909695625305176 5
1739989510913 0.6630003452301025 6
1739989511300 0.7045394778251648 7
1739989511688 0.7223024368286133 8
1739989512075 0.7541431188583374 9
1739989512463 0.754006564617157 10
1739989512850 0.7618680000305176 11
1739989513240 0.7733005881309509 12
1739989513629 0.7945439219474792 13
1739989514013 0.782157838344574 14
1739989514400 0.7995889186859131 15
1739989514788 0.7958042025566101 16
1739989515172 0.8100686073303223 17
1739989515561 0.8328320980072021 18
1739989515949 0.8583426475524902 19
1739989516335 0.866651177406311 20
1739989516726 0.8731368780136108 21
1739989517115 0.8796066045761108 22
1739989517503 0.9042178988456726 23
1739989517893 0.8851777911186218 24
1739989518274 0.9022822380065918 25
1739989518662 0.916578471660614 26
1739989519048 0.92041015625 27
1739989519433 0.9314998388290405 28
1739989519820 0.9398743510246277 29
1739989520210 0.9308695793151855 30
1739989520600 0.9526536464691162 31
1739989520993 0.9537456035614014 32
1739989521382 0.9461540579795837 33
1739989521766 0.95662921667099 34
1739989522154 0.9669613242149353 35
1739989522544 0.9635002613067627 36
1739989522929 0.9587430953979492 37
1739989523316 0.9676111936569214 38
1739989523703 0.966212272644043 39
1739989524092 0.9667410850524902 40
1739989524481 0.9592592120170593 41
1739989524872 0.9697691798210144 42
1739989525268 0.9776062369346619 43
1739989525657 0.9686250686645508 44
1739989526044 0.9642931222915649 45
1739989526436 0.9714053869247437 46
1739989526822 0.9666239619255066 47
1739989527210 0.9682106375694275 48
1739989527595 0.9836362600326538 49
1739989527981 0.972568690776825 50
1739989528367 0.9812494516372681 51
1739989528755 0.9747433066368103 52
1739989529146 0.9795209765434265 53
1739989529531 0.9722980856895447 54
1739989529918 0.984477698802948 55
1739989530308 0.9827975034713745 56
1739989530694 0.9805727005004883 57
1739989531079 0.9846080541610718 58
1739989531468 0.9791120886802673 59
1739989531857 0.9784726500511169 60
1739989532242 0.9786959886550903 61
1739989532629 0.9842262268066406 62
1739989533017 0.9800735712051392 63
1739989533406 0.983635425567627 64
1739989533794 0.9826597571372986 65
1739989534181 0.9714867472648621 66
1739989534568 0.984404981136322 67
1739989534956 0.9764811992645264 68
1739989535345 0.9857035875320435 69
1739989535731 0.9835671186447144 70
1739989536118 0.9860121011734009 71
1739989536506 0.9912044405937195 72
1739989536895 0.986175000667572 73
1739989537281 0.9802834987640381 74
1739989537666 0.9807407855987549 75
1739989538056 0.980421245098114 76
1739989538446 0.9883041381835938 77
1739989538833 0.9861465692520142 78
1739989539223 0.986062228679657 79
1739989539611 0.9922926425933838 80
1739989540000 0.9870167970657349 81
1739989540389 0.9831432104110718 82
1739989540775 0.9755234122276306 83
1739989541164 0.9862974882125854 84
1739989541554 0.9829347133636475 85
1739989541940 0.9823400974273682 86
1739989542329 0.9841570854187012 87
1739989542718 0.9803897738456726 88
1739989543108 0.9867937564849854 89
1739989543495 0.9854995608329773 90
1739989543885 0.9917746782302856 91
1739989544270 0.982758641242981 92
1739989544661 0.986791729927063 93
1739989545048 0.9889490604400635 94
1739989545435 0.9849133491516113 95
1739989545823 0.9915945529937744 96
1739989546209 0.9887045621871948 97
1739989546593 0.9864068031311035 98
1739989546980 0.9839527010917664 99
