1739989508585 0.3517792224884033 0
1739989508980 0.3943663537502289 1
1739989509369 0.5574740767478943 2
1739989509755 0.6454187631607056 3
1739989510142 0.6705325841903687 4
1739989510527 0.6926032304763794 5
1739989510913 0.7005698084831238 6
1739989511300 0.7045820951461792 7
1739989511688 0.715262770652771 8
1739989512075 0.7367725372314453 9
1739989512463 0.7415415644645691 10
1739989512850 0.7492853403091431 11
1739989513240 0.7399341464042664 12
1739989513629 0.7732651233673096 13
1739989514013 0.7387475371360779 14
1739989514400 0.7660779356956482 15
1739989514788 0.7781010866165161 16
1739989515172 0.8007372617721558 17
1739989515561 0.8285645246505737 18
1739989515949 0.8502483367919922 19
1739989516335 0.8748494386672974 20
1739989516726 0.8780481219291687 21
1739989517115 0.877347469329834 22
1739989517503 0.9050377607345581 23
1739989517893 0.8894500732421875 24
1739989518274 0.9051371812820435 25
1739989518662 0.921618640422821 26
1739989519048 0.9202196002006531 27
1739989519433 0.9321722388267517 28
1739989519820 0.9406844973564148 29
1739989520210 0.9339438676834106 30
1739989520600 0.9550935626029968 31
1739989520993 0.9540197253227234 32
1739989521382 0.947826623916626 33
1739989521766 0.9589509963989258 34
1739989522154 0.9681040644645691 35
1739989522544 0.9647908210754395 36
1739989522929 0.9617358446121216 37
1739989523316 0.9666413068771362 38
1739989523703 0.9650418162345886 39
1739989524092 0.9686704874038696 40
1739989524481 0.96039217710495 41
1739989524872 0.9692603349685669 42
1739989525268 0.9779109954833984 43
1739989525657 0.9700855016708374 44
1739989526044 0.9645283222198486 45
1739989526436 0.9726168513298035 46
1739989526822 0.9657654762268066 47
1739989527210 0.9717055559158325 48
1739989527595 0.9838618040084839 49
1739989527981 0.9774977564811707 50
1739989528367 0.982243537902832 51
1739989528755 0.9759259223937988 52
1739989529146 0.9836065769195557 53
1739989529531 0.9686481356620789 54
1739989529918 0.985694408416748 55
1739989530308 0.9833881855010986 56
1739989530694 0.980211615562439 57
1739989531079 0.9856974482536316 58
1739989531468 0.9763256907463074 59
1739989531857 0.9796507358551025 60
1739989532242 0.9799692034721375 61
1739989532629 0.9860159158706665 62
1739989533017 0.9807705283164978 63
1739989533406 0.9839009046554565 64
1739989533794 0.9820564985275269 65
1739989534181 0.9731037020683289 66
1739989534568 0.9856593012809753 67
1739989534956 0.9769797325134277 68
1739989535345 0.9858281016349792 69
1739989535731 0.9839539527893066 70
1739989536118 0.9865139722824097 71
1739989536506 0.9907540678977966 72
1739989536895 0.9865652918815613 73
1739989537281 0.9780607223510742 74
1739989537666 0.9799510836601257 75
1739989538056 0.9806287288665771 76
1739989538446 0.9906103014945984 77
1739989538833 0.9864192008972168 78
1739989539223 0.985213041305542 79
1739989539611 0.991999626159668 80
1739989540000 0.9868947863578796 81
1739989540389 0.9830669164657593 82
1739989540775 0.973513126373291 83
1739989541164 0.986404299736023 84
1739989541554 0.9831218719482422 85
1739989541940 0.9812885522842407 86
1739989542329 0.9859696626663208 87
1739989542718 0.9806786775588989 88
1739989543108 0.9870870113372803 89
1739989543495 0.9858865141868591 90
1739989543885 0.9925514459609985 91
1739989544270 0.9807453155517578 92
1739989544661 0.9871580600738525 93
1739989545048 0.9885929822921753 94
1739989545435 0.9859384298324585 95
1739989545823 0.991574764251709 96
1739989546209 0.9891366362571716 97
1739989546593 0.9863452315330505 98
1739989546980 0.9835664629936218 99
