1739980000267 0.23333333432674408 0
1739980004164 0.236111119389534 1
1739980008065 0.23055556416511536 2
1739980011953 0.3861111104488373 3
1739980015826 0.3083333373069763 4
1739980019679 0.008333333767950535 5
1739980023533 0.3305555582046509 6
1739980027386 0.2777777910232544 7
1739980031254 0.05000000074505806 8
1739980035125 0.19166667759418488 9
1739980039011 0.1388888955116272 10
1739980042921 0.22777777910232544 11
1739980046778 0.16388888657093048 12
1739980050675 0.0 13
1739980054579 0.0833333358168602 14
1739980058458 0.12222222238779068 15
1739980062332 0.23888888955116272 16
1739980066215 0.20000000298023224 17
1739980070105 0.0555555559694767 18
1739980073964 0.42500001192092896 19
1739980077835 0.0972222238779068 20
1739980081721 0.2805555760860443 21
1739980085617 0.19166667759418488 22
1739980089512 0.04444444552063942 23
1739980093426 0.1805555671453476 24
1739980097332 0.2888889014720917 25
1739980101241 0.125 26
1739980105199 0.3222222328186035 27
1739980109251 0.0555555559694767 28
1739980113277 0.07500000298023224 29
1739980117368 0.31388890743255615 30
1739980121413 0.10277777910232544 31
1739980125457 0.2638888955116272 32
1739980129489 0.0972222238779068 33
1739980133466 0.2611111104488373 34
1739980137346 0.06666667014360428 35
1739980141204 0.22777777910232544 36
1739980145077 0.40833333134651184 37
1739980148939 0.0 38
1739980152818 0.22777777910232544 39
1739980156677 0.19166667759418488 40
1739980160551 0.06388889253139496 41
1739980164421 0.03888889029622078 42
1739980168340 0.03333333507180214 43
1739980172236 0.008333333767950535 44
1739980176090 0.2666666805744171 45
1739980179951 0.14722222089767456 46
1739980183832 0.22777777910232544 47
1739980187700 0.2527777850627899 48
1739980191582 0.15555556118488312 49
1739980195444 0.10277777910232544 50
1739980199327 0.0055555556900799274 51
1739980203177 0.14722222089767456 52
1739980206980 0.1388888955116272 53
1739980210792 0.14166666567325592 54
1739980214596 0.05833333358168602 55
1739980218453 0.16388888657093048 56
1739980222328 0.2222222238779068 57
1739980226260 0.21666666865348816 58
1739980230248 0.16111111640930176 59
1739980234169 0.0 60
1739980238061 0.22500000894069672 61
1739980241976 0.43888890743255615 62
1739980245851 0.16388888657093048 63
1739980249742 0.236111119389534 64
1739980253630 0.01666666753590107 65
1739980257496 0.16944444179534912 66
1739980261475 0.5 67
1739980265451 0.5 68
1739980269414 0.40833333134651184 69
1739980273280 0.2750000059604645 70
1739980277228 0.42222222685813904 71
1739980281104 0.31111112236976624 72
1739980284990 0.31388890743255615 73
1739980289036 0.10833333432674408 74
1739980292972 0.28333333134651184 75
1739980296876 0.14444445073604584 76
1739980300782 0.31111112236976624 77
1739980304704 0.5 78
1739980308578 0.2527777850627899 79
1739980312490 0.24166667461395264 80
1739980316369 0.5 81
1739980320239 0.5 82
1739980324099 0.12222222238779068 83
1739980327974 0.19722223281860352 84
1739980331846 0.30000001192092896 85
1739980335710 0.5 86
1739980339556 0.20000000298023224 87
1739980343471 0.3333333432674408 88
1739980347456 0.15000000596046448 89
1739980351432 0.4027777910232544 90
1739980355325 0.36944445967674255 91
1739980359230 0.1388888955116272 92
1739980363121 0.472222238779068 93
1739980366996 0.3222222328186035 94
1739980370885 0.25 95
1739980374816 0.1805555671453476 96
1739980378831 0.3583333492279053 97
1739980382708 0.06388889253139496 98
1739980386569 0.24722222983837128 99
