1739980000267 0.25555557012557983 0
1739980004164 0.23888888955116272 1
1739980008065 0.2222222238779068 2
1739980011953 0.1388888955116272 3
1739980015826 0.20555555820465088 4
1739980019679 0.48055556416511536 5
1739980023533 0.16944444179534912 6
1739980027386 0.2222222238779068 7
1739980031254 0.43888890743255615 8
1739980035125 0.2666666805744171 9
1739980039011 0.3638888895511627 10
1739980042921 0.27222222089767456 11
1739980046778 0.3194444477558136 12
1739980050675 0.5 13
1739980054579 0.4055555760860443 14
1739980058458 0.4000000059604645 15
1739980062332 0.2750000059604645 16
1739980066215 0.28611111640930176 17
1739980070105 0.45277780294418335 18
1739980073964 0.07500000298023224 19
1739980077835 0.3861111104488373 20
1739980081721 0.18611112236976624 21
1739980085617 0.32500001788139343 22
1739980089512 0.4444444477558136 23
1739980093426 0.3055555522441864 24
1739980097332 0.17499999701976776 25
1739980101241 0.3777777850627899 26
1739980105199 0.16111111640930176 27
1739980109251 0.42500001192092896 28
1739980113277 0.40833333134651184 29
1739980117368 0.15833333134651184 30
1739980121413 0.3916666805744171 31
1739980125457 0.22777777910232544 32
1739980129489 0.36944445967674255 33
1739980133466 0.21111111342906952 34
1739980137346 0.4166666865348816 35
1739980141204 0.25833332538604736 36
1739980145077 0.125 37
1739980148939 0.5 38
1739980152818 0.2888889014720917 39
1739980156677 0.28333333134651184 40
1739980160551 0.43611112236976624 41
1739980164421 0.4888888895511627 42
1739980168340 0.4583333432674408 43
1739980172236 0.49722224473953247 44
1739980176090 0.22500000894069672 45
1739980179951 0.3611111342906952 46
1739980183832 0.25 47
1739980187700 0.21388889849185944 48
1739980191582 0.32500001788139343 49
1739980195444 0.38055557012557983 50
1739980199327 0.5027778148651123 51
1739980203177 0.3194444477558136 52
1739980206980 0.2805555760860443 53
1739980210792 0.347222238779068 54
1739980214596 0.4583333432674408 55
1739980218453 0.32500001788139343 56
1739980222328 0.26944446563720703 57
1739980226260 0.2527777850627899 58
1739980230248 0.29722222685813904 59
1739980234169 0.5 60
1739980238061 0.2527777850627899 61
1739980241976 0.08055555820465088 62
1739980245851 0.3583333492279053 63
1739980249742 0.24722222983837128 64
1739980253630 0.46666666865348816 65
1739980257496 0.31388890743255615 66
1739980261475 0.0 67
1739980265451 0.0 68
1739980269414 0.06388889253139496 69
1739980273280 0.1944444477558136 70
1739980277228 0.05000000074505806 71
1739980281104 0.18888889253139496 72
1739980284990 0.20277778804302216 73
1739980289036 0.3611111342906952 74
1739980292972 0.17777778208255768 75
1739980296876 0.3444444537162781 76
1739980300782 0.15833333134651184 77
1739980304704 0.0 78
1739980308578 0.236111119389534 79
1739980312490 0.2666666805744171 80
1739980316369 0.0 81
1739980320239 0.0 82
1739980324099 0.36666667461395264 83
1739980327974 0.27222222089767456 84
1739980331846 0.17222222685813904 85
1739980335710 0.0 86
1739980339556 0.30000001192092896 87
1739980343471 0.15000000596046448 88
1739980347456 0.3305555582046509 89
1739980351432 0.09166666865348816 90
1739980355325 0.10277777910232544 91
1739980359230 0.3444444537162781 92
1739980363121 0.008333333767950535 93
1739980366996 0.16388888657093048 94
1739980370885 0.23333333432674408 95
1739980374816 0.29722222685813904 96
1739980378831 0.11388888955116272 97
1739980382708 0.4138889014720917 98
1739980386569 0.24166667461395264 99
