1739986582699 0.42478474974632263 0
1739986583798 0.6022457480430603 1
1739986584895 0.6499996185302734 2
1739986585986 0.7834223508834839 3
1739986587079 0.8044772744178772 4
1739986588172 0.8387417793273926 5
1739986589268 0.8507990837097168 6
1739986590364 0.8484326004981995 7
1739986591466 0.8723555207252502 8
1739986592568 0.8759236335754395 9
1739986593667 0.8881814479827881 10
1739986594763 0.884994387626648 11
1739986595860 0.9035166501998901 12
1739986596953 0.8898597359657288 13
1739986598042 0.8741642236709595 14
1739986599136 0.9121752381324768 15
1739986600225 0.9550795555114746 16
1739986601322 0.9078724384307861 17
1739986602417 0.9065927863121033 18
1739986603516 0.9405777454376221 19
1739986604609 0.9151142835617065 20
1739986605703 0.951937198638916 21
1739986606798 0.9058414697647095 22
1739986607892 0.5404898524284363 23
1739986608981 0.17068035900592804 24
1739986610081 0.5014544725418091 25
1739986611177 0.49658939242362976 26
1739986612272 0.42846423387527466 27
1739986613365 0.07211538404226303 28
1739986614464 0.46308401226997375 29
1739986615564 0.22890017926692963 30
1739986616663 0.33903753757476807 31
1739986617762 0.1538461595773697 32
1739986618854 0.1507527232170105 33
1739986619951 0.24369479715824127 34
1739986621049 0.5243305563926697 35
1739986622144 0.14903846383094788 36
1739986623242 0.12307693064212799 37
1739986624340 0.49523237347602844 38
1739986625430 0.19612468779087067 39
1739986626524 0.37398505210876465 40
1739986627619 0.18762020766735077 41
1739986628710 0.0 42
1739986629806 0.2770509123802185 43
1739986630901 0.4979700744152069 44
1739986632002 0.09641525894403458 45
1739986633099 0.3028029799461365 46
1739986634191 0.33551621437072754 47
1739986635290 0.39707887172698975 48
1739986636391 0.49771636724472046 49
1739986637489 0.1429319977760315 50
1739986638587 0.16059380769729614 51
1739986639687 0.4995044767856598 52
1739986640786 0.13963982462882996 53
1739986641880 0.0 54
1739986642974 0.41968390345573425 55
1739986644071 0.4317168593406677 56
1739986645172 0.1315300166606903 57
1739986646266 0.46534264087677 58
1739986647354 0.17826196551322937 59
1739986648453 0.0 60
1739986649557 0.16305135190486908 61
1739986650659 0.5270857810974121 62
1739986651760 0.5017256736755371 63
1739986652859 0.5007612109184265 64
1739986653955 0.427876353263855 65
1739986655055 0.0 66
1739986656157 0.41595420241355896 67
1739986657250 0.49885275959968567 68
1739986658344 0.08724609017372131 69
1739986659439 0.0 70
1739986660533 0.4655851423740387 71
1739986661626 0.5044229626655579 72
1739986662725 0.3768000304698944 73
1739986663817 0.5832768082618713 74
1739986664910 0.5074836015701294 75
1739986666005 0.45329156517982483 76
1739986667101 0.534296989440918 77
1739986668192 0.5102083683013916 78
1739986669288 0.5260418057441711 79
1739986670384 0.5153694152832031 80
1739986671479 0.23524461686611176 81
1739986672577 0.4680078327655792 82
1739986673673 0.5005075335502625 83
1739986674764 0.4992387890815735 84
1739986675859 0.3521342873573303 85
1739986676952 0.0 86
1739986678047 0.2823549807071686 87
1739986679140 0.5006345510482788 88
1739986680234 0.44087228178977966 89
1739986681334 0.5016950368881226 90
1739986682437 0.5031305551528931 91
1739986683535 0.49963614344596863 92
1739986684633 0.5060230493545532 93
1739986685727 0.4111703932285309 94
1739986686822 0.10897436738014221 95
1739986687917 0.5098541975021362 96
1739986689009 0.4987036883831024 97
1739986690106 0.49730250239372253 98
1739986691200 0.5326826572418213 99
