1739986582699 0.3084469735622406 0
1739986583798 0.5698148012161255 1
1739986584895 0.755383312702179 2
1739986585986 0.8567838072776794 3
1739986587079 0.8907114267349243 4
1739986588172 0.8800826668739319 5
1739986589268 0.895013689994812 6
1739986590364 0.9120903611183167 7
1739986591466 0.9047040343284607 8
1739986592568 0.9072027802467346 9
1739986593667 0.9053601622581482 10
1739986594763 0.8925222754478455 11
1739986595860 0.9110128879547119 12
1739986596953 0.8917651772499084 13
1739986598042 0.9503597617149353 14
1739986599136 0.9275659918785095 15
1739986600225 0.9046417474746704 16
1739986601322 0.9413961172103882 17
1739986602417 0.9338856339454651 18
1739986603516 0.9272855520248413 19
1739986604609 0.9300110340118408 20
1739986605703 0.903349757194519 21
1739986606798 0.9379273056983948 22
1739986607892 0.18626411259174347 23
1739986608981 0.4285729229450226 24
1739986610081 0.0 25
1739986611177 0.24632523953914642 26
1739986612272 0.2567722201347351 27
1739986613365 0.4167118966579437 28
1739986614464 0.18829721212387085 29
1739986615564 0.3224654197692871 30
1739986616663 0.26557207107543945 31
1739986617762 0.5008386373519897 32
1739986618854 0.3779272735118866 33
1739986619951 0.41376057267189026 34
1739986621049 0.2384071797132492 35
1739986622144 0.4166724383831024 36
1739986623242 0.500503420829773 37
1739986624340 0.07281746715307236 38
1739986625430 0.41661080718040466 39
1739986626524 0.10576923191547394 40
1739986627619 0.3484456539154053 41
1739986628710 0.49822384119033813 42
1739986629806 0.3463461697101593 43
1739986630901 0.0 44
1739986632002 0.4645605981349945 45
1739986633099 0.37762001156806946 46
1739986634191 0.2584453523159027 47
1739986635290 0.1810147762298584 48
1739986636391 0.0 49
1739986637489 0.46424490213394165 50
1739986638587 0.49852490425109863 51
1739986639687 0.12921273708343506 52
1739986640786 0.4503002464771271 53
1739986641880 0.5005075335502625 54
1739986642974 0.10835519433021545 55
1739986644071 0.33225947618484497 56
1739986645172 0.5022120475769043 57
1739986646266 0.07271634787321091 58
1739986647354 0.33838924765586853 59
1739986648453 0.498477578163147 60
1739986649557 0.38026106357574463 61
1739986650659 0.37712419033050537 62
1739986651760 0.30023670196533203 63
1739986652859 0.0 64
1739986653955 0.4208618402481079 65
1739986655055 0.4994925260543823 66
1739986656157 0.1086326390504837 67
1739986657250 0.0 68
1739986658344 0.5020250082015991 69
1739986659439 0.5002537965774536 70
1739986660533 0.10732517391443253 71
1739986661626 0.2584492266178131 72
1739986662725 0.5222628116607666 73
1739986663817 0.500678539276123 74
1739986664910 0.34310483932495117 75
1739986666005 0.49420711398124695 76
1739986667101 0.5081099271774292 77
1739986668192 0.4269980192184448 78
1739986669288 0.5285660028457642 79
1739986670384 0.36947527527809143 80
1739986671479 0.4892708957195282 81
1739986672577 0.18853303790092468 82
1739986673673 0.0 83
1739986674764 0.0 84
1739986675859 0.5560832023620605 85
1739986676952 0.5012686848640442 86
1739986678047 0.5414432287216187 87
1739986679140 0.4152151048183441 88
1739986680234 0.49980413913726807 89
1739986681334 0.3229563236236572 90
1739986682437 0.4050365090370178 91
1739986683535 0.16923077404499054 92
1739986684633 0.4962908923625946 93
1739986685727 0.49121227860450745 94
1739986686822 0.5014812350273132 95
1739986687917 0.5050783157348633 96
1739986689009 0.28739169239997864 97
1739986690106 0.15831390023231506 98
1739986691200 0.49560701847076416 99
