1739989568931 0.6672224402427673 0
1739989569332 0.5815252661705017 1
1739989569723 0.5886473059654236 2
1739989570113 0.5072872042655945 3
1739989570505 0.5833333730697632 4
1739989570897 0.6264002919197083 5
1739989571285 0.5923917293548584 6
1739989571676 0.6640692949295044 7
1739989572067 0.7093837261199951 8
1739989572457 0.721876323223114 9
1739989572847 0.7486867308616638 10
1739989573239 0.7509106397628784 11
1739989573629 0.8102275729179382 12
1739989574021 0.8396430015563965 13
1739989574412 0.8412961363792419 14
1739989574802 0.8522360324859619 15
1739989575193 0.8588929176330566 16
1739989575582 0.8644741773605347 17
1739989575969 0.8447334170341492 18
1739989576356 0.8447096347808838 19
1739989576742 0.869452178478241 20
1739989577131 0.888480544090271 21
1739989577523 0.8775255680084229 22
1739989577911 0.8884920477867126 23
1739989578297 0.8989607095718384 24
1739989578683 0.8945390582084656 25
1739989579075 0.9057227969169617 26
1739989579468 0.896587073802948 27
1739989579858 0.9078525900840759 28
1739989580248 0.9257702827453613 29
1739989580635 0.9199689626693726 30
1739989581026 0.9373577833175659 31
1739989581414 0.9294669032096863 32
1739989581804 0.9438283443450928 33
1739989582192 0.9243253469467163 34
1739989582582 0.9655205011367798 35
1739989582974 0.9557453393936157 36
1739989583366 0.9647926092147827 37
1739989583755 0.9276896715164185 38
1739989584143 0.9452080130577087 39
1739989584531 0.9584859609603882 40
1739989584923 0.9555308222770691 41
1739989585312 0.9665038585662842 42
1739989585704 0.9521980285644531 43
1739989586095 0.9612315893173218 44
1739989586483 0.9796141386032104 45
1739989586872 0.933197021484375 46
1739989587263 0.9907407760620117 47
1739989587653 0.9592281579971313 48
1739989588041 0.9721088409423828 49
1739989588432 0.9734157919883728 50
1739989588822 0.9717758893966675 51
1739989589213 0.9540166258811951 52
1739989589605 0.9772043228149414 53
1739989590001 0.978188693523407 54
1739989590393 0.9603089094161987 55
1739989590784 0.9686633944511414 56
1739989591178 0.9887005686759949 57
1739989591569 0.9672724604606628 58
1739989591958 0.9741185903549194 59
1739989592350 0.9724102020263672 60
1739989592742 0.978289008140564 61
1739989593131 0.9703329801559448 62
1739989593519 0.9798088073730469 63
1739989593907 0.9856125712394714 64
1739989594298 0.9766010046005249 65
1739989594687 0.966988742351532 66
1739989595075 0.9780240058898926 67
1739989595462 0.9797980189323425 68
1739989595854 0.9711095690727234 69
1739989596247 0.9657475352287292 70
1739989596635 0.9709860682487488 71
1739989597026 0.9784079790115356 72
1739989597417 0.9828283190727234 73
1739989597807 0.9721280932426453 74
1739989598195 0.973063588142395 75
1739989598582 0.9718741774559021 76
1739989598965 0.9775723218917847 77
1739989599353 0.9781302213668823 78
1739989599740 0.9791128039360046 79
1739989600126 0.9604700803756714 80
1739989600513 0.9884614944458008 81
1739989600896 0.9901961088180542 82
1739989601284 0.9725715517997742 83
1739989601672 0.9784023761749268 84
1739989602057 0.9698874354362488 85
1739989602446 0.982689380645752 86
1739989602834 0.9837962985038757 87
1739989603220 0.9786453247070312 88
1739989603612 0.9889618754386902 89
1739989604007 0.988563060760498 90
1739989604396 0.9749616384506226 91
1739989604801 0.9939393997192383 92
1739989605190 0.9846884608268738 93
1739989605580 0.9767602682113647 94
1739989605969 0.9824561476707458 95
1739989606356 0.9799671173095703 96
1739989606740 0.9788405895233154 97
1739989607128 0.9888520240783691 98
1739989607515 0.9830247759819031 99
