1739989568931 0.2944185733795166 0
1739989569332 0.3945560157299042 1
1739989569723 0.5536658763885498 2
1739989570113 0.6602768898010254 3
1739989570505 0.6975806951522827 4
1739989570897 0.7417852878570557 5
1739989571285 0.7342348098754883 6
1739989571676 0.7444506883621216 7
1739989572067 0.7375000715255737 8
1739989572457 0.741936445236206 9
1739989572847 0.7261408567428589 10
1739989573239 0.7268058657646179 11
1739989573629 0.6942912936210632 12
1739989574021 0.697310209274292 13
1739989574412 0.70865797996521 14
1739989574802 0.7306615710258484 15
1739989575193 0.7256121635437012 16
1739989575582 0.777213454246521 17
1739989575969 0.8470207452774048 18
1739989576356 0.8567189574241638 19
1739989576742 0.8631092309951782 20
1739989577131 0.898023247718811 21
1739989577523 0.915185809135437 22
1739989577911 0.9246041178703308 23
1739989578297 0.8871051669120789 24
1739989578683 0.9139142036437988 25
1739989579075 0.9273818731307983 26
1739989579468 0.9493595361709595 27
1739989579858 0.9547275900840759 28
1739989580248 0.9527778029441833 29
1739989580635 0.9432191252708435 30
1739989581026 0.9741767644882202 31
1739989581414 0.9665038585662842 32
1739989581804 0.9739634990692139 33
1739989582192 0.973082959651947 34
1739989582582 0.9846906661987305 35
1739989582974 0.9770984649658203 36
1739989583366 0.9842018485069275 37
1739989583755 0.9846154451370239 38
1739989584143 0.9935897588729858 39
1739989584531 0.9769231081008911 40
1739989584923 0.9900475740432739 41
1739989585312 1.0 42
1739989585704 0.9727120399475098 43
1739989586095 0.9727312326431274 44
1739989586483 0.9828283190727234 45
1739989586872 1.0 46
1739989587263 0.9769400358200073 47
1739989587653 1.0 48
1739989588041 0.9732669591903687 49
1739989588432 0.9894483089447021 50
1739989588822 1.0 51
1739989589213 0.9945355653762817 52
1739989589605 0.993827223777771 53
1739989590001 0.982990026473999 54
1739989590393 1.0 55
1739989590784 0.9930555820465088 56
1739989591178 0.9855072498321533 57
1739989591569 0.9950248599052429 58
1739989591958 0.9947090148925781 59
1739989592350 0.9871794581413269 60
1739989592742 0.9942528605461121 61
1739989593131 1.0 62
1739989593519 0.9945355653762817 63
1739989593907 0.9887566566467285 64
1739989594298 0.9930555820465088 65
1739989594687 0.9943503141403198 66
1739989595075 0.993827223777771 67
1739989595462 0.9725422859191895 68
1739989595854 1.0 69
1739989596247 1.0 70
1739989596635 0.9950980544090271 71
1739989597026 0.9832345247268677 72
1739989597417 0.9874213933944702 73
1739989597807 0.9931973218917847 74
1739989598195 1.0 75
1739989598582 0.9897435903549194 76
1739989598965 0.9939393997192383 77
1739989599353 0.9839534759521484 78
1739989599740 0.9803921580314636 79
1739989600126 1.0 80
1739989600513 1.0 81
1739989600896 0.9836829900741577 82
1739989601284 0.9949495196342468 83
1739989601672 0.9937106966972351 84
1739989602057 0.982962965965271 85
1739989602446 0.9947916865348816 86
1739989602834 0.9950980544090271 87
1739989603220 0.9954954981803894 88
1739989603612 1.0 89
1739989604007 1.0 90
1739989604396 1.0 91
1739989604801 0.9884353876113892 92
1739989605190 1.0 93
1739989605580 0.9947090148925781 94
1739989605969 0.988521933555603 95
1739989606356 0.9935897588729858 96
1739989606740 1.0 97
1739989607128 0.9830379486083984 98
1739989607515 0.9954954981803894 99
