1739990919121 0.5501018762588501 0
1739990921257 0.6412161588668823 1
1739990923408 0.7062203884124756 2
1739990925566 0.7522311806678772 3
1739990927706 0.78900545835495 4
1739990929848 0.8086297512054443 5
1739990931997 0.8654681444168091 6
1739990934140 0.8838357329368591 7
1739990936282 0.9099350571632385 8
1739990938428 0.9166305661201477 9
1739990940579 0.9261296987533569 10
1739990942714 0.9307485818862915 11
1739990944865 0.932793378829956 12
1739990947010 0.9426859021186829 13
1739990949149 0.9496854543685913 14
1739990951293 0.9633745551109314 15
1739990953433 0.95222008228302 16
1739990955575 0.9667982459068298 17
1739990957722 0.9636957049369812 18
1739990959860 0.9677623510360718 19
1739990962006 0.9731941819190979 20
1739990964151 0.9650432467460632 21
1739990966297 0.9742698073387146 22
1739990968439 0.9703191518783569 23
1739990970580 0.9762108325958252 24
1739990972732 0.9836862087249756 25
1739990974878 0.981738269329071 26
1739990977016 0.9781141877174377 27
1739990979166 0.981982409954071 28
1739990981310 0.9838395118713379 29
1739990983462 0.9817275404930115 30
1739990985612 0.985029399394989 31
1739990987756 0.9796415567398071 32
1739990989900 0.9836107492446899 33
1739990992038 0.9935530424118042 34
1739990994185 0.989529550075531 35
1739990996334 0.9863069653511047 36
1739990998478 0.9900137186050415 37
1739991000621 0.9858229160308838 38
1739991002759 0.9882290363311768 39
1739991004906 0.9891969561576843 40
1739991007057 0.992769718170166 41
1739991009203 0.9964687824249268 42
1739991011344 0.9913826584815979 43
1739991013478 0.9942488670349121 44
1739991015618 0.990138828754425 45
1739991017766 0.987763524055481 46
1739991019918 0.983185887336731 47
1739991022059 0.9879483580589294 48
1739991024189 0.9931595325469971 49
1739991026337 0.9926586747169495 50
1739991028481 0.9927235841751099 51
1739991030628 0.9952115416526794 52
1739991032771 0.9914548397064209 53
1739991034897 0.9953359365463257 54
1739991037036 0.994061291217804 55
1739991039178 0.9945343136787415 56
1739991041323 0.997712254524231 57
1739991043464 0.9978004097938538 58
1739991045593 0.9953086972236633 59
1739991047722 0.9951866865158081 60
1739991049865 0.9940881133079529 61
1739991052016 0.9989011287689209 62
1739991054157 0.9935981631278992 63
1739991056298 0.9940733313560486 64
1739991058412 0.9951192140579224 65
1739991060549 0.9925796389579773 66
1739991062707 0.9932917356491089 67
1739991064848 0.9947679042816162 68
1739991066990 0.9951501488685608 69
1739991069122 0.996598482131958 70
1739991071254 0.9923166632652283 71
1739991073397 0.9940136075019836 72
1739991075550 0.9976054430007935 73
1739991077694 0.9973917603492737 74
1739991079844 0.9964261651039124 75
1739991081973 0.9941843748092651 76
1739991084111 0.9964212775230408 77
1739991086263 0.9949241280555725 78
1739991088410 0.9908714890480042 79
1739991090556 0.997779905796051 80
1739991092697 0.992622971534729 81
1739991094834 0.9988688230514526 82
1739991096981 0.9978566765785217 83
1739991099122 1.0 84
1739991101271 0.9974718689918518 85
1739991103398 0.9950700998306274 86
1739991105542 0.9951542019844055 87
1739991107686 0.9989316463470459 88
1739991109843 0.9987180233001709 89
1739991111990 0.9965642690658569 90
1739991114125 0.9976142644882202 91
1739991116272 0.994262158870697 92
1739991118415 0.9991055727005005 93
1739991120562 0.9965747594833374 94
1739991122718 0.9916555285453796 95
1739991124861 0.9966101050376892 96
1739991127002 0.9902704954147339 97
1739991129147 0.9976280927658081 98
1739991131284 0.9973917603492737 99
