1739990919121 0.535133421421051 0
1739990921257 0.6877102851867676 1
1739990923408 0.755011796951294 2
1739990925566 0.8006935715675354 3
1739990927706 0.8539704084396362 4
1739990929848 0.8643470406532288 5
1739990931997 0.8847141861915588 6
1739990934140 0.9017897844314575 7
1739990936282 0.9143086671829224 8
1739990938428 0.9135697484016418 9
1739990940579 0.9421106576919556 10
1739990942714 0.9372812509536743 11
1739990944865 0.9344862103462219 12
1739990947010 0.9473836421966553 13
1739990949149 0.9417062997817993 14
1739990951293 0.9500648975372314 15
1739990953433 0.952653706073761 16
1739990955575 0.9660885334014893 17
1739990957722 0.9590519070625305 18
1739990959860 0.964563250541687 19
1739990962006 0.960990309715271 20
1739990964151 0.9762283563613892 21
1739990966297 0.966595470905304 22
1739990968439 0.9733497500419617 23
1739990970580 0.9701698422431946 24
1739990972732 0.9806485772132874 25
1739990974878 0.9784138202667236 26
1739990977016 0.9786797761917114 27
1739990979166 0.9836463332176208 28
1739990981310 0.9863286018371582 29
1739990983462 0.9802275896072388 30
1739990985612 0.9839621782302856 31
1739990987756 0.9868444800376892 32
1739990989900 0.9842796921730042 33
1739990992038 0.9848179817199707 34
1739990994185 0.987508237361908 35
1739990996334 0.9891610145568848 36
1739990998478 0.98039710521698 37
1739991000621 0.9897431135177612 38
1739991002759 0.9895281791687012 39
1739991004906 0.9905282855033875 40
1739991007057 0.992087185382843 41
1739991009203 0.993474543094635 42
1739991011344 0.9931842088699341 43
1739991013478 0.9907467365264893 44
1739991015618 0.9871221780776978 45
1739991017766 0.9878334999084473 46
1739991019918 0.9822512865066528 47
1739991022059 0.9907081127166748 48
1739991024189 0.9936624765396118 49
1739991026337 0.9915236830711365 50
1739991028481 0.9926942586898804 51
1739991030628 0.9935550093650818 52
1739991032771 0.993237316608429 53
1739991034897 0.9901000261306763 54
1739991037036 0.9937907457351685 55
1739991039178 0.9940934181213379 56
1739991041323 0.9948063492774963 57
1739991043464 0.9966101050376892 58
1739991045593 0.9964197874069214 59
1739991047722 0.9928870797157288 60
1739991049865 0.9943183660507202 61
1739991052016 0.9949524402618408 62
1739991054157 0.9952213764190674 63
1739991056298 0.9939996600151062 64
1739991058412 0.9925970435142517 65
1739991060549 0.9907251000404358 66
1739991062707 0.9945530891418457 67
1739991064848 0.9931381344795227 68
1739991066990 0.9975186586380005 69
1739991069122 0.9951044321060181 70
1739991071254 0.9928406476974487 71
1739991073397 0.9962563514709473 72
1739991075550 0.9942994117736816 73
1739991077694 0.9961876273155212 74
1739991079844 0.9962868690490723 75
1739991081973 0.9902102947235107 76
1739991084111 0.9954303503036499 77
1739991086263 0.994866132736206 78
1739991088410 0.9944441318511963 79
1739991090556 0.9963619709014893 80
1739991092697 0.998798131942749 81
1739991094834 0.9922476410865784 82
1739991096981 0.9974609017372131 83
1739991099122 0.9975160956382751 84
1739991101271 0.9964286088943481 85
1739991103398 0.9964171648025513 86
1739991105542 0.9972208738327026 87
1739991107686 0.9960873126983643 88
1739991109843 0.9975524544715881 89
1739991111990 0.9975071549415588 90
1739991114125 0.9966911673545837 91
1739991116272 0.9977033138275146 92
1739991118415 0.9941840767860413 93
1739991120562 0.9989316463470459 94
1739991122718 0.9910742044448853 95
1739991124861 0.9960473775863647 96
1739991127002 0.9939690828323364 97
1739991129147 0.9944019913673401 98
1739991131284 0.9974772930145264 99
