1739990919121 0.5154489874839783 0
1739990921257 0.6734672784805298 1
1739990923408 0.7342365384101868 2
1739990925566 0.7813400626182556 3
1739990927706 0.8255608081817627 4
1739990929848 0.8380573391914368 5
1739990931997 0.8729484677314758 6
1739990934140 0.8917909860610962 7
1739990936282 0.9090975522994995 8
1739990938428 0.9135845899581909 9
1739990940579 0.9312885403633118 10
1739990942714 0.9323610663414001 11
1739990944865 0.9330980777740479 12
1739990947010 0.9434743523597717 13
1739990949149 0.9451076984405518 14
1739990951293 0.9569288492202759 15
1739990953433 0.9504770636558533 16
1739990955575 0.9651209115982056 17
1739990957722 0.9615435600280762 18
1739990959860 0.9611073732376099 19
1739990962006 0.9650459885597229 20
1739990964151 0.9696962237358093 21
1739990966297 0.9695244431495667 22
1739990968439 0.9701608419418335 23
1739990970580 0.9726471900939941 24
1739990972732 0.9821609258651733 25
1739990974878 0.9803392291069031 26
1739990977016 0.9778450131416321 27
1739990979166 0.9821121692657471 28
1739990981310 0.9839786291122437 29
1739990983462 0.9814237356185913 30
1739990985612 0.9846419095993042 31
1739990987756 0.9828821420669556 32
1739990989900 0.9836377501487732 33
1739990992038 0.9887153506278992 34
1739990994185 0.9874381422996521 35
1739990996334 0.9876570701599121 36
1739990998478 0.9849168062210083 37
1739991000621 0.9870391488075256 38
1739991002759 0.988477349281311 39
1739991004906 0.9896411299705505 40
1739991007057 0.9917784333229065 41
1739991009203 0.9954112768173218 42
1739991011344 0.991756796836853 43
1739991013478 0.9919329881668091 44
1739991015618 0.9887837171554565 45
1739991017766 0.9878154397010803 46
1739991019918 0.9824493527412415 47
1739991022059 0.9880114197731018 48
1739991024189 0.9935348629951477 49
1739991026337 0.9919819235801697 50
1739991028481 0.9926998019218445 51
1739991030628 0.9946538805961609 52
1739991032771 0.9916867613792419 53
1739991034897 0.9929817318916321 54
1739991037036 0.9940606355667114 55
1739991039178 0.9955224394798279 56
1739991041323 0.9965574741363525 57
1739991043464 0.9969528317451477 58
1739991045593 0.995818018913269 59
1739991047722 0.9939069151878357 60
1739991049865 0.9938104152679443 61
1739991052016 0.9970206618309021 62
1739991054157 0.9943296909332275 63
1739991056298 0.9939719438552856 64
1739991058412 0.9939560294151306 65
1739991060549 0.9916377663612366 66
1739991062707 0.9944335222244263 67
1739991064848 0.9941955804824829 68
1739991066990 0.9963874220848083 69
1739991069122 0.9959381222724915 70
1739991071254 0.9924368858337402 71
1739991073397 0.9951971173286438 72
1739991075550 0.995602011680603 73
1739991077694 0.9969516396522522 74
1739991079844 0.9964002370834351 75
1739991081973 0.9928686022758484 76
1739991084111 0.995695948600769 77
1739991086263 0.9951242804527283 78
1739991088410 0.9920236468315125 79
1739991090556 0.9970840811729431 80
1739991092697 0.9956401586532593 81
1739991094834 0.9959957599639893 82
1739991096981 0.9977758526802063 83
1739991099122 0.99885094165802 84
1739991101271 0.9969058632850647 85
1739991103398 0.995693564414978 86
1739991105542 0.9964574575424194 87
1739991107686 0.9978083372116089 88
1739991109843 0.9981802701950073 89
1739991111990 0.9970685243606567 90
1739991114125 0.9968212246894836 91
1739991116272 0.9958462715148926 92
1739991118415 0.9975215196609497 93
1739991120562 0.9975863695144653 94
1739991122718 0.9917464852333069 95
1739991124861 0.9966332912445068 96
1739991127002 0.9920433759689331 97
1739991129147 0.9955506920814514 98
1739991131284 0.9975419044494629 99
