1739990919121 0.5528194308280945 0
1739990921257 0.6303484439849854 1
1739990923408 0.7085478901863098 2
1739990925566 0.7601971626281738 3
1739990927706 0.8007578253746033 4
1739990929848 0.8288539052009583 5
1739990931997 0.869796872138977 6
1739990934140 0.8908627033233643 7
1739990936282 0.9081425666809082 8
1739990938428 0.9112904071807861 9
1739990940579 0.9334690570831299 10
1739990942714 0.932787299156189 11
1739990944865 0.9314849376678467 12
1739990947010 0.9437943696975708 13
1739990949149 0.9461086988449097 14
1739990951293 0.9561247229576111 15
1739990953433 0.9511014223098755 16
1739990955575 0.9662942290306091 17
1739990957722 0.9606841802597046 18
1739990959860 0.9651393294334412 19
1739990962006 0.9656684994697571 20
1739990964151 0.9697819948196411 21
1739990966297 0.9692819118499756 22
1739990968439 0.9725518226623535 23
1739990970580 0.9711652398109436 24
1739990972732 0.9813263416290283 25
1739990974878 0.9800401329994202 26
1739990977016 0.9782357215881348 27
1739990979166 0.9825540781021118 28
1739990981310 0.9840982556343079 29
1739990983462 0.9800132513046265 30
1739990985612 0.9842551946640015 31
1739990987756 0.9842524528503418 32
1739990989900 0.9840235114097595 33
1739990992038 0.9893678426742554 34
1739990994185 0.9873823523521423 35
1739990996334 0.9880794882774353 36
1739990998478 0.9853019118309021 37
1739991000621 0.987362802028656 38
1739991002759 0.9883516430854797 39
1739991004906 0.989567220211029 40
1739991007057 0.9923540353775024 41
1739991009203 0.9948293566703796 42
1739991011344 0.9925022721290588 43
1739991013478 0.9920879602432251 44
1739991015618 0.9885438680648804 45
1739991017766 0.9877511262893677 46
1739991019918 0.9824000597000122 47
1739991022059 0.9892293214797974 48
1739991024189 0.9945627450942993 49
1739991026337 0.9920462369918823 50
1739991028481 0.9926320910453796 51
1739991030628 0.9943279027938843 52
1739991032771 0.9924717545509338 53
1739991034897 0.9924838542938232 54
1739991037036 0.9937359094619751 55
1739991039178 0.9927006363868713 56
1739991041323 0.9960317015647888 57
1739991043464 0.9969742298126221 58
1739991045593 0.9957243204116821 59
1739991047722 0.99397873878479 60
1739991049865 0.9941163063049316 61
1739991052016 0.996758222579956 62
1739991054157 0.9947386980056763 63
1739991056298 0.9933612942695618 64
1739991058412 0.9938412308692932 65
1739991060549 0.9916544556617737 66
1739991062707 0.9933461546897888 67
1739991064848 0.9942727088928223 68
1739991066990 0.9963125586509705 69
1739991069122 0.995615541934967 70
1739991071254 0.992982029914856 71
1739991073397 0.9950766563415527 72
1739991075550 0.9958902597427368 73
1739991077694 0.9969621896743774 74
1739991079844 0.9963161945343018 75
1739991081973 0.9917314052581787 76
1739991084111 0.9958661794662476 77
1739991086263 0.9950810670852661 78
1739991088410 0.9923936128616333 79
1739991090556 0.9967758655548096 80
1739991092697 0.9959237575531006 81
1739991094834 0.9953957200050354 82
1739991096981 0.9973527789115906 83
1739991099122 0.9987376928329468 84
1739991101271 0.9970360398292542 85
1739991103398 0.9958292245864868 86
1739991105542 0.9962174892425537 87
1739991107686 0.9973090887069702 88
1739991109843 0.9981990456581116 89
1739991111990 0.9968556761741638 90
1739991114125 0.9970688819885254 91
1739991116272 0.9956656098365784 92
1739991118415 0.9961414933204651 93
1739991120562 0.9975064992904663 94
1739991122718 0.9917024970054626 95
1739991124861 0.9960576295852661 96
1739991127002 0.992428183555603 97
1739991129147 0.995954692363739 98
1739991131284 0.9976184964179993 99
