1739990665100 0.5880963802337646 0
1739990665588 0.5867728590965271 1
1739990666072 0.5141968131065369 2
1739990666556 0.6421111226081848 3
1739990667038 0.7186979055404663 4
1739990667522 0.7119118571281433 5
1739990668004 0.7350170612335205 6
1739990668484 0.7608113288879395 7
1739990668967 0.7737574577331543 8
1739990669457 0.7790765762329102 9
1739990669938 0.8036882281303406 10
1739990670422 0.8427721858024597 11
1739990670904 0.8707236051559448 12
1739990671384 0.8721868395805359 13
1739990671862 0.8755902051925659 14
1739990672341 0.9108419418334961 15
1739990672824 0.9215564727783203 16
1739990673303 0.9250174760818481 17
1739990673789 0.9301337599754333 18
1739990674270 0.927323043346405 19
1739990674752 0.9458016753196716 20
1739990675231 0.9596916437149048 21
1739990675714 0.9556135535240173 22
1739990676197 0.9543013572692871 23
1739990676679 0.9529242515563965 24
1739990677162 0.9627634882926941 25
1739990677637 0.9717549681663513 26
1739990678121 0.9762080907821655 27
1739990678605 0.9706645011901855 28
1739990679087 0.966815173625946 29
1739990679566 0.9777287840843201 30
1739990680045 0.9697494506835938 31
1739990680529 0.979741096496582 32
1739990681013 0.9889613389968872 33
1739990681496 0.9830965399742126 34
1739990681976 0.9765868186950684 35
1739990682456 0.9746870994567871 36
1739990682937 0.9878115653991699 37
1739990683418 0.9803593158721924 38
1739990683899 0.9796454906463623 39
1739990684383 0.9815205335617065 40
1739990684866 0.9729949235916138 41
1739990685349 0.9808908700942993 42
1739990685829 0.9824734926223755 43
1739990686309 0.9853221774101257 44
1739990686793 0.9785503149032593 45
1739990687275 0.9898576736450195 46
1739990687757 0.9813709259033203 47
1739990688240 0.9924259185791016 48
1739990688723 0.985845685005188 49
1739990689206 0.9879624247550964 50
1739990689685 0.9799658060073853 51
1739990690168 0.9879117012023926 52
1739990690651 0.980608344078064 53
1739990691133 0.9879555702209473 54
1739990691613 0.9858464002609253 55
1739990692095 0.9808189868927002 56
1739990692575 0.9867920875549316 57
1739990693058 0.981665849685669 58
1739990693540 0.9726357460021973 59
1739990694025 0.9798623323440552 60
1739990694504 0.9845089912414551 61
1739990694985 0.9731346964836121 62
1739990695464 0.9867291450500488 63
1739990695946 0.9894593954086304 64
1739990696428 0.9918803572654724 65
1739990696905 0.9897483587265015 66
1739990697389 0.9863261580467224 67
1739990697868 0.985426127910614 68
1739990698356 0.9947802424430847 69
1739990698838 0.9841270446777344 70
1739990699316 0.9796559810638428 71
1739990699795 0.9854633212089539 72
1739990700274 0.9857484698295593 73
1739990700752 0.9836102724075317 74
1739990701232 0.9864369630813599 75
1739990701715 0.9917309284210205 76
1739990702194 0.9906061887741089 77
1739990702675 0.987879753112793 78
1739990703151 0.9791964292526245 79
1739990703621 0.9882805347442627 80
1739990704089 0.9781791567802429 81
1739990704576 0.9812942743301392 82
1739990705052 0.9804686307907104 83
1739990705540 0.9901098608970642 84
1739990706020 0.9850177764892578 85
1739990706497 0.9898514747619629 86
1739990706973 0.9871950149536133 87
1739990707452 0.9906606078147888 88
1739990707937 0.9817862510681152 89
1739990708421 0.9876834154129028 90
1739990708902 0.9868378043174744 91
1739990709382 0.989681601524353 92
1739990709859 0.9806123971939087 93
1739990710341 0.9870419502258301 94
1739990710822 0.9858031272888184 95
1739990711302 0.987122654914856 96
1739990711782 0.9829696416854858 97
1739990712261 0.9912630915641785 98
1739990712744 0.9838950634002686 99
