1739990665100 0.3312332332134247 0
1739990665588 0.543848991394043 1
1739990666072 0.611901044845581 2
1739990666556 0.6950892210006714 3
1739990667038 0.7056416869163513 4
1739990667522 0.7321709394454956 5
1739990668004 0.747288703918457 6
1739990668484 0.7274957895278931 7
1739990668967 0.7544645667076111 8
1739990669457 0.7525755167007446 9
1739990669938 0.7548562288284302 10
1739990670422 0.8542959094047546 11
1739990670904 0.8671666383743286 12
1739990671384 0.8730860948562622 13
1739990671862 0.884204626083374 14
1739990672341 0.9138874411582947 15
1739990672824 0.9281861186027527 16
1739990673303 0.9252485632896423 17
1739990673789 0.9311646819114685 18
1739990674270 0.9295303821563721 19
1739990674752 0.9485353231430054 20
1739990675231 0.9585039615631104 21
1739990675714 0.9572341442108154 22
1739990676197 0.9570893049240112 23
1739990676679 0.9528051614761353 24
1739990677162 0.9655880928039551 25
1739990677637 0.9691044688224792 26
1739990678121 0.9767748713493347 27
1739990678605 0.9731664657592773 28
1739990679087 0.968547523021698 29
1739990679566 0.9797636866569519 30
1739990680045 0.9697085618972778 31
1739990680529 0.9803253412246704 32
1739990681013 0.9901081919670105 33
1739990681496 0.9824786186218262 34
1739990681976 0.9750152826309204 35
1739990682456 0.9746879935264587 36
1739990682937 0.9857360124588013 37
1739990683418 0.9795287847518921 38
1739990683899 0.9778306484222412 39
1739990684383 0.9819280505180359 40
1739990684866 0.9759646654129028 41
1739990685349 0.9823147654533386 42
1739990685829 0.9830915331840515 43
1739990686309 0.9853562116622925 44
1739990686793 0.9795231223106384 45
1739990687275 0.9892041087150574 46
1739990687757 0.9779836535453796 47
1739990688240 0.9918414950370789 48
1739990688723 0.9847116470336914 49
1739990689206 0.9879986643791199 50
1739990689685 0.9804100394248962 51
1739990690168 0.9879553318023682 52
1739990690651 0.9826776385307312 53
1739990691133 0.9855144023895264 54
1739990691613 0.984788179397583 55
1739990692095 0.9792957305908203 56
1739990692575 0.9870363473892212 57
1739990693058 0.9814097285270691 58
1739990693540 0.9762442111968994 59
1739990694025 0.976638674736023 60
1739990694504 0.9861935377120972 61
1739990694985 0.9769548773765564 62
1739990695464 0.9889734983444214 63
1739990695946 0.9893144965171814 64
1739990696428 0.9924525618553162 65
1739990696905 0.9913620948791504 66
1739990697389 0.9865080118179321 67
1739990697868 0.9893945455551147 68
1739990698356 0.9947801828384399 69
1739990698838 0.9846153259277344 70
1739990699316 0.9806815385818481 71
1739990699795 0.9880427122116089 72
1739990700274 0.9864553809165955 73
1739990700752 0.981696605682373 74
1739990701232 0.9871382117271423 75
1739990701715 0.9921815395355225 76
1739990702194 0.9904801845550537 77
1739990702675 0.9881007671356201 78
1739990703151 0.980508029460907 79
1739990703621 0.9901238679885864 80
1739990704089 0.9769050478935242 81
1739990704576 0.9820282459259033 82
1739990705052 0.9826934337615967 83
1739990705540 0.9882111549377441 84
1739990706020 0.9884366989135742 85
1739990706497 0.9888190627098083 86
1739990706973 0.9886621236801147 87
1739990707452 0.9881707429885864 88
1739990707937 0.981245756149292 89
1739990708421 0.9883007407188416 90
1739990708902 0.9865996241569519 91
1739990709382 0.9893492460250854 92
1739990709859 0.9824000597000122 93
1739990710341 0.9888178110122681 94
1739990710822 0.9843026399612427 95
1739990711302 0.9865319728851318 96
1739990711782 0.9826055765151978 97
1739990712261 0.9928500056266785 98
1739990712744 0.9826526045799255 99
