1739986411446 0.43183422088623047 0
1739986411718 0.43539175391197205 1
1739986411984 0.3202928304672241 2
1739986412246 0.650452733039856 3
1739986412511 0.01075268816202879 4
1739986412777 0.23076924681663513 5
1739986413045 0.6639241576194763 6
1739986413315 0.6452032327651978 7
1739986413580 0.0 8
1739986413844 0.0 9
1739986414110 0.62879478931427 10
1739986414370 0.6620686054229736 11
1739986414636 0.660492479801178 12
1739986414902 0.0 13
1739986415165 0.0 14
1739986415434 0.3835214376449585 15
1739986415697 0.668291449546814 16
1739986415962 0.6688048243522644 17
1739986416227 0.1931818127632141 18
1739986416492 0.41277527809143066 19
1739986416757 0.6633231043815613 20
1739986417019 0.4436887204647064 21
1739986417284 0.0 22
1739986417548 0.0 23
1739986417815 0.6243519186973572 24
1739986418079 0.6662807464599609 25
1739986418345 0.6630910634994507 26
1739986418612 0.1774580329656601 27
1739986418874 0.0 28
1739986419143 0.4884188175201416 29
1739986419416 0.6672002077102661 30
1739986419682 0.665500283241272 31
1739986419944 0.6648368239402771 32
1739986420204 0.13219545781612396 33
1739986420462 0.0 34
1739986420724 0.11990050971508026 35
1739986420989 0.22094297409057617 36
1739986421251 0.4143545627593994 37
1739986421509 0.0 38
1739986421774 0.6672466993331909 39
1739986422043 0.6660542488098145 40
1739986422305 0.21754387021064758 41
1739986422565 0.222222238779068 42
1739986422831 0.6616489291191101 43
1739986423097 0.4360587000846863 44
1739986423363 0.0 45
1739986423626 0.21052631735801697 46
1739986423883 0.6690182089805603 47
1739986424148 0.6645540595054626 48
1739986424414 0.1168132945895195 49
1739986424675 0.4197191596031189 50
1739986424936 0.1991342008113861 51
1739986425194 0.0 52
1739986425460 0.42949074506759644 53
1739986425722 0.6641296148300171 54
1739986425988 0.44843393564224243 55
1739986426254 0.0 56
1739986426522 0.0 57
1739986426786 0.21935485303401947 58
1739986427054 0.6668257713317871 59
1739986427321 0.6616963148117065 60
1739986427579 0.66595858335495 61
1739986427844 0.45689380168914795 62
1739986428113 0.0 63
1739986428378 0.0 64
1739986428644 0.0 65
1739986428909 0.41138869524002075 66
1739986429173 0.6629877090454102 67
1739986429439 0.46177566051483154 68
1739986429707 0.0 69
1739986429974 0.0 70
1739986430239 0.0 71
1739986430505 0.6496790051460266 72
1739986430765 0.665500283241272 73
1739986431027 0.6689929366111755 74
1739986431288 0.19103315472602844 75
1739986431552 0.0 76
1739986431816 0.0 77
1739986432074 0.4424622058868408 78
1739986432337 0.19780221581459045 79
1739986432597 0.20750552415847778 80
1739986432859 0.5814322233200073 81
1739986433121 0.5797659158706665 82
1739986433386 0.3962370753288269 83
1739986433652 0.20270270109176636 84
1739986433917 0.6609009504318237 85
1739986434181 0.19259260594844818 86
1739986434445 0.0 87
1739986434705 0.6666044592857361 88
1739986434967 0.4238930344581604 89
1739986435236 0.6671139001846313 90
1739986435499 0.4659777581691742 91
1739986435762 0.01111111231148243 92
1739986436027 0.15841585397720337 93
1739986436291 0.6604136824607849 94
1739986436552 0.6584286093711853 95
1739986436815 0.23462605476379395 96
1739986437078 0.0 97
1739986437341 0.0 98
1739986437603 0.21935485303401947 99
