1739986411446 0.37491375207901 0
1739986411718 0.21276596188545227 1
1739986411984 0.4238538444042206 2
1739986412246 0.09401710331439972 3
1739986412511 0.664550244808197 4
1739986412777 0.47431111335754395 5
1739986413045 0.0 6
1739986413315 0.1746031939983368 7
1739986413580 0.6598064303398132 8
1739986413844 0.6641345620155334 9
1739986414110 0.16246499121189117 10
1739986414370 0.0 11
1739986414636 0.1606425791978836 12
1739986414902 0.6654765605926514 13
1739986415165 0.6677507758140564 14
1739986415434 0.3922377824783325 15
1739986415697 0.010416666977107525 16
1739986415962 0.01388888992369175 17
1739986416227 0.44829225540161133 18
1739986416492 0.27010753750801086 19
1739986416757 0.0 20
1739986417019 0.6150686144828796 21
1739986417284 0.6647896766662598 22
1739986417548 0.6647456884384155 23
1739986417815 0.16279879212379456 24
1739986418079 0.0 25
1739986418345 0.0 26
1739986418612 0.5771176815032959 27
1739986418874 0.6660542488098145 28
1739986419143 0.25752347707748413 29
1739986419416 0.0 30
1739986419682 0.0 31
1739986419944 0.0 32
1739986420204 0.6655377149581909 33
1739986420462 0.6654053926467896 34
1739986420724 0.6342473030090332 35
1739986420989 0.43603309988975525 36
1739986421251 0.3047292232513428 37
1739986421509 0.6630910634994507 38
1739986421774 0.0 39
1739986422043 0.0 40
1739986422305 0.4365653693675995 41
1739986422565 0.44405850768089294 42
1739986422831 0.0 43
1739986423097 0.37614017724990845 44
1739986423363 0.6643654704093933 45
1739986423626 0.4344652593135834 46
1739986423883 0.0 47
1739986424148 0.0 48
1739986424414 0.6667485237121582 49
1739986424675 0.20036429166793823 50
1739986424936 0.5563693046569824 51
1739986425194 0.6637752056121826 52
1739986425460 0.21033868193626404 53
1739986425722 0.0 54
1739986425988 0.25007033348083496 55
1739986426254 0.6685857772827148 56
1739986426522 0.6626731157302856 57
1739986426786 0.4397905766963959 58
1739986427054 0.0 59
1739986427321 0.0 60
1739986427579 0.0 61
1739986427844 0.26932328939437866 62
1739986428113 0.6661487817764282 63
1739986428378 0.6671220064163208 64
1739986428644 0.6612375974655151 65
1739986428909 0.3330521583557129 66
1739986429173 0.0 67
1739986429439 0.22649572789669037 68
1739986429707 0.6665701866149902 69
1739986429974 0.6660542488098145 70
1739986430239 0.6615575551986694 71
1739986430505 0.07407407462596893 72
1739986430765 0.0 73
1739986431027 0.0 74
1739986431288 0.47247618436813354 75
1739986431552 0.6662807464599609 76
1739986431816 0.6602619886398315 77
1739986432074 0.21146953105926514 78
1739986432337 0.41841161251068115 79
1739986432597 0.4322095513343811 80
1739986432859 0.25934070348739624 81
1739986433121 0.1774580329656601 82
1739986433386 0.3797379434108734 83
1739986433652 0.44609928131103516 84
1739986433917 0.07511737197637558 85
1739986434181 0.41291093826293945 86
1739986434445 0.6629109382629395 87
1739986434705 0.04010695219039917 88
1739986434967 0.26042044162750244 89
1739986435236 0.049751244485378265 90
1739986435499 0.1835748851299286 91
1739986435762 0.663663387298584 92
1739986436027 0.6103418469429016 93
1739986436291 0.0 94
1739986436552 0.0 95
1739986436815 0.4461057186126709 96
1739986437078 0.6653837561607361 97
1739986437341 0.6666426062583923 98
1739986437603 0.44197165966033936 99
