1739980000267 0.27222225069999695 0
1739980004164 0.279629647731781 1
1739980008065 0.27222225069999695 2
1739980011953 0.44814813137054443 3
1739980015826 0.35370373725891113 4
1739980019679 0.011111111380159855 5
1739980023533 0.3888888955116272 6
1739980027386 0.3240741193294525 7
1739980031254 0.059259261935949326 8
1739980035125 0.22777777910232544 9
1739980039011 0.16111111640930176 10
1739980042921 0.25555557012557983 11
1739980046778 0.1944444477558136 12
1739980050675 0.0 13
1739980054579 0.09444444626569748 14
1739980058458 0.14259259402751923 15
1739980062332 0.279629647731781 16
1739980066215 0.23148149251937866 17
1739980070105 0.059259261935949326 18
1739980073964 0.49074071645736694 19
1739980077835 0.11296296119689941 20
1739980081721 0.3259259760379791 21
1739980085617 0.22037038207054138 22
1739980089512 0.053703706711530685 23
1739980093426 0.20185184478759766 24
1739980097332 0.3351852297782898 25
1739980101241 0.14444445073604584 26
1739980105199 0.3777778148651123 27
1739980109251 0.06481482088565826 28
1739980113277 0.08888889104127884 29
1739980117368 0.35740742087364197 30
1739980121413 0.12037037312984467 31
1739980125457 0.3055555820465088 32
1739980129489 0.10925927013158798 33
1739980133466 0.3074074387550354 34
1739980137346 0.0703703761100769 35
1739980141204 0.2629629969596863 36
1739980145077 0.46481481194496155 37
1739980148939 0.0 38
1739980152818 0.2648148536682129 39
1739980156677 0.2240740954875946 40
1739980160551 0.07222222536802292 41
1739980164421 0.04074074327945709 42
1739980168340 0.03888889029622078 43
1739980172236 0.007407407741993666 44
1739980176090 0.3074074387550354 45
1739980179951 0.16296295821666718 46
1739980183832 0.2666666805744171 47
1739980187700 0.2944444715976715 48
1739980191582 0.17592594027519226 49
1739980195444 0.12037037312984467 50
1739980199327 0.0055555556900799274 51
1739980203177 0.16851851344108582 52
1739980206980 0.1666666567325592 53
1739980210792 0.16851851344108582 54
1739980214596 0.05925926938652992 55
1739980218453 0.1814814954996109 56
1739980222328 0.25925928354263306 57
1739980226260 0.25740745663642883 58
1739980230248 0.19074076414108276 59
1739980234169 0.0 60
1739980238061 0.2611111104488373 61
1739980241976 0.5074073672294617 62
1739980245851 0.1925925761461258 63
1739980249742 0.2685185372829437 64
1739980253630 0.01666666753590107 65
1739980257496 0.1925925761461258 66
1739980261475 0.5814814567565918 67
1739980265451 0.5851851105690002 68
1739980269414 0.4814814329147339 69
1739980273280 0.3166666626930237 70
1739980277228 0.4962962865829468 71
1739980281104 0.368518590927124 72
1739980284990 0.37037041783332825 73
1739980289036 0.13148148357868195 74
1739980292972 0.3351852297782898 75
1739980296876 0.16111111640930176 76
1739980300782 0.3740741014480591 77
1739980304704 0.5796294808387756 78
1739980308578 0.30185186862945557 79
1739980312490 0.28518521785736084 80
1739980316369 0.5796295404434204 81
1739980320239 0.5944443941116333 82
1739980324099 0.1407407522201538 83
1739980327974 0.23518520593643188 84
1739980331846 0.3481481671333313 85
1739980335710 0.581481397151947 86
1739980339556 0.22962962090969086 87
1739980343471 0.3888888955116272 88
1739980347456 0.17407406866550446 89
1739980351432 0.4574073851108551 90
1739980355325 0.4314815104007721 91
1739980359230 0.15925925970077515 92
1739980363121 0.5555554628372192 93
1739980366996 0.3740741014480591 94
1739980370885 0.2907407879829407 95
1739980374816 0.21111111342906952 96
1739980378831 0.4296296238899231 97
1739980382708 0.07592593133449554 98
1739980386569 0.28518521785736084 99
