1739980000267 0.30185189843177795 0
1739980004164 0.28888893127441406 1
1739980008065 0.25555557012557983 2
1739980011953 0.1537037044763565 3
1739980015826 0.23333333432674408 4
1739980019679 0.5537036657333374 5
1739980023533 0.1814814954996109 6
1739980027386 0.25925928354263306 7
1739980031254 0.5148147940635681 8
1739980035125 0.3055555820465088 9
1739980039011 0.4203703701496124 10
1739980042921 0.31296297907829285 11
1739980046778 0.37222227454185486 12
1739980050675 0.5759258270263672 13
1739980054579 0.4796295762062073 14
1739980058458 0.4722221791744232 15
1739980062332 0.31851857900619507 16
1739980066215 0.3351852297782898 17
1739980070105 0.5296295881271362 18
1739980073964 0.0833333358168602 19
1739980077835 0.45370370149612427 20
1739980081721 0.2203703671693802 21
1739980085617 0.3759259581565857 22
1739980089512 0.5092592239379883 23
1739980093426 0.35370373725891113 24
1739980097332 0.20000000298023224 25
1739980101241 0.4296296238899231 26
1739980105199 0.18703702092170715 27
1739980109251 0.4851851761341095 28
1739980113277 0.4722221791744232 29
1739980117368 0.1796296238899231 30
1739980121413 0.46481481194496155 31
1739980125457 0.2611111104488373 32
1739980129489 0.42777779698371887 33
1739980133466 0.24444444477558136 34
1739980137346 0.48148149251937866 35
1739980141204 0.2962963283061981 36
1739980145077 0.138888880610466 37
1739980148939 0.5870369672775269 38
1739980152818 0.3351851999759674 39
1739980156677 0.3351851999759674 40
1739980160551 0.51666659116745 41
1739980164421 0.5703702569007874 42
1739980168340 0.5370370149612427 43
1739980172236 0.5870369672775269 44
1739980176090 0.25740739703178406 45
1739980179951 0.4185185134410858 46
1739980183832 0.2907407581806183 47
1739980187700 0.25740742683410645 48
1739980191582 0.3777778148651123 49
1739980195444 0.45000001788139343 50
1739980199327 0.5888888239860535 51
1739980203177 0.35925930738449097 52
1739980206980 0.32962965965270996 53
1739980210792 0.39814817905426025 54
1739980214596 0.5333332419395447 55
1739980218453 0.38333338499069214 56
1739980222328 0.3185185492038727 57
1739980226260 0.2888889014720917 58
1739980230248 0.34444448351860046 59
1739980234169 0.5870369076728821 60
1739980238061 0.2925926148891449 61
1739980241976 0.09074074774980545 62
1739980245851 0.4185185432434082 63
1739980249742 0.28888893127441406 64
1739980253630 0.5444444417953491 65
1739980257496 0.3629629909992218 66
1739980261475 0.0 67
1739980265451 0.0 68
1739980269414 0.07222222536802292 69
1739980273280 0.22407406568527222 70
1739980277228 0.05925926938652992 71
1739980281104 0.21296295523643494 72
1739980284990 0.2370370477437973 73
1739980289036 0.42222222685813904 74
1739980292972 0.2074074000120163 75
1739980296876 0.3999999761581421 76
1739980300782 0.1944444477558136 77
1739980304704 0.0 78
1739980308578 0.279629647731781 79
1739980312490 0.29814815521240234 80
1739980316369 0.0 81
1739980320239 0.0 82
1739980324099 0.4296296238899231 83
1739980327974 0.31296297907829285 84
1739980331846 0.20185187458992004 85
1739980335710 0.0 86
1739980339556 0.34259265661239624 87
1739980343471 0.17777776718139648 88
1739980347456 0.38518521189689636 89
1739980351432 0.10555555671453476 90
1739980355325 0.11851851642131805 91
1739980359230 0.4037036895751953 92
1739980363121 0.009259260259568691 93
1739980366996 0.19629628956317902 94
1739980370885 0.279629647731781 95
1739980374816 0.34259262681007385 96
1739980378831 0.1388888955116272 97
1739980382708 0.47777774930000305 98
1739980386569 0.2777778208255768 99
