1739990665100 0.49805712699890137 0
1739990665588 0.5742723345756531 1
1739990666072 0.6001946926116943 2
1739990666556 0.7119717001914978 3
1739990667038 0.7040511965751648 4
1739990667522 0.7545895576477051 5
1739990668004 0.747056245803833 6
1739990668484 0.7186131477355957 7
1739990668967 0.7483910322189331 8
1739990669457 0.7476657629013062 9
1739990669938 0.7496581077575684 10
1739990670422 0.8522424101829529 11
1739990670904 0.8697746992111206 12
1739990671384 0.8727256655693054 13
1739990671862 0.8993127346038818 14
1739990672341 0.9183655977249146 15
1739990672824 0.9416651725769043 16
1739990673303 0.9412583112716675 17
1739990673789 0.9471975564956665 18
1739990674270 0.9444936513900757 19
1739990674752 0.9723419547080994 20
1739990675231 0.9690117835998535 21
1739990675714 0.9666420221328735 22
1739990676197 0.9830745458602905 23
1739990676679 0.9476372599601746 24
1739990677162 0.9895833730697632 25
1739990677637 0.9770945310592651 26
1739990678121 1.0 27
1739990678605 0.9739537239074707 28
1739990679087 0.987013041973114 29
1739990679566 0.9905635714530945 30
1739990680045 0.9765657186508179 31
1739990680529 0.995238184928894 32
1739990681013 1.0 33
1739990681496 0.9897217154502869 34
1739990681976 0.9947916865348816 35
1739990682456 0.9746949076652527 36
1739990682937 1.0 37
1739990683418 0.9822222590446472 38
1739990683899 1.0 39
1739990684383 0.984375 40
1739990684866 0.9770553112030029 41
1739990685349 0.9947916865348816 42
1739990685829 0.9947916865348816 43
1739990686309 0.9946236610412598 44
1739990686793 0.9888765215873718 45
1739990687275 0.9895424842834473 46
1739990687757 0.9815652370452881 47
1739990688240 0.9954954981803894 48
1739990688723 0.9916666746139526 49
1739990689206 0.9946236610412598 50
1739990689685 0.9843434691429138 51
1739990690168 1.0 52
1739990690651 0.9839940071105957 53
1739990691133 0.9858517050743103 54
1739990691613 0.9947916865348816 55
1739990692095 0.9904057383537292 56
1739990692575 0.9802188873291016 57
1739990693058 0.9849288463592529 58
1739990693540 0.9916666746139526 59
1739990694025 0.9825465083122253 60
1739990694504 0.9859195947647095 61
1739990694985 0.985489547252655 62
1739990695464 0.9844489097595215 63
1739990695946 1.0 64
1739990696428 0.9944444894790649 65
1739990696905 1.0 66
1739990697389 0.9863261580467224 67
1739990697868 0.9880952835083008 68
1739990698356 0.9950980544090271 69
1739990698838 1.0 70
1739990699316 0.9890681505203247 71
1739990699795 0.9833333492279053 72
1739990700274 0.9859225749969482 73
1739990700752 0.983251690864563 74
1739990701232 0.9846154451370239 75
1739990701715 0.9881250262260437 76
1739990702194 0.9924242496490479 77
1739990702675 0.9912281036376953 78
1739990703151 0.9838361740112305 79
1739990703621 0.9874169230461121 80
1739990704089 0.9798915386199951 81
1739990704576 0.9886974096298218 82
1739990705052 0.988776683807373 83
1739990705540 0.9864082336425781 84
1739990706020 0.988034188747406 85
1739990706497 1.0 86
1739990706973 0.9944444894790649 87
1739990707452 0.990468442440033 88
1739990707937 0.980928361415863 89
1739990708421 0.9843453764915466 90
1739990708902 0.9892038106918335 91
1739990709382 0.9850529432296753 92
1739990709859 0.9778503775596619 93
1739990710341 0.9831294417381287 94
1739990710822 0.9882134199142456 95
1739990711302 0.9897484183311462 96
1739990711782 0.9864583015441895 97
1739990712261 0.988776683807373 98
1739990712744 0.9895247220993042 99
