1739990665100 0.48420464992523193 0
1739990665588 0.575209379196167 1
1739990666072 0.5545397400856018 2
1739990666556 0.649761438369751 3
1739990667038 0.7303451299667358 4
1739990667522 0.7057045698165894 5
1739990668004 0.7384635210037231 6
1739990668484 0.7953476309776306 7
1739990668967 0.7870773077011108 8
1739990669457 0.7954647541046143 9
1739990669938 0.8437637090682983 10
1739990670422 0.848365306854248 11
1739990670904 0.8766002058982849 12
1739990671384 0.876798152923584 13
1739990671862 0.8665735721588135 14
1739990672341 0.9096237421035767 15
1739990672824 0.913069486618042 16
1739990673303 0.9078261256217957 17
1739990673789 0.9132652282714844 18
1739990674270 0.9143075942993164 19
1739990674752 0.924282968044281 20
1739990675231 0.9468862414360046 21
1739990675714 0.944841742515564 22
1739990676197 0.9322184920310974 23
1739990676679 0.9579256772994995 24
1739990677162 0.9430665373802185 25
1739990677637 0.964110255241394 26
1739990678121 0.9552918672561646 27
1739990678605 0.9694163203239441 28
1739990679087 0.9525865316390991 29
1739990679566 0.9717491865158081 30
1739990680045 0.9713191390037537 31
1739990680529 0.9676722288131714 32
1739990681013 0.9809028506278992 33
1739990681496 0.9760100841522217 34
1739990681976 0.9566227793693542 35
1739990682456 0.9730463027954102 36
1739990682937 0.9725308418273926 37
1739990683418 0.9797794222831726 38
1739990683899 0.9572358131408691 39
1739990684383 0.9792771339416504 40
1739990684866 0.9716219902038574 41
1739990685349 0.9704939723014832 42
1739990685829 0.9719828963279724 43
1739990686309 0.9761409163475037 44
1739990686793 0.9693350195884705 45
1739990687275 0.9888889193534851 46
1739990687757 0.9762500524520874 47
1739990688240 0.9898990392684937 48
1739990688723 0.978291392326355 49
1739990689206 0.9813492298126221 50
1739990689685 0.9766544699668884 51
1739990690168 0.9763645529747009 52
1739990690651 0.980881929397583 53
1739990691133 0.9885392189025879 54
1739990691613 0.975214958190918 55
1739990692095 0.9708964824676514 56
1739990692575 0.9953703880310059 57
1739990693058 0.9798210859298706 58
1739990693540 0.9620653390884399 59
1739990694025 0.9744318723678589 60
1739990694504 0.9854256510734558 61
1739990694985 0.9716776609420776 62
1739990695464 0.9898897409439087 63
1739990695946 0.9791370630264282 64
1739990696428 0.9898897409439087 65
1739990696905 0.9831649661064148 66
1739990697389 0.9865080118179321 67
1739990697868 0.9852997064590454 68
1739990698356 0.9950980544090271 69
1739990698838 0.970588207244873 70
1739990699316 0.971842885017395 71
1739990699795 0.9908658862113953 72
1739990700274 0.986801266670227 73
1739990700752 0.9844920039176941 74
1739990701232 0.990468442440033 75
1739990701715 0.993827223777771 76
1739990702194 0.9901191592216492 77
1739990702675 0.984207034111023 78
1739990703151 0.9733272790908813 79
1739990703621 0.9892038106918335 80
1739990704089 0.9754927158355713 81
1739990704576 0.9743231534957886 82
1739990705052 0.9762348532676697 83
1739990705540 0.9953703880310059 84
1739990706020 0.9863547682762146 85
1739990706497 0.9782478213310242 86
1739990706973 0.9824752807617188 87
1739990707452 0.9878748655319214 88
1739990707937 0.9851444959640503 89
1739990708421 0.9920635223388672 90
1739990708902 0.9840774536132812 91
1739990709382 0.9950980544090271 92
1739990709859 0.9847316145896912 93
1739990710341 0.9920635223388672 94
1739990710822 0.985714316368103 95
1739990711302 0.9840774536132812 96
1739990711782 0.9789773225784302 97
1739990712261 0.9954954981803894 98
1739990712744 0.9776021838188171 99
