1739980000267 0.35555556416511536 0
1739980004164 0.36666667461395264 1
1739980008065 0.35555556416511536 2
1739980011953 0.5805555582046509 3
1739980015826 0.4472222328186035 4
1739980019679 0.01666666753590107 5
1739980023533 0.5083333253860474 6
1739980027386 0.4194444417953491 7
1739980031254 0.08055555820465088 8
1739980035125 0.30277779698371887 9
1739980039011 0.2083333432674408 10
1739980042921 0.31111112236976624 11
1739980046778 0.25833332538604736 12
1739980050675 0.0 13
1739980054579 0.11666666716337204 14
1739980058458 0.18333333730697632 15
1739980062332 0.3611111342906952 16
1739980066215 0.30000001192092896 17
1739980070105 0.06666667014360428 18
1739980073964 0.625 19
1739980077835 0.14444445073604584 20
1739980081721 0.4166666865348816 21
1739980085617 0.2805555760860443 22
1739980089512 0.07222222536802292 23
1739980093426 0.25 24
1739980097332 0.4333333373069763 25
1739980101241 0.18611112236976624 26
1739980105199 0.49166667461395264 27
1739980109251 0.08888889104127884 28
1739980113277 0.11944444477558136 29
1739980117368 0.4472222328186035 30
1739980121413 0.15555556118488312 31
1739980125457 0.3916666805744171 32
1739980129489 0.1388888955116272 33
1739980133466 0.4000000059604645 34
1739980137346 0.08611111342906952 35
1739980141204 0.33888888359069824 36
1739980145077 0.5833333730697632 37
1739980148939 0.0 38
1739980152818 0.33888888359069824 39
1739980156677 0.2916666865348816 40
1739980160551 0.08888889104127884 41
1739980164421 0.04722222313284874 42
1739980168340 0.05000000074505806 43
1739980172236 0.008333333767950535 44
1739980176090 0.3916666805744171 45
1739980179951 0.20000000298023224 46
1739980183832 0.3444444537162781 47
1739980187700 0.3777777850627899 48
1739980191582 0.21666666865348816 49
1739980195444 0.15833333134651184 50
1739980199327 0.0055555556900799274 51
1739980203177 0.21666666865348816 52
1739980206980 0.2222222238779068 53
1739980210792 0.2222222238779068 54
1739980214596 0.06388889253139496 55
1739980218453 0.2222222238779068 56
1739980222328 0.3333333432674408 57
1739980226260 0.33888888359069824 58
1739980230248 0.25 59
1739980234169 0.0 60
1739980238061 0.3333333432674408 61
1739980241976 0.6527777910232544 62
1739980245851 0.25 63
1739980249742 0.3361111283302307 64
1739980253630 0.01944444514811039 65
1739980257496 0.23888888955116272 66
1739980261475 0.7444444894790649 67
1739980265451 0.7555555701255798 68
1739980269414 0.6277778148651123 69
1739980273280 0.4027777910232544 70
1739980277228 0.644444465637207 71
1739980281104 0.4833333492279053 72
1739980284990 0.4861111342906952 73
1739980289036 0.17777778208255768 74
1739980292972 0.43888890743255615 75
1739980296876 0.20000000298023224 76
1739980300782 0.5 77
1739980304704 0.7388889193534851 78
1739980308578 0.4000000059604645 79
1739980312490 0.37222224473953247 80
1739980316369 0.7388889193534851 81
1739980320239 0.7833333611488342 82
1739980324099 0.17777778208255768 83
1739980327974 0.31111112236976624 84
1739980331846 0.4444444477558136 85
1739980335710 0.7444444894790649 86
1739980339556 0.2944444417953491 87
1739980343471 0.5 88
1739980347456 0.2222222238779068 89
1739980351432 0.574999988079071 90
1739980355325 0.5555555820465088 91
1739980359230 0.20000000298023224 92
1739980363121 0.7222222685813904 93
1739980366996 0.47777777910232544 94
1739980370885 0.37222224473953247 95
1739980374816 0.27222222089767456 96
1739980378831 0.5722222328186035 97
1739980382708 0.10277777910232544 98
1739980386569 0.3638888895511627 99
