1739980000267 0.39444446563720703 0
1739980004164 0.3888888955116272 1
1739980008065 0.32500001788139343 2
1739980011953 0.19166667759418488 3
1739980015826 0.29722222685813904 4
1739980019679 0.699999988079071 5
1739980023533 0.2222222238779068 6
1739980027386 0.3333333432674408 7
1739980031254 0.6666666865348816 8
1739980035125 0.3861111104488373 9
1739980039011 0.5333333611488342 10
1739980042921 0.4000000059604645 11
1739980046778 0.4833333492279053 12
1739980050675 0.7277777791023254 13
1739980054579 0.6277778148651123 14
1739980058458 0.6166666746139526 15
1739980062332 0.40833333134651184 16
1739980066215 0.4333333373069763 17
1739980070105 0.6833333373069763 18
1739980073964 0.10000000149011612 19
1739980077835 0.5888888835906982 20
1739980081721 0.2888889014720917 21
1739980085617 0.48055556416511536 22
1739980089512 0.6388888955116272 23
1739980093426 0.45000001788139343 24
1739980097332 0.2527777850627899 25
1739980101241 0.5333333611488342 26
1739980105199 0.23888888955116272 27
1739980109251 0.6111111044883728 28
1739980113277 0.6000000238418579 29
1739980117368 0.23055556416511536 30
1739980121413 0.6111111044883728 31
1739980125457 0.32777777314186096 32
1739980129489 0.5472222566604614 33
1739980133466 0.31111112236976624 34
1739980137346 0.6166666746139526 35
1739980141204 0.38055557012557983 36
1739980145077 0.17499999701976776 37
1739980148939 0.7611111402511597 38
1739980152818 0.42777779698371887 39
1739980156677 0.43888890743255615 40
1739980160551 0.6777777671813965 41
1739980164421 0.7333333492279053 42
1739980168340 0.699999988079071 43
1739980172236 0.7722222208976746 44
1739980176090 0.32500001788139343 45
1739980179951 0.5361111164093018 46
1739980183832 0.3777777850627899 47
1739980187700 0.347222238779068 48
1739980191582 0.4833333492279053 49
1739980195444 0.5916666984558105 50
1739980199327 0.7611111402511597 51
1739980203177 0.4416666626930237 52
1739980206980 0.4305555522441864 53
1739980210792 0.5 54
1739980214596 0.6833333373069763 55
1739980218453 0.5027778148651123 56
1739980222328 0.4166666865348816 57
1739980226260 0.3611111342906952 58
1739980230248 0.4416666626930237 59
1739980234169 0.7611111402511597 60
1739980238061 0.37222224473953247 61
1739980241976 0.11388888955116272 62
1739980245851 0.5416666865348816 63
1739980249742 0.375 64
1739980253630 0.7083333730697632 65
1739980257496 0.4611111283302307 66
1739980261475 0.0 67
1739980265451 0.0 68
1739980269414 0.09166666865348816 69
1739980273280 0.2888889014720917 70
1739980277228 0.07777778059244156 71
1739980281104 0.26944446563720703 72
1739980284990 0.3055555522441864 73
1739980289036 0.550000011920929 74
1739980292972 0.2666666805744171 75
1739980296876 0.5138888955116272 76
1739980300782 0.2666666805744171 77
1739980304704 0.0 78
1739980308578 0.36944445967674255 79
1739980312490 0.3611111342906952 80
1739980316369 0.0 81
1739980320239 0.0 82
1739980324099 0.5555555820465088 83
1739980327974 0.39444446563720703 84
1739980331846 0.2611111104488373 85
1739980335710 0.0 86
1739980339556 0.42777779698371887 87
1739980343471 0.23333333432674408 88
1739980347456 0.49444445967674255 89
1739980351432 0.13333334028720856 90
1739980355325 0.15000000596046448 91
1739980359230 0.5222222208976746 92
1739980363121 0.011111111380159855 93
1739980366996 0.2611111104488373 94
1739980370885 0.37222224473953247 95
1739980374816 0.4333333373069763 96
1739980378831 0.18888889253139496 97
1739980382708 0.6083333492279053 98
1739980386569 0.35277777910232544 99
