1739992166740 0.6204672455787659 0
1739992169553 0.7438805103302002 1
1739992172333 0.8373133540153503 2
1739992175107 0.8880206346511841 3
1739992177899 0.9098775386810303 4
1739992180682 0.9123852252960205 5
1739992183460 0.9308870434761047 6
1739992186239 0.944091796875 7
1739992189016 0.9446523189544678 8
1739992191801 0.9546741247177124 9
1739992194599 0.9607441425323486 10
1739992197382 0.9597647786140442 11
1739992200163 0.9701747298240662 12
1739992202945 0.9649631977081299 13
1739992205727 0.9740272760391235 14
1739992208509 0.9713630676269531 15
1739992211290 0.9804636240005493 16
1739992214068 0.9806740880012512 17
1739992216847 0.9830694198608398 18
1739992219630 0.9815462231636047 19
1739992222402 0.984926700592041 20
1739992225176 0.9868344068527222 21
1739992227954 0.9849931001663208 22
1739992230741 0.9810743927955627 23
1739992233515 0.9855453372001648 24
1739992236294 0.9909276962280273 25
1739992239072 0.9878854155540466 26
1739992241844 0.9891179800033569 27
1739992244629 0.9924390316009521 28
1739992247416 0.9899997115135193 29
1739992250197 0.9893330335617065 30
1739992252973 0.9892366528511047 31
1739992255749 0.9936830997467041 32
1739992258520 0.9917833805084229 33
1739992261294 0.9954501390457153 34
1739992264068 0.9913341999053955 35
1739992266846 0.9919623136520386 36
1739992269625 0.9945456385612488 37
1739992272409 0.9925128221511841 38
1739992275185 0.9943798780441284 39
1739992277966 0.9944686889648438 40
1739992280742 0.9973481297492981 41
1739992283509 0.9959437847137451 42
1739992286284 0.9965446591377258 43
1739992289052 0.9950136542320251 44
1739992291827 0.991274356842041 45
1739992294604 0.9970293641090393 46
1739992297381 0.9945516586303711 47
1739992300144 0.9972401261329651 48
1739992302924 0.9982999563217163 49
1739992305695 0.996137261390686 50
1739992308470 0.9940370917320251 51
1739992311252 0.9943767189979553 52
1739992314027 0.9944246411323547 53
1739992316807 0.9976581931114197 54
1739992319585 0.9968186616897583 55
1739992322351 0.9956856966018677 56
1739992325131 0.9952638149261475 57
1739992327901 0.9971533417701721 58
1739992330679 0.9981155395507812 59
1739992333457 0.9981012940406799 60
1739992336242 0.9961957931518555 61
1739992339027 0.9968510270118713 62
1739992341807 0.998720645904541 63
1739992344594 0.9968857765197754 64
1739992347375 0.9962363243103027 65
1739992350153 0.9974858164787292 66
1739992352931 0.9969381093978882 67
1739992355710 0.9938424229621887 68
1739992358490 0.9960122108459473 69
1739992361264 0.9969315528869629 70
1739992364046 0.9959049820899963 71
1739992366820 0.9976030588150024 72
1739992369606 0.9966328144073486 73
1739992372379 0.9972521066665649 74
1739992375155 0.996769368648529 75
1739992377946 0.9976889491081238 76
1739992380725 0.9962500333786011 77
1739992383508 0.9954161643981934 78
1739992386296 0.9942722916603088 79
1739992389092 0.9979177117347717 80
1739992391868 0.998056173324585 81
1739992394644 0.9973604679107666 82
1739992397425 0.9952750205993652 83
1739992400204 0.9971071481704712 84
1739992402975 0.9977877140045166 85
1739992405753 0.9987075924873352 86
1739992408531 0.9960971474647522 87
1739992411309 0.9975333213806152 88
1739992414092 0.9982548356056213 89
1739992416871 0.998614490032196 90
1739992419642 0.9950462579727173 91
1739992422425 0.9962814450263977 92
1739992425211 0.9991324543952942 93
1739992427992 0.9962387084960938 94
1739992430772 0.9976695775985718 95
1739992433558 0.9969123601913452 96
1739992436335 0.9965545535087585 97
1739992439120 0.9973068237304688 98
1739992441900 0.9972782731056213 99
