1739992166740 0.524934709072113 0
1739992169553 0.7125977873802185 1
1739992172333 0.8164762258529663 2
1739992175107 0.8807637095451355 3
1739992177899 0.9021921753883362 4
1739992180682 0.9064627885818481 5
1739992183460 0.9282379150390625 6
1739992186239 0.941437840461731 7
1739992189016 0.9434226751327515 8
1739992191801 0.95404052734375 9
1739992194599 0.9598644971847534 10
1739992197382 0.9598549008369446 11
1739992200163 0.9707028865814209 12
1739992202945 0.965451717376709 13
1739992205727 0.972379207611084 14
1739992208509 0.9713684320449829 15
1739992211290 0.9795423150062561 16
1739992214068 0.9811173677444458 17
1739992216847 0.9817178845405579 18
1739992219630 0.9821768403053284 19
1739992222402 0.9843952655792236 20
1739992225176 0.9869728088378906 21
1739992227954 0.9852501153945923 22
1739992230741 0.9804348349571228 23
1739992233515 0.9842278957366943 24
1739992236294 0.9910476803779602 25
1739992239072 0.9870326519012451 26
1739992241844 0.9900751709938049 27
1739992244629 0.9919437766075134 28
1739992247416 0.9891011118888855 29
1739992250197 0.9889582991600037 30
1739992252973 0.9891514182090759 31
1739992255749 0.9931873083114624 32
1739992258520 0.9919329881668091 33
1739992261294 0.995741605758667 34
1739992264068 0.9914231300354004 35
1739992266846 0.9924454689025879 36
1739992269625 0.994629442691803 37
1739992272409 0.9928604364395142 38
1739992275185 0.9942448139190674 39
1739992277966 0.9954792857170105 40
1739992280742 0.9971823692321777 41
1739992283509 0.9957659244537354 42
1739992286284 0.9962918758392334 43
1739992289052 0.9951131343841553 44
1739992291827 0.991594672203064 45
1739992294604 0.9966016411781311 46
1739992297381 0.9946520328521729 47
1739992300144 0.9972131252288818 48
1739992302924 0.9981017112731934 49
1739992305695 0.9960136413574219 50
1739992308470 0.9940643310546875 51
1739992311252 0.9946042895317078 52
1739992314027 0.9947286248207092 53
1739992316807 0.9978410005569458 54
1739992319585 0.9968606233596802 55
1739992322351 0.996211588382721 56
1739992325131 0.994780421257019 57
1739992327901 0.997438371181488 58
1739992330679 0.9982616901397705 59
1739992333457 0.998275101184845 60
1739992336242 0.9963993430137634 61
1739992339027 0.9968031644821167 62
1739992341807 0.9985948801040649 63
1739992344594 0.9967897534370422 64
1739992347375 0.9955821633338928 65
1739992350153 0.9970412254333496 66
1739992352931 0.9967592358589172 67
1739992355710 0.9934288263320923 68
1739992358490 0.9956648945808411 69
1739992361264 0.9965097904205322 70
1739992364046 0.9958950877189636 71
1739992366820 0.9970818758010864 72
1739992369606 0.997020423412323 73
1739992372379 0.9973057508468628 74
1739992375155 0.9969527125358582 75
1739992377946 0.9977666735649109 76
1739992380725 0.9964410066604614 77
1739992383508 0.9962801337242126 78
1739992386296 0.9939701557159424 79
1739992389092 0.9983741641044617 80
1739992391868 0.997783899307251 81
1739992394644 0.9971932768821716 82
1739992397425 0.9956048130989075 83
1739992400204 0.9965450763702393 84
1739992402975 0.9977456331253052 85
1739992405753 0.998609721660614 86
1739992408531 0.9957350492477417 87
1739992411309 0.9979236125946045 88
1739992414092 0.9981388449668884 89
1739992416871 0.998686671257019 90
1739992419642 0.995319128036499 91
1739992422425 0.9955117702484131 92
1739992425211 0.9990761876106262 93
1739992427992 0.9964627027511597 94
1739992430772 0.9978277087211609 95
1739992433558 0.9966610670089722 96
1739992436335 0.9962113499641418 97
1739992439120 0.9973065257072449 98
1739992441900 0.9973127245903015 99
