1739985381669 0.3444444537162781 0
1739985385874 0.30000001192092896 1
1739985389807 0.5611111521720886 2
1739985393731 0.28333333134651184 3
1739985397677 0.43888890743255615 4
1739985401682 0.08055555820465088 5
1739985405598 0.5527777671813965 6
1739985409486 0.07222222536802292 7
1739985413413 0.03333333507180214 8
1739985417345 0.43611112236976624 9
1739985421198 0.1666666716337204 10
1739985425080 0.2666666805744171 11
1739985429094 0.49722224473953247 12
1739985433009 0.46666666865348816 13
1739985437024 0.3166666626930237 14
1739985440934 0.47777777910232544 15
1739985444869 0.29722222685813904 16
1739985448799 0.3222222328186035 17
1739985452725 0.3166666626930237 18
1739985456680 0.4750000238418579 19
1739985460624 0.4055555760860443 20
1739985464527 0.04444444552063942 21
1739985468456 0.06111111119389534 22
1739985472368 0.11944444477558136 23
1739985476333 0.39722222089767456 24
1739985480276 0.25 25
1739985484213 0.644444465637207 26
1739985488163 0.5916666984558105 27
1739985492120 0.5555555820465088 28
1739985496038 0.32777777314186096 29
1739985499946 0.699999988079071 30
1739985503884 0.7777777910232544 31
1739985507700 0.4166666865348816 32
1739985511504 0.45000001788139343 33
1739985515302 0.5944444537162781 34
1739985519110 0.4694444537162781 35
1739985522909 0.5611111521720886 36
1739985526711 0.7666667103767395 37
1739985530510 0.42500001192092896 38
1739985534319 0.7250000238418579 39
1739985538217 0.3583333492279053 40
1739985542128 0.42777779698371887 41
1739985546078 0.5888888835906982 42
1739985550023 0.47777777910232544 43
1739985553946 0.42777779698371887 44
1739985557940 0.35555556416511536 45
1739985561792 0.22777777910232544 46
1739985565602 0.6611111164093018 47
1739985569413 0.25555557012557983 48
1739985573213 0.46388891339302063 49
1739985577019 0.6111111044883728 50
1739985580821 0.12222222238779068 51
1739985584627 0.5055555701255798 52
1739985588450 0.3305555582046509 53
1739985592264 0.6638889312744141 54
1739985596077 0.6027777791023254 55
1739985599897 0.644444465637207 56
1739985603709 0.07777778059244156 57
1739985607527 0.550000011920929 58
1739985611344 0.7055555582046509 59
1739985615164 0.4333333373069763 60
1739985618973 0.2638888955116272 61
1739985622778 0.2944444417953491 62
1739985626592 0.18333333730697632 63
1739985630401 0.1527777761220932 64
1739985634217 0.24444444477558136 65
1739985638025 0.42777779698371887 66
1739985641838 0.10277777910232544 67
1739985645650 0.25555557012557983 68
1739985649460 0.5444444417953491 69
1739985653277 0.38333335518836975 70
1739985657092 0.09166666865348816 71
1739985660903 0.1666666716337204 72
1739985664722 0.6000000238418579 73
1739985668536 0.5055555701255798 74
1739985672343 0.30277779698371887 75
1739985676156 0.0 76
1739985679987 0.0 77
1739985683964 0.07500000298023224 78
1739985687925 0.5777778029441833 79
1739985691882 0.25833332538604736 80
1739985695745 0.3222222328186035 81
1739985699701 0.2527777850627899 82
1739985703656 0.4194444417953491 83
1739985707608 0.1388888955116272 84
1739985711509 0.20000000298023224 85
1739985715385 0.22777777910232544 86
1739985719302 0.31111112236976624 87
1739985723194 0.519444465637207 88
1739985727104 0.46666666865348816 89
1739985731003 0.36666667461395264 90
1739985735035 0.17777778208255768 91
1739985739155 0.3361111283302307 92
1739985743163 0.08888889104127884 93
1739985747300 0.1388888955116272 94
1739985751309 0.36666667461395264 95
1739985755311 0.23888888955116272 96
1739985759332 0.31388890743255615 97
1739985763167 0.2888889014720917 98
1739985766967 0.47777777910232544 99
