1739985381669 0.37222224473953247 0
1739985385874 0.38333335518836975 1
1739985389807 0.15833333134651184 2
1739985393731 0.4888888895511627 3
1739985397677 0.21944445371627808 4
1739985401682 0.6166666746139526 5
1739985405598 0.1944444477558136 6
1739985409486 0.6500000357627869 7
1739985413413 0.7277777791023254 8
1739985417345 0.25 9
1739985421198 0.6333333253860474 10
1739985425080 0.46666666865348816 11
1739985429094 0.1944444477558136 12
1739985433009 0.2944444417953491 13
1739985437024 0.3638888895511627 14
1739985440934 0.236111119389534 15
1739985444869 0.45277780294418335 16
1739985448799 0.4055555760860443 17
1739985452725 0.41111111640930176 18
1739985456680 0.24444444477558136 19
1739985460624 0.3611111342906952 20
1739985464527 0.7277777791023254 21
1739985468456 0.6472222208976746 22
1739985472368 0.5361111164093018 23
1739985476333 0.35555556416511536 24
1739985480276 0.46666666865348816 25
1739985484213 0.0555555559694767 26
1739985488163 0.11666666716337204 27
1739985492120 0.1111111119389534 28
1739985496038 0.4444444477558136 29
1739985499946 0.02777777798473835 30
1739985503884 0.0 31
1739985507700 0.26944446563720703 32
1739985511504 0.30000001192092896 33
1739985515302 0.15000000596046448 34
1739985519110 0.3166666626930237 35
1739985522909 0.16111111640930176 36
1739985526711 0.0 37
1739985530510 0.24166667461395264 38
1739985534319 0.013888888992369175 39
1739985538217 0.3444444537162781 40
1739985542128 0.2611111104488373 41
1739985546078 0.14722222089767456 42
1739985550023 0.24444444477558136 43
1739985553946 0.32500001788139343 44
1739985557940 0.3222222328186035 45
1739985561792 0.5 46
1739985565602 0.07777778059244156 47
1739985569413 0.4555555582046509 48
1739985573213 0.21111111342906952 49
1739985577019 0.08611111342906952 50
1739985580821 0.6277778148651123 51
1739985584627 0.20555555820465088 52
1739985588450 0.3333333432674408 53
1739985592264 0.07777778059244156 54
1739985596077 0.13055555522441864 55
1739985599897 0.10555555671453476 56
1739985603709 0.6527777910232544 57
1739985607527 0.20000000298023224 58
1739985611344 0.03888889029622078 59
1739985615164 0.31388890743255615 60
1739985618973 0.48055556416511536 61
1739985622778 0.4555555582046509 62
1739985626592 0.5222222208976746 63
1739985630401 0.5527777671813965 64
1739985634217 0.5027778148651123 65
1739985638025 0.2944444417953491 66
1739985641838 0.644444465637207 67
1739985645650 0.42500001192092896 68
1739985649460 0.20000000298023224 69
1739985653277 0.3222222328186035 70
1739985657092 0.5972222089767456 71
1739985660903 0.5638889074325562 72
1739985664722 0.10833333432674408 73
1739985668536 0.2611111104488373 74
1739985672343 0.36666667461395264 75
1739985676156 0.7583333253860474 76
1739985679987 0.7222222685813904 77
1739985683964 0.6611111164093018 78
1739985687925 0.15555556118488312 79
1739985691882 0.4833333492279053 80
1739985695745 0.42500001192092896 81
1739985699701 0.4138889014720917 82
1739985703656 0.2777777910232544 83
1739985707608 0.5833333730697632 84
1739985711509 0.5 85
1739985715385 0.4583333432674408 86
1739985719302 0.4611111283302307 87
1739985723194 0.16388888657093048 88
1739985727104 0.21944445371627808 89
1739985731003 0.3611111342906952 90
1739985735035 0.5611111521720886 91
1739985739155 0.4000000059604645 92
1739985743163 0.6305555701255798 93
1739985747300 0.5944444537162781 94
1739985751309 0.3638888895511627 95
1739985755311 0.47777777910232544 96
1739985759332 0.4166666865348816 97
1739985763167 0.4305555522441864 98
1739985766967 0.23888888955116272 99
