1739987197618 0.4141978621482849 0
1739987199189 0.5531391501426697 1
1739987200743 0.7078164219856262 2
1739987202302 0.7435421347618103 3
1739987203861 0.6947110891342163 4
1739987205432 0.41840633749961853 5
1739987206985 0.37144652009010315 6
1739987208536 0.22451846301555634 7
1739987210090 0.18618761003017426 8
1739987211635 0.41810354590415955 9
1739987213204 0.5225561857223511 10
1739987214758 0.6299746632575989 11
1739987216301 0.1376064568758011 12
1739987217864 0.6360141038894653 13
1739987219408 0.6772772669792175 14
1739987220948 0.4725886583328247 15
1739987222499 0.32081735134124756 16
1739987224047 0.070095494389534 17
1739987225595 0.6600842475891113 18
1739987227150 0.663237452507019 19
1739987228703 0.1907801479101181 20
1739987230247 0.018123075366020203 21
1739987231799 0.6676688194274902 22
1739987233364 0.10917317867279053 23
1739987234921 0.6220943927764893 24
1739987236484 0.0 25
1739987238047 0.5432156324386597 26
1739987239603 0.6651846766471863 27
1739987241160 0.03495630621910095 28
1739987242731 0.0758364200592041 29
1739987244282 0.32180342078208923 30
1739987245826 0.6695201992988586 31
1739987247359 0.6647852659225464 32
1739987248915 0.5056726336479187 33
1739987250469 0.07081655412912369 34
1739987252021 0.4123162031173706 35
1739987253574 0.2981344759464264 36
1739987255112 0.6598113775253296 37
1739987256663 0.020618556067347527 38
1739987258216 0.3146170675754547 39
1739987259761 0.664237380027771 40
1739987261310 0.24018295109272003 41
1739987262852 0.4829702377319336 42
1739987264397 0.0712575912475586 43
1739987265946 0.0 44
1739987267498 0.02702418901026249 45
1739987269055 0.3144216537475586 46
1739987270598 0.0018832391360774636 47
1739987272148 0.0 48
1739987273693 0.24327893555164337 49
1739987275251 0.6639882922172546 50
1739987276801 0.6657487154006958 51
1739987278346 0.6585407853126526 52
1739987279890 0.10241521149873734 53
1739987281436 0.0 54
1739987282978 0.001792114693671465 55
1739987284522 0.015247904695570469 56
1739987286063 0.5704123377799988 57
1739987287619 0.41631561517715454 58
1739987289171 0.6475351452827454 59
1739987290721 0.6704171299934387 60
1739987292269 0.6640918254852295 61
1739987293816 0.5300449728965759 62
1739987295370 0.5925616025924683 63
1739987296921 0.503259003162384 64
1739987298470 0.16997075080871582 65
1739987300011 0.20662911236286163 66
1739987301541 0.40336668491363525 67
1739987303094 0.1879788041114807 68
1739987304642 0.5570736527442932 69
1739987306195 0.6492409706115723 70
1739987307745 0.04403422400355339 71
1739987309277 0.0017094017239287496 72
1739987310839 0.585843026638031 73
1739987312385 0.38489362597465515 74
1739987313938 0.49214082956314087 75
1739987315496 0.6674048900604248 76
1739987317039 0.6639204025268555 77
1739987318585 0.2512592673301697 78
1739987320135 0.5576213002204895 79
1739987321688 0.2625381052494049 80
1739987323249 0.5934063196182251 81
1739987324800 0.6611406207084656 82
1739987326345 0.6608204245567322 83
1739987327899 0.1077120378613472 84
1739987329459 0.0 85
1739987331018 0.022901874035596848 86
1739987332576 0.0 87
1739987334117 0.35330286622047424 88
1739987335661 0.5215893387794495 89
1739987337219 0.05588751286268234 90
1739987338762 0.0 91
1739987340306 0.11935565620660782 92
1739987341848 0.6219179034233093 93
1739987343394 0.660356342792511 94
1739987344940 0.6547459363937378 95
1739987346490 0.22245976328849792 96
1739987348040 0.13196896016597748 97
1739987349583 0.11938166618347168 98
1739987351128 0.0 99
