1739987197618 0.4312174320220947 0
1739987199189 0.539909303188324 1
1739987200743 0.6421955227851868 2
1739987202302 0.7131498456001282 3
1739987203861 0.724692165851593 4
1739987205432 0.44563308358192444 5
1739987206985 0.3195321261882782 6
1739987208536 0.44766485691070557 7
1739987210090 0.47978025674819946 8
1739987211635 0.2550896108150482 9
1739987213204 0.21202009916305542 10
1739987214758 0.22091467678546906 11
1739987216301 0.6222792863845825 12
1739987217864 0.46170011162757874 13
1739987219408 0.3849123418331146 14
1739987220948 0.3369547426700592 15
1739987222499 0.32723236083984375 16
1739987224047 0.5827181339263916 17
1739987225595 0.034302759915590286 18
1739987227150 0.0 19
1739987228703 0.5321102142333984 20
1739987230247 0.6553531885147095 21
1739987231799 0.0 22
1739987233364 0.5572432279586792 23
1739987234921 0.06195409968495369 24
1739987236484 0.6629502773284912 25
1739987238047 0.15626242756843567 26
1739987239603 0.0 27
1739987241160 0.638998806476593 28
1739987242731 0.5937134027481079 29
1739987244282 0.417684942483902 30
1739987245826 0.010101010091602802 31
1739987247359 0.010366441681981087 32
1739987248915 0.15947242081165314 33
1739987250469 0.597170352935791 34
1739987252021 0.27760472893714905 35
1739987253574 0.39832693338394165 36
1739987255112 0.00913241971284151 37
1739987256663 0.6534121036529541 38
1739987258216 0.3803984224796295 39
1739987259761 0.0 40
1739987261310 0.47277429699897766 41
1739987262852 0.17361672222614288 42
1739987264397 0.5955217480659485 43
1739987265946 0.6674801707267761 44
1739987267498 0.6645267009735107 45
1739987269055 0.3780137300491333 46
1739987270598 0.6673405766487122 47
1739987272148 0.6629306674003601 48
1739987273693 0.45002302527427673 49
1739987275251 0.0 50
1739987276801 0.0 51
1739987278346 0.04368409141898155 52
1739987279890 0.6013708114624023 53
1739987281436 0.6651752591133118 54
1739987282978 0.6661845445632935 55
1739987284522 0.6600323915481567 56
1739987286063 0.11515789479017258 57
1739987287619 0.25715890526771545 58
1739987289171 0.043314337730407715 59
1739987290721 0.0 60
1739987292269 0.0 61
1739987293816 0.15636193752288818 62
1739987295370 0.11532371491193771 63
1739987296921 0.22441403567790985 64
1739987298470 0.5193039774894714 65
1739987300011 0.5854856967926025 66
1739987301541 0.3390572965145111 67
1739987303094 0.5959032773971558 68
1739987304642 0.23307101428508759 69
1739987306195 0.05185668170452118 70
1739987307745 0.6341640949249268 71
1739987309277 0.6609748005867004 72
1739987310839 0.13457055389881134 73
1739987312385 0.2998179495334625 74
1739987313938 0.23722638189792633 75
1739987315496 0.0 76
1739987317039 0.0 77
1739987318585 0.468280166387558 78
1739987320135 0.14355751872062683 79
1739987321688 0.49813100695610046 80
1739987323249 0.08236530423164368 81
1739987324800 0.0 82
1739987326345 0.001792114693671465 83
1739987327899 0.5939894318580627 84
1739987329459 0.6653463840484619 85
1739987331018 0.6626347899436951 86
1739987332576 0.6627398133277893 87
1739987334117 0.5234565138816833 88
1739987335661 0.3967948853969574 89
1739987337219 0.6488040089607239 90
1739987338762 0.6605366468429565 91
1739987340306 0.6432341933250427 92
1739987341848 0.15989547967910767 93
1739987343394 0.04504860192537308 94
1739987344940 0.04300520196557045 95
1739987346490 0.5329856276512146 96
1739987348040 0.6196707487106323 97
1739987349583 0.6336790919303894 98
1739987351128 0.66724693775177 99
